0
0
0
0
0
0
0
0
0
0
0
0
0
0
0
0
0
0
0
0
0
0
0
0
0
0
0
0
1
0
0
0
0
0
0
0
0
0
0
0
0
0
0
0
0
0
0
0
0
0
0
0
0
0
0
0
0
0
0
0
0
0
0
0
0
1
0
0
0
0
0
0
0
0
0
1
0
0
0
0
0
0
0
1
0
0
0
0
1
0
0
1
1
0
0
0
0
0
0
0
0
0
0
0
0
0
0
0
0
0
0
0
0
0
0
0
0
0
0
0
0
0
1
0
0
0
0
0
0
0
0
1
0
0
0
0
0
0
0
0
0
0
0
0
0
0
0
0
0
0
0
0
1
0
0
0
0
0
0
0
0
0
0
3
3
27
73
201
255
308
319
298
293
299
295
260
250
277
271
242
246
256
211
246
237
236
219
197
221
201
197
215
199
197
180
186
168
182
165
167
162
159
166
165
161
167
145
169
176
154
183
157
176
165
151
147
166
169
140
157
127
134
141
141
121
163
141
130
139
138
133
183
145
124
163
145
142
148
151
153
155
147
144
137
118
140
148
150
130
155
133
141
133
132
149
142
123
140
128
127
153
144
132
144
133
150
143
128
141
133
152
122
126
150
154
139
138
143
149
138
123
134
159
136
141
147
137
138
145
154
145
157
154
132
163
126
126
146
142
160
131
164
131
161
137
136
138
137
152
165
155
143
152
159
143
146
152
137
129
125
133
146
142
127
143
149
155
153
148
136
138
114
150
146
143
135
120
120
145
150
125
118
156
160
146
156
146
149
156
148
132
140
131
137
136
126
142
131
142
142
138
148
140
160
153
151
140
155
139
141
135
142
145
153
138
148
157
125
142
130
152
156
136
154
154
126
154
148
142
167
151
133
149
140
148
139
131
130
159
157
161
151
138
140
114
124
163
141
132
164
162
158
142
152
148
169
151
146
168
148
156
144
139
150
150
154
153
148
167
157
155
169
149
148
139
153
143
140
138
142
139
135
147
172
140
142
144
147
147
172
140
152
139
138
168
166
137
134
151
149
149
136
172
148
138
155
160
138
162
154
152
145
165
159
145
160
153
157
137
127
166
138
153
142
144
141
138
135
151
145
158
154
156
151
134
158
137
167
144
128
139
132
133
147
161
127
161
147
142
158
121
164
127
133
172
147
151
147
138
141
147
150
132
143
161
122
143
152
129
154
155
156
156
166
158
144
177
155
142
149
158
179
144
137
151
135
160
146
141
151
147
157
142
164
162
141
139
138
139
152
157
144
174
164
141
148
136
149
125
140
133
161
147
136
150
141
131
153
146
148
152
142
132
151
138
153
129
141
172
143
156
144
157
142
137
151
136
147
135
131
160
141
148
127
135
152
147
164
145
163
148
164
154
138
158
156
148
146
135
155
142
155
145
164
144
150
150
161
165
143
155
149
172
159
136
151
153
145
143
132
169
139
167
171
146
174
152
143
156
164
164
162
153
158
160
156
153
138
146
154
147
171
160
158
143
169
157
161
149
146
152
147
159
165
158
147
162
149
153
153
167
146
165
153
168
141
150
153
145
157
168
146
144
169
146
146
140
172
129
146
152
154
143
183
150
162
145
156
176
179
161
156
139
137
148
124
163
143
175
153
135
162
155
128
152
130
166
156
158
155
164
131
161
152
164
165
154
153
156
156
173
156
161
160
179
153
149
155
159
160
159
151
139
129
167
147
153
162
162
180
157
136
162
159
164
147
144
169
138
168
150
138
177
166
146
157
145
148
185
172
143
172
177
165
145
156
182
170
181
157
143
172
158
141
168
169
175
156
136
166
158
159
177
147
172
148
164
156
173
145
154
164
155
135
150
140
155
166
156
171
162
172
172
176
189
172
163
153
186
164
161
150
184
165
158
164
172
166
178
143
179
176
152
158
169
187
183
160
160
153
194
162
190
167
150
176
172
159
181
171
166
138
188
156
169
177
168
181
156
196
165
180
157
169
175
181
160
183
167
169
189
178
177
171
170
166
164
174
195
184
176
168
172
158
183
175
182
176
184
175
182
194
184
188
171
161
180
180
184
199
178
182
166
171
190
194
194
187
180
181
184
186
181
202
212
192
185
203
185
161
181
201
175
211
216
189
193
182
203
230
176
201
185
203
202
201
215
191
205
202
205
193
185
200
215
235
198
215
210
228
222
217
231
217
222
226
200
223
220
206
216
219
230
214
223
194
237
197
251
222
215
228
222
228
230
210
229
215
215
227
205
214
218
237
241
229
236
245
219
260
246
272
230
241
235
216
221
222
230
230
206
237
217
217
233
238
246
229
234
252
227
210
264
228
232
241
208
224
235
257
240
212
243
208
242
198
228
238
213
232
236
230
213
231
250
218
244
206
229
218
222
225
220
233
209
229
219
217
192
210
222
214
180
184
192
191
237
204
205
203
203
211
213
235
244
207
202
188
203
200
218
211
206
208
229
210
200
190
220
215
194
212
182
236
192
200
210
208
192
187
207
168
212
216
222
183
213
200
170
196
225
205
209
199
189
172
208
206
197
214
200
181
201
171
165
203
204
200
171
197
171
203
193
165
175
192
202
197
187
191
185
188
171
179
166
187
189
180
189
172
182
182
188
179
191
181
191
191
184
173
175
173
170
184
180
174
157
191
150
194
172
189
189
158
202
176
175
172
186
183
184
186
169
182
195
170
171
173
178
161
149
176
156
157
160
161
180
167
194
199
176
177
178
200
188
146
178
155
189
164
160
169
166
169
162
171
163
153
171
165
178
154
149
165
174
153
175
167
155
165
152
142
145
155
157
149
179
179
138
160
169
157
152
160
176
169
171
173
162
141
142
169
157
161
144
152
189
164
156
166
161
151
176
150
141
161
153
169
148
172
154
147
145
166
162
169
159
135
180
169
184
177
161
148
159
158
162
153
179
132
151
168
157
159
142
166
176
131
142
138
164
156
136
170
153
150
146
167
169
151
160
143
166
143
153
168
151
156
136
151
155
139
155
167
156
151
136
153
159
153
151
151
155
171
149
188
153
144
145
151
143
140
154
139
141
164
163
144
162
138
157
158
127
157
165
153
160
143
130
141
145
156
148
144
158
153
137
146
140
142
163
141
133
144
155
141
142
155
152
143
168
135
132
165
146
149
160
111
153
145
173
129
147
132
155
136
152
146
152
153
111
152
141
141
150
151
183
155
126
128
149
141
139
134
149
143
126
147
122
145
142
153
130
136
131
125
142
144
132
121
135
128
136
160
132
150
139
149
156
130
132
120
133
141
168
145
149
142
141
133
146
132
138
139
147
134
145
130
149
131
138
149
139
156
132
156
145
136
122
133
139
115
136
127
107
132
124
121
141
119
114
138
134
139
127
139
133
131
145
117
153
144
132
151
134
140
138
126
148
140
133
124
140
142
150
155
148
118
123
141
146
141
139
136
132
150
131
147
150
129
132
129
123
146
130
124
123
142
136
129
139
122
129
131
142
124
154
140
151
122
120
123
135
119
144
129
131
115
142
120
147
134
128
135
121
116
157
111
139
135
138
103
137
136
120
137
140
133
134
136
134
131
133
160
145
132
130
140
139
140
130
140
127
129
117
122
127
106
115
139
127
134
124
121
138
153
122
140
128
131
135
107
138
119
131
136
155
120
112
132
139
133
133
138
128
145
117
139
147
125
107
125
133
154
126
140
110
131
133
141
137
130
130
104
136
138
127
136
125
131
151
128
115
161
140
121
143
141
150
110
131
124
140
137
136
117
118
138
130
132
133
147
123
132
128
133
123
115
119
132
137
126
133
130
114
108
134
125
127
128
142
125
144
135
119
132
120
125
125
109
117
118
124
139
146
134
132
128
139
114
135
128
122
122
124
116
130
104
121
106
119
132
116
135
123
125
113
114
126
125
126
128
139
150
118
136
121
124
120
115
106
114
130
140
118
123
134
119
112
134
131
143
137
131
114
142
114
143
102
115
122
131
117
112
119
104
130
116
130
125
138
137
150
130
108
129
127
122
127
123
135
133
131
139
133
134
126
127
116
111
128
140
122
141
124
120
139
119
127
109
134
114
131
108
120
121
131
131
125
132
124
123
137
120
123
128
106
126
140
124
124
117
112
129
126
124
123
112
120
123
127
127
135
136
120
100
113
113
112
135
127
119
147
125
118
121
125
132
106
123
127
114
121
137
128
112
123
127
117
140
131
119
112
119
113
123
114
139
120
112
122
125
128
138
125
115
123
120
120
135
142
125
118
129
120
133
129
137
128
145
137
111
109
126
107
139
110
120
102
115
116
123
114
117
112
147
122
130
124
134
112
135
117
128
119
126
142
130
113
131
130
127
121
129
138
106
133
129
121
114
126
138
135
138
140
130
145
117
130
117
131
122
121
122
133
123
129
123
131
120
135
109
120
104
135
126
127
143
116
141
119
115
125
119
98
125
121
107
132
112
110
119
108
135
119
138
107
116
134
125
125
130
125
114
126
112
123
140
155
133
123
120
118
134
113
142
105
103
130
126
132
128
138
122
129
137
132
137
114
145
122
110
119
141
127
114
124
134
142
124
141
124
129
122
132
124
119
113
149
142
152
117
110
130
113
125
106
110
129
119
125
123
118
126
133
119
124
106
124
117
124
127
143
107
128
114
123
115
124
110
146
123
116
110
146
146
131
143
139
128
146
119
127
121
117
120
109
143
130
128
117
119
115
143
118
110
115
137
121
136
116
141
109
128
101
134
120
139
125
124
128
111
132
118
142
122
136
118
113
134
132
116
132
121
142
149
111
108
125
112
109
127
132
130
134
118
127
137
134
138
129
131
111
144
150
128
120
119
115
130
123
133
97
129
111
127
122
131
138
120
132
157
128
114
130
116
124
135
107
128
122
140
142
114
105
117
111
132
127
132
122
136
136
128
140
105
123
115
123
127
125
116
129
132
111
134
113
119
102
117
110
121
135
119
107
119
113
131
123
110
120
133
138
114
109
106
135
133
130
121
130
134
130
116
118
133
124
130
119
131
134
93
133
105
137
123
128
134
122
129
126
125
123
138
126
130
114
107
109
124
116
129
146
119
104
116
110
114
124
143
129
116
121
125
115
133
120
116
106
111
113
126
120
122
129
106
125
124
111
128
147
118
122
151
125
109
126
115
134
118
116
136
134
133
107
121
125
117
117
124
121
135
119
132
121
136
124
133
121
118
112
122
106
123
102
111
101
111
113
128
128
126
113
120
108
127
113
102
137
100
109
118
111
120
108
115
117
99
90
107
112
108
95
103
131
94
112
125
114
101
130
105
109
94
95
106
102
114
112
111
116
107
100
104
102
113
110
104
100
100
99
97
100
106
115
103
120
84
106
111
117
94
114
97
99
98
96
115
92
108
105
94
99
107
93
100
96
79
81
86
100
92
102
91
80
89
83
94
101
88
89
85
102
85
80
81
76
90
99
97
94
97
98
93
78
96
86
77
80
103
86
83
86
72
84
76
89
86
87
93
76
86
85
69
68
79
71
87
88
78
73
93
81
78
74
72
90
73
71
75
71
77
67
88
80
83
79
68
58
76
69
80
69
63
71
61
67
78
67
79
63
66
65
71
78
53
64
71
68
64
64
70
62
64
60
68
60
69
71
60
70
51
63
52
51
67
51
62
61
70
64
48
46
58
54
64
61
61
48
49
71
60
55
58
57
54
43
56
51
36
60
44
46
56
57
50
41
46
48
47
39
50
44
48
50
55
38
53
52
42
50
44
37
53
49
49
50
41
41
45
51
47
49
46
47
41
39
45
35
52
34
40
41
34
44
44
40
39
47
45
49
42
42
33
31
39
37
55
40
40
39
42
55
46
46
36
45
35
42
39
41
43
30
39
36
33
38
29
44
42
32
32
36
44
30
29
35
40
32
47
40
38
30
32
38
28
31
32
31
32
45
44
34
34
31
46
30
36
29
28
39
45
50
35
36
29
29
37
30
36
43
28
28
43
35
38
41
47
26
28
29
39
33
23
37
37
26
33
39
38
39
42
23
42
42
33
36
30
38
36
41
28
34
41
42
39
26
33
37
42
37
31
34
34
27
36
34
40
43
34
39
30
24
25
41
27
33
29
31
32
42
17
35
39
30
25
38
39
26
27
19
24
25
33
23
29
33
21
33
38
23
36
30
30
29
30
43
37
36
28
36
19
29
32
28
14
29
36
26
31
37
18
31
42
24
38
25
25
30
23
29
43
32
27
34
30
22
23
29
30
30
27
30
32
30
32
24
25
31
27
27
26
29
17
28
32
21
20
38
32
26
24
30
29
13
43
23
19
31
26
33
21
35
27
20
29
23
32
25
23
38
22
23
25
23
36
24
32
27
20
34
22
27
24
27
25
28
33
24
25
17
21
29
22
29
25
34
25
29
26
30
19
32
29
34
26
26
23
25
24
19
35
23
22
35
19
32
31
28
23
27
39
22
23
31
31
33
31
23
20
25
22
29
24
24
26
25
32
20
25
30
30
27
29
24
28
17
27
32
26
24
31
28
20
20
18
24
34
27
31
27
30
26
29
34
32
25
31
28
35
23
24
32
27
21
23
28
36
26
25
26
26
27
27
27
21
21
32
27
29
32
27
27
27
21
33
33
26
22
30
31
39
29
27
26
28
27
29
33
27
29
36
33
20
21
23
25
23
38
19
24
34
29
27
33
32
33
35
31
27
33
22
32
27
26
28
35
25
28
26
33
34
26
41
31
24
32
26
26
26
20
33
37
37
39
34
39
31
36
29
36
34
26
32
33
36
32
23
36
24
41
34
35
41
42
33
27
28
36
34
31
35
40
35
36
33
41
35
27
40
38
35
40
36
33
42
30
38
44
34
41
34
47
31
43
42
44
49
39
31
39
35
41
42
42
49
29
46
45
44
48
52
50
38
36
34
51
48
51
45
51
51
46
42
49
45
57
42
50
47
48
51
54
47
55
49
44
46
56
49
44
52
54
52
38
52
59
36
53
66
59
64
65
64
61
60
53
51
50
62
65
52
61
59
63
66
52
77
77
75
78
74
67
68
67
80
61
79
77
67
97
69
65
75
87
68
83
82
70
74
69
84
73
87
67
77
61
79
99
72
90
119
102
90
86
91
83
96
85
93
92
105
101
103
113
96
87
104
94
129
116
125
106
97
102
105
117
98
120
138
120
117
114
135
126
107
123
133
133
118
131
133
142
149
135
131
126
144
135
138
147
153
151
146
155
162
162
159
166
147
140
175
193
147
160
168
177
184
175
156
178
151
150
175
198
201
199
207
206
201
216
191
192
221
230
187
193
233
207
211
195
202
218
232
229
221
227
201
239
223
241
241
235
241
235
224
238
255
263
238
275
267
260
255
282
267
258
285
275
274
265
296
317
303
302
302
302
298
292
312
291
306
349
316
320
327
329
348
379
360
326
373
340
355
338
365
393
342
368
427
379
375
349
383
395
413
396
374
382
399
420
394
392
396
431
437
398
420
420
413
402
434
438
421
451
434
450
460
440
457
455
489
481
462
462
481
495
485
493
497
498
477
479
528
521
511
506
521
531
529
484
535
502
599
542
516
568
589
564
613
599
550
524
570
518
587
587
592
606
584
590
580
609
600
557
586
591
584
588
636
628
618
595
625
659
633
684
688
664
638
648
642
643
681
652
678
698
651
625
636
677
663
675
635
672
685
736
708
678
652
683
649
689
681
688
669
688
692
710
726
713
699
691
701
751
694
685
702
699
684
714
709
699
682
737
730
703
691
714
693
730
685
735
708
691
713
708
653
686
692
691
732
678
743
677
750
721
665
699
681
665
616
688
665
709
733
665
647
676
654
621
674
682
697
643
687
650
643
654
632
650
663
640
592
640
623
645
641
598
587
610
583
615
546
586
638
558
628
560
552
575
535
518
518
592
520
566
545
558
562
546
496
546
509
500
498
536
510
500
489
518
510
520
473
493
502
469
480
491
479
469
442
458
469
400
438
439
413
438
443
423
432
436
398
374
398
394
422
415
399
411
391
379
364
340
380
363
362
349
331
347
341
334
321
308
287
313
310
315
351
294
330
277
315
261
251
284
261
280
278
233
252
281
274
247
259
261
247
211
236
217
218
227
207
202
237
237
190
194
200
213
185
192
183
198
153
191
138
145
170
150
169
157
164
140
134
169
137
138
137
129
139
141
132
113
137
141
127
119
102
126
96
108
122
87
113
119
96
115
101
92
102
75
94
92
77
87
92
81
81
80
76
73
67
74
62
65
66
66
63
64
64
63
61
57
57
57
57
74
51
43
52
42
49
42
37
53
42
47
26
42
32
43
44
38
37
38
39
32
40
34
30
37
25
31
19
33
26
21
27
24
25
21
21
25
24
21
29
14
22
21
23
18
24
16
17
16
14
18
17
12
13
18
18
14
14
11
15
18
13
14
15
15
13
18
20
11
5
5
16
11
18
17
12
8
8
12
11
8
14
6
6
8
10
8
8
11
10
7
3
9
7
16
6
8
10
9
6
7
5
9
8
12
5
14
7
8
9
3
6
3
7
11
4
9
7
9
6
5
8
2
4
8
4
9
3
7
9
7
9
7
5
3
4
6
11
9
3
8
10
9
9
4
3
5
5
6
6
5
2
5
4
3
7
4
1
6
2
4
7
2
8
3
2
7
7
4
3
5
5
4
1
2
5
7
3
4
6
5
5
3
3
4
6
4
4
2
8
8
5
2
4
6
4
5
6
5
3
6
2
8
3
4
2
5
3
2
2
5
3
3
6
2
4
7
4
5
6
9
9
3
4
5
4
4
3
5
3
5
2
4
4
4
2
5
3
2
6
3
5
7
7
4
5
5
3
3
3
6
6
2
5
4
5
3
3
5
5
2
7
3
5
3
3
4
9
6
6
4
1
3
5
3
10
5
3
1
4
4
3
4
1
7
6
5
1
6
2
3
1
6
5
4
3
4
6
3
5
5
2
1
4
3
2
5
2
2
5
2
3
2
6
1
1
8
3
2
3
2
2
2
5
5
4
5
4
3
3
7
2
1
0
5
4
5
2
7
4
6
1
3
3
2
5
4
6
4
4
2
3
1
3
3
6
3
5
4
4
4
4
5
4
2
3
5
5
12
4
4
7
6
6
2
5
2
4
3
1
4
2
4
2
2
5
3
5
2
1
1
6
2
5
4
4
3
5
2
2
5
2
2
4
3
5
6
4
4
4
3
5
5
4
4
6
2
4
6
7
2
6
4
3
2
3
4
6
2
5
0
4
2
0
2
3
2
5
4
2
1
7
4
5
5
3
0
5
1
4
5
3
2
6
6
4
3
3
5
5
4
3
6
5
4
1
5
4
6
3
1
5
2
2
4
8
4
8
0
1
4
8
6
3
6
5
2
9
4
2
0
2
2
0
7
1
7
4
4
2
4
2
5
4
2
5
2
2
3
3
2
6
3
3
5
2
0
3
2
3
2
3
5
3
5
6
3
4
2
0
4
4
4
4
2
6
2
3
0
4
4
4
2
6
3
3
7
4
3
5
2
6
6
6
1
6
4
4
8
8
1
2
3
2
3
3
4
4
1
2
6
3
5
3
2
6
5
5
3
2
2
5
0
2
4
6
3
2
3
2
2
2
3
0
3
2
3
8
4
0
3
4
1
3
8
1
3
2
3
3
3
3
3
4
3
2
1
2
3
3
3
3
9
2
3
3
2
4
2
4
6
4
2
1
3
5
2
0
3
2
5
1
5
1
2
2
4
2
3
4
2
2
5
3
2
5
1
1
2
7
0
5
1
4
5
2
4
6
3
1
3
4
2
7
2
2
1
0
3
3
2
4
4
2
5
5
3
3
2
5
8
5
2
4
2
2
3
3
3
3
5
1
2
1
1
1
5
3
6
4
4
8
5
3
3
4
3
4
3
1
2
4
3
4
3
4
2
3
3
4
5
2
3
3
2
5
2
3
6
2
4
4
4
3
4
2
1
4
6
4
5
0
4
2
2
5
1
1
7
3
6
3
4
4
3
2
3
0
4
3
3
7
7
3
2
2
3
4
4
2
3
2
6
1
6
1
4
2
3
7
1
1
1
2
6
4
2
4
2
0
3
6
2
5
1
3
4
4
3
2
5
3
3
1
6
3
4
2
2
1
1
5
7
1
2
3
5
2
3
2
2
4
8
3
6
4
1
3
3
6
3
4
3
3
2
4
3
4
1
2
2
2
3
5
3
2
5
4
1
2
2
4
2
2
0
1
3
0
4
2
1
3
5
0
3
1
3
2
4
5
2
2
4
4
0
3
0
1
4
3
3
1
2
4
1
1
5
3
6
4
2
2
3
4
4
2
2
3
1
4
5
5
3
4
3
2
2
3
1
2
1
3
3
3
1
3
3
4
5
0
4
3
7
1
4
3
3
4
4
0
1
2
3
4
7
4
2
2
2
3
4
6
2
1
2
5
0
3
0
2
2
2
4
3
3
4
3
1
0
5
1
4
2
1
1
2
2
2
0
4
1
4
0
2
0
2
3
3
4
1
3
2
1
3
3
2
5
3
1
5
3
4
0
1
5
1
0
2
1
0
2
4
4
1
3
1
0
2
1
2
2
2
6
4
2
3
1
0
2
3
1
2
1
2
9
0
2
3
5
2
1
5
2
3
1
2
9
5
3
2
1
0
2
5
2
1
0
1
2
4
2
2
2
3
1
5
3
1
2
3
2
3
5
1
5
3
1
5
1
2
3
3
5
2
0
2
4
3
1
4
3
1
1
2
5
5
1
3
2
3
1
1
1
2
2
1
3
4
2
4
2
4
3
2
4
3
0
1
2
1
4
1
3
2
1
2
3
4
2
3
3
0
2
2
4
2
3
0
0
3
4
6
2
0
2
3
1
4
0
2
1
2
0
3
5
2
2
2
1
1
1
0
2
4
2
1
2
1
1
1
2
3
2
1
1
3
1
4
1
0
3
4
3
3
2
1
1
3
0
2
4
4
1
6
3
2
4
2
2
3
2
1
1
4
0
3
1
2
2
1
2
2
1
4
3
1
3
1
4
0
3
2
4
1
1
1
1
1
0
4
7
4
4
1
0
2
1
2
0
5
3
1
3
1
2
3
0
3
3
3
1
2
2
5
2
3
2
2
2
2
3
2
1
3
7
2
4
1
3
1
2
1
2
2
3
3
2
0
1
1
2
1
1
3
0
3
2
2
5
1
4
2
0
0
5
3
2
3
2
2
2
4
1
0
3
1
3
1
2
1
1
1
3
4
3
2
5
1
2
1
1
0
2
3
5
1
2
1
2
0
0
2
3
1
4
4
1
4
3
3
1
2
3
1
0
2
3
1
1
1
2
1
1
0
2
0
1
1
0
3
2
0
1
3
1
1
2
1
1
1
5
5
1
4
3
2
4
1
1
2
3
0
3
5
1
2
2
2
4
1
1
0
1
2
1
3
0
1
2
4
0
2
2
2
3
3
1
4
1
0
5
1
1
4
1
2
1
4
4
2
1
5
3
2
2
1
3
1
2
5
3
1
0
1
1
0
3
0
1
2
1
2
1
2
4
0
3
4
2
4
1
3
2
3
1
2
2
1
3
3
2
3
3
1
3
1
2
2
3
1
2
4
4
2
0
1
1
0
3
3
1
1
3
1
3
4
0
3
3
1
4
3
0
0
4
4
0
4
0
2
3
4
0
2
1
0
1
1
0
2
2
2
1
1
7
1
2
2
2
2
2
5
1
3
2
1
2
2
0
1
2
0
2
1
0
2
1
3
2
2
2
1
2
3
2
1
1
1
0
4
2
2
0
2
3
2
0
1
1
2
2
1
2
1
1
3
1
4
1
1
2
3
4
3
5
3
2
1
1
4
1
3
1
2
2
1
1
1
2
3
3
5
3
2
4
3
1
3
3
3
2
1
1
0
3
3
1
2
0
1
0
2
2
1
0
1
1
4
1
1
0
3
2
0
0
1
2
1
2
2
2
1
1
0
1
1
2
0
0
2
4
0
2
5
1
4
1
1
0
1
1
1
0
0
0
1
1
0
2
3
1
3
1
0
1
1
0
4
2
0
0
0
1
1
1
1
0
0
1
1
4
3
1
1
1
3
0
1
2
2
1
1
6
3
3
1
0
2
3
1
0
0
2
3
3
1
2
1
3
1
2
4
3
4
2
2
0
3
2
1
0
0
2
1
1
1
2
2
3
0
1
1
1
2
1
3
1
0
2
4
1
2
2
3
2
1
2
2
1
0
4
0
1
3
4
0
1
0
2
2
0
1
0
2
4
0
1
2
2
2
1
3
1
1
3
2
1
1
0
4
2
2
2
2
1
1
0
0
1
1
1
2
1
5
0
2
0
2
0
2
1
3
3
0
2
3
2
3
0
1
1
3
1
0
2
3
0
3
0
1
3
1
0
3
4
2
1
1
3
1
2
2
2
0
1
0
1
2
1
0
1
3
0
1
1
3
0
2
0
0
1
2
2
0
2
1
2
3
1
1
2
2
1
1
3
5
3
1
0
2
2
2
1
3
3
1
0
3
1
1
2
1
4
4
3
0
0
1
0
1
1
0
1
0
0
0
0
0
3
0
0
1
1
0
0
0
1
1
3
0
1
2
2
2
4
2
1
0
1
0
0
0
0
1
3
2
2
4
2
3
3
0
2
0
1
2
2
1
1
0
1
0
3
0
3
1
2
1
0
1
0
0
2
2
0
1
0
2
1
0
1
2
1
2
0
0
1
2
2
3
2
3
1
2
1
2
4
1
0
0
2
1
0
0
1
0
2
0
2
0
3
1
0
3
2
1
1
0
0
1
3
2
2
1
2
3
2
0
0
0
1
3
3
1
2
2
1
1
4
0
1
2
1
0
0
4
1
2
2
1
0
2
0
0
0
2
2
0
1
2
0
1
1
0
2
1
3
3
2
0
3
2
4
2
1
0
1
1
2
3
2
0
1
1
3
2
1
1
3
1
1
1
0
1
2
1
1
0
2
0
1
1
1
3
3
1
0
1
0
1
0
0
0
4
1
3
2
0
0
1
4
2
1
2
2
2
0
0
2
0
2
0
1
1
2
2
2
3
0
1
2
0
0
1
1
0
2
1
3
3
0
0
0
2
4
1
2
2
1
0
1
0
3
0
0
2
1
4
2
0
1
1
3
3
2
0
3
1
0
2
1
1
2
0
0
1
1
0
1
1
2
3
1
1
0
0
1
2
1
2
1
1
1
1
1
2
1
2
1
0
3
0
1
2
0
0
1
2
0
2
0
0
1
0
0
2
4
0
1
3
1
0
1
1
2
0
1
4
3
0
2
2
1
4
1
1
2
1
0
2
1
0
2
2
2
0
1
0
0
0
1
2
2
1
1
2
0
2
1
0
1
0
5
0
0
0
0
1
3
1
0
1
0
1
1
0
1
3
1
1
0
2
0
2
1
0
1
0
0
0
1
0
0
0
0
0
0
0
0
1
2
1
0
2
2
0
1
1
2
2
1
1
0
0
3
1
2
0
1
1
2
1
1
1
0
0
1
3
3
0
0
0
0
1
1
1
2
3
1
0
3
1
3
0
0
1
2
1
2
0
1
1
1
1
0
1
1
0
2
1
3
3
0
1
2
1
1
1
1
1
3
1
0
0
1
0
0
4
1
2
1
0
0
1
0
1
2
3
1
0
3
1
1
1
1
0
2
1
0
1
0
1
2
1
0
0
1
0
1
1
1
0
0
2
0
3
0
0
0
1
0
0
2
0
1
0
1
1
1
1
0
0
1
1
0
0
2
0
1
0
1
0
0
1
0
1
1
0
0
2
2
0
1
3
0
0
0
1
1
1
0
1
1
1
0
0
0
0
0
2
0
0
0
2
0
1
0
2
1
0
1
5
2
0
0
0
0
2
2
0
0
0
0
2
1
0
0
1
0
1
2
1
0
0
1
0
0
0
1
1
0
0
1
3
0
0
1
3
0
2
2
1
0
1
1
0
1
1
1
0
0
1
1
0
0
2
2
0
1
1
0
0
2
0
0
1
1
1
1
2
0
0
0
3
1
2
0
0
1
1
1
0
1
0
1
2
0
2
0
0
1
1
2
3
1
0
1
0
1
2
1
0
1
1
0
0
0
2
1
2
1
2
0
0
0
1
1
2
0
0
0
2
1
1
0
0
1
5
2
1
1
1
2
2
2
3
1
0
0
0
1
2
2
0
1
1
0
3
2
2
2
0
1
1
1
1
3
4
0
1
0
0
0
1
0
2
1
1
1
0
1
0
1
0
0
0
2
0
0
0
0
3
1
1
0
0
1
0
1
0
1
0
2
1
0
1
1
2
1
2
0
0
3
0
0
2
0
2
1
1
0
3
1
0
0
1
0
0
1
0
0
1
1
0
2
0
1
2
1
1
2
1
2
2
1
1
1
0
1
1
2
1
2
2
2
1
0
0
1
1
0
1
1
1
0
0
1
2
0
0
0
1
1
1
1
1
1
1
1
0
0
1
0
2
1
0
0
1
1
0
0
1
0
0
0
2
1
0
3
0
1
1
2
0
0
1
1
1
1
0
1
0
1
1
0
1
1
1
2
1
1
3
1
4
1
0
0
1
1
0
1
2
1
0
3
0
1
2
2
1
3
0
0
4
1
0
0
0
0
2
0
1
1
4
1
1
0
2
2
1
1
1
1
1
1
0
0
1
1
0
0
1
1
0
1
2
0
0
2
2
1
1
1
1
1
1
0
0
2
0
0
1
1
1
1
0
5
0
0
1
1
2
1
1
2
2
2
0
1
3
0
0
0
1
4
3
2
4
1
1
1
1
0
1
1
1
2
2
0
1
2
1
0
1
2
0
1
3
0
0
2
2
2
0
0
3
2
0
1
3
0
2
2
1
3
1
2
2
0
3
1
1
0
1
0
0
2
0
1
1
1
2
1
4
0
1
0
2
3
1
1
3
2
3
1
2
0
3
2
2
2
0
0
0
0
0
4
1
1
1
2
2
2
1
2
1
1
4
1
0
0
1
4
2
1
1
1
3
2
0
2
2
0
1
0
3
0
2
2
0
4
1
2
2
3
0
2
1
1
0
0
2
1
1
2
1
1
2
2
1
1
2
1
1
1
1
0
1
0
1
4
2
1
2
0
1
0
3
3
0
2
1
1
1
4
1
3
0
3
1
0
1
1
3
1
0
1
1
0
2
2
1
2
2
3
3
2
1
1
0
1
1
2
1
1
1
2
3
2
0
0
0
2
2
0
0
1
2
0
2
1
0
1
1
2
2
1
3
3
2
1
2
2
1
0
0
0
0
4
2
2
2
1
0
0
0
3
1
0
0
0
1
1
1
1
1
0
1
0
1
1
1
3
1
1
1
3
0
2
1
1
0
0
3
3
0
2
0
0
0
1
1
0
3
0
1
0
0
0
0
0
2
1
1
0
0
5
3
0
1
2
0
1
0
0
1
0
3
1
3
1
0
1
1
1
0
1
0
1
1
0
1
0
0
1
1
0
5
0
1
0
0
0
0
0
0
0
0
1
1
0
2
2
2
1
0
0
1
1
2
0
0
2
1
1
1
0
0
1
0
1
0
0
1
1
0
0
0
2
0
0
0
0
2
1
0
0
0
0
1
1
0
0
0
1
1
0
0
1
0
0
0
0
1
1
1
0
0
2
1
0
0
0
0
1
0
0
0
2
0
0
0
1
1
1
1
0
0
0
0
0
1
0
0
1
0
3
1
0
0
1
2
1
2
0
1
0
4
0
0
0
1
1
0
0
1
0
0
0
0
0
1
0
0
1
2
0
0
0
1
0
0
0
0
0
0
0
1
1
1
1
0
0
0
1
0
0
1
0
0
0
0
0
0
0
0
0
0
0
0
1
1
0
0
1
1
1
0
0
0
0
0
1
0
0
0
0
0
0
0
0
1
0
0
1
0
0
0
1
0
1
0
0
0
1
2
0
1
0
1
0
0
1
0
0
0
0
0
1
0
0
1
0
0
1
0
0
1
0
0
0
0
1
1
0
0
1
0
0
0
0
0
0
0
0
3
0
1
1
0
1
0
0
0
0
0
0
0
1
0
1
0
0
0
0
1
1
1
0
0
0
0
0
0
1
2
0
1
0
1
0
0
1
0
0
0
0
1
0
0
1
0
0
0
0
0
1
0
0
0
1
0
2
0
0
1
0
0
0
1
0
0
1
0
0
1
0
0
0
2
0
0
2
0
0
0
0
1
1
1
0
1
0
1
0
0
0
0
0
0
0
0
0
0
1
0
1
1
0
0
0
1
2
0
1
0
0
0
0
0
0
0
0
0
0
0
0
0
0
0
0
0
0
1
0
1
0
0
1
0
0
0
0
0
0
1
0
0
0
0
0
0
0
0
0
1
0
0
0
0
1
1
0
0
0
1
1
0
0
1
0
0
0
0
0
0
0
0
1
0
0
0
2
1
1
1
0
0
0
0
0
1
0
2
0
1
0
1
1
0
0
0
0
0
0
0
0
1
0
0
0
0
0
1
0
0
0
1
0
0
2
0
0
0
0
0
2
0
0
0
0
0
0
0
0
0
0
0
1
1
0
1
1
0
0
1
0
1
2
0
1
1
1
0
0
1
0
1
1
0
0
0
1
1
1
1
0
0
2
0
0
1
0
2
2
0
0
0
0
0
0
0
0
0
0
0
1
0
0
0
0
1
0
2
0
0
0
0
0
0
0
0
1
1
0
0
0
0
2
1
0
0
0
0
1
0
1
0
1
0
0
0
2
1
0
1
0
0
0
0
1
0
1
0
0
1
1
0
1
0
0
0
0
1
0
0
0
0
0
0
0
0
0
1
0
0
0
0
0
0
1
1
2
0
0
0
0
0
0
0
0
0
1
0
1
0
0
0
1
0
0
0
0
0
0
0
0
1
0
0
0
0
1
1
1
0
1
0
0
1
0
1
0
1
0
1
0
0
0
0
0
0
0
0
0
0
0
1
0
0
1
1
0
0
0
1
0
0
0
0
1
1
0
0
0
0
0
1
0
0
0
0
0
0
0
0
0
0
0
1
0
2
0
1
0
0
0
0
1
0
0
0
0
0
0
1
0
0
0
0
1
0
0
0
0
0
0
0
0
1
0
0
0
1
0
0
0
1
1
0
0
0
0
0
1
1
1
0
1
0
0
0
0
0
0
0
0
0
0
0
0
0
0
1
0
0
0
0
0
0
0
0
0
0
0
0
0
0
0
1
0
0
0
1
0
0
0
0
0
0
0
1
0
1
1
0
0
0
0
0
0
0
0
1
2
0
0
0
0
0
0
0
0
0
1
0
0
0
0
0
0
0
0
0
0
0
0
0
0
0
0
1
0
2
0
0
0
0
0
0
0
0
0
0
0
0
1
0
1
1
0
0
0
0
0
0
1
0
0
0
0
0
0
0
0
0
0
0
0
0
1
0
0
0
0
0
0
0
0
0
0
0
1
0
0
0
0
0
1
0
0
0
0
0
0
0
1
1
1
0
0
0
0
0
0
0
0
0
0
0
0
0
0
0
0
0
0
0
0
0
0
0
0
0
0
1
0
0
0
0
0
0
0
0
0
0
0
0
0
0
0
0
0
0
0
0
0
1
0
0
0
0
0
0
0
0
0
0
0
1
0
1
0
0
0
0
0
0
0
0
0
0
0
0
0
0
0
1
0
0
1
0
0
0
0
0
0
0
0
0
0
0
0
0
1
0
0
0
0
0
0
0
0
0
0
0
0
0
0
0
0
0
0
0
0
0
0
0
0
0
0
0
0
0
0
0
0
0
0
0
0
0
0
0
0
0
0
0
0
0
0
0
0
0
0
0
0
0
1
0
0
1
0
0
0
0
0
0
0
0
0
0
0
0
1
0
0
0
0
0
0
0
0
0
0
0
0
0
0
0
0
0
0
0
0
0
0
0
0
0
0
0
0
0
0
0
0
0
0
0
0
0
0
0
0
0
0
0
0
0
0
0
0
0
0
0
0
0
0
0
1
0
0
0
0
0
0
0
0
1
1
0
0
0
0
0
0
1
0
0
0
0
0
0
0
1
0
0
0
0
0
0
0
0
0
0
0
0
0
0
0
0
0
0
0
1
0
0
0
0
0
0
0
0
1
0
0
0
0
0
0
0
0
0
0
0
0
0
0
0
0
0
0
0
0
0
0
0
0
0
0
0
2
0
0
0
0
0
0
0
0
0
0
0
0
0
0
0
0
0
0
0
0
0
0
0
0
0
0
0
0
0
0
0
0
0
0
0
0
0
0
0
0
0
0
0
2
2
4
1
5
2
4
6
4
0
2
5
3
2
1
1
3
4
1
0
4
4
1
3
2
3
4
8
2
3
5
3
1
7
3
5
1
4
2
6
7
4
3
3
1
7
3
1
3
4
6
3
1
0
2
2
1
6
3
4
1
2
2
0
2
1
3
3
3
5
4
2
2
7
5
6
4
2
2
1
3
5
4
1
4
2
6
4
3
2
3
3
0
4
2
3
1
1
3
5
2
2
2
3
4
5
2
3
4
1
4
1
0
2
2
3
1
2
2
3
4
3
4
4
5
0
1
1
