0
0
0
0
0
0
1
0
0
0
0
0
0
0
0
0
0
0
0
0
0
0
0
0
0
0
0
0
0
0
0
0
0
0
0
0
0
0
0
0
0
0
0
0
0
0
0
0
0
0
0
0
0
0
0
1
0
0
0
0
0
0
0
0
0
0
0
0
0
0
0
0
0
0
0
0
0
0
0
0
0
0
0
0
0
0
0
0
0
0
0
0
0
0
0
0
0
0
0
0
0
0
0
0
0
0
0
0
0
0
0
0
0
0
0
0
0
0
0
0
0
0
0
0
0
0
0
0
0
0
0
0
0
0
0
0
0
0
0
0
0
0
0
0
0
0
0
0
0
0
0
0
1
0
0
1
0
0
0
0
0
0
0
0
1
4
27
51
96
120
115
119
95
126
101
99
111
104
93
103
102
112
113
110
106
128
105
109
112
110
107
94
119
128
120
113
96
117
113
125
111
123
108
136
130
119
104
107
112
119
109
119
124
117
123
125
129
93
120
139
117
111
134
106
126
102
123
128
123
119
139
126
125
118
134
118
141
130
119
114
103
126
125
135
126
124
119
139
117
153
126
151
136
144
127
122
125
128
151
99
114
136
114
133
119
131
148
129
159
137
161
139
146
129
155
127
151
137
135
145
129
116
128
160
149
147
119
146
132
146
129
150
140
141
146
131
142
133
155
125
150
113
143
129
143
137
130
134
149
132
149
139
143
141
123
147
125
155
128
143
137
155
166
130
146
146
144
139
168
150
130
150
149
153
131
128
137
134
153
165
172
168
162
139
143
158
158
153
170
136
145
127
132
147
141
151
143
162
132
129
166
137
161
149
129
138
136
153
125
143
143
152
129
142
144
142
120
140
147
152
122
147
154
131
145
130
136
168
156
151
154
138
127
159
147
144
168
144
171
136
165
140
138
143
142
174
160
147
162
138
124
145
142
128
143
141
145
152
145
133
139
143
147
150
157
136
145
131
124
164
143
134
155
163
142
136
135
171
146
142
160
140
143
125
147
143
141
163
137
157
153
146
139
140
154
150
143
142
146
136
138
135
150
161
131
144
149
154
125
149
162
132
120
160
139
141
145
114
122
143
134
125
136
129
138
139
141
136
134
161
132
134
134
141
150
146
155
141
137
120
124
131
140
150
129
132
138
138
125
141
127
147
133
150
118
153
131
143
122
117
142
141
138
130
142
111
133
130
114
127
138
120
133
109
126
124
143
108
133
135
134
137
147
125
120
136
125
124
117
162
101
110
138
129
126
130
133
139
119
118
137
140
111
118
110
133
116
147
138
107
128
153
115
128
130
128
110
121
120
125
130
116
132
107
124
135
126
113
118
122
112
100
119
139
124
109
125
122
115
111
113
113
110
104
104
128
140
97
121
116
134
92
135
134
116
117
123
112
128
111
106
111
92
111
109
113
128
105
113
140
113
101
105
108
116
109
115
102
97
99
114
107
127
102
116
113
104
125
112
92
103
114
106
110
108
120
100
128
114
101
118
112
109
112
100
106
103
100
102
109
93
116
115
94
95
104
106
102
102
98
92
105
83
97
102
102
112
93
79
101
105
105
114
113
98
106
109
101
106
112
84
96
100
95
109
108
96
112
88
95
82
92
92
101
85
90
100
88
112
110
103
97
108
93
104
87
92
112
96
121
96
86
100
75
88
92
95
109
91
68
95
99
83
80
93
98
106
75
91
93
78
71
95
86
92
73
87
97
88
89
75
104
91
96
98
73
81
95
94
89
96
77
92
98
100
74
88
84
79
84
79
80
86
72
84
96
78
84
71
73
85
70
81
85
82
94
78
73
79
81
91
93
77
83
94
86
81
90
94
84
96
81
70
74
88
61
77
88
85
70
66
73
71
66
92
83
68
84
72
81
81
86
79
100
66
68
74
73
85
96
90
77
55
80
90
88
68
80
70
80
85
79
79
78
71
70
92
80
62
70
82
67
73
70
67
79
68
65
71
77
90
65
83
77
83
75
69
63
85
79
75
64
86
69
62
74
71
65
75
77
76
55
77
67
65
63
70
71
68
58
72
69
65
74
61
76
61
73
55
93
73
73
79
60
65
60
77
53
65
72
67
64
64
65
74
71
50
79
63
66
72
63
69
80
66
67
71
64
58
67
64
56
63
77
66
55
61
66
54
66
64
67
52
52
68
71
65
56
64
52
69
69
51
47
57
67
52
82
55
57
70
76
71
49
56
53
62
50
49
53
49
50
60
54
69
56
55
61
60
64
55
73
57
60
61
58
65
52
50
73
65
55
61
49
48
60
55
49
72
60
62
62
59
56
58
72
58
40
51
60
59
51
62
66
65
64
47
45
54
61
68
55
53
49
56
72
56
51
56
49
56
58
51
48
48
61
48
55
50
54
53
57
43
53
63
59
51
42
50
55
51
58
54
57
62
45
55
49
60
53
64
61
36
44
41
50
61
62
55
48
61
47
43
64
47
47
43
52
51
45
46
58
56
49
51
49
65
51
57
78
67
54
50
52
44
35
51
45
48
64
47
53
41
46
51
49
51
46
42
46
46
47
35
41
38
53
56
40
56
54
58
57
52
45
45
50
47
49
54
38
46
46
52
46
44
56
45
41
49
53
46
46
44
44
52
40
44
48
56
51
35
37
51
64
41
47
47
40
39
45
55
45
51
46
31
41
46
48
49
43
46
54
48
37
49
55
44
50
44
46
46
45
41
47
42
41
36
32
27
43
32
43
45
45
33
52
51
50
31
45
42
55
43
35
46
40
50
48
48
52
37
41
61
31
36
39
43
36
40
52
39
48
43
40
43
32
41
35
35
53
44
47
50
46
44
39
28
44
42
46
57
39
46
50
42
43
48
38
32
48
45
34
55
38
41
43
37
28
27
46
44
32
34
39
45
40
34
38
40
47
38
39
32
28
43
48
35
48
32
53
36
38
34
31
35
37
43
33
31
45
37
41
36
37
37
27
39
30
37
30
33
28
33
39
38
48
33
37
38
40
30
40
26
34
36
37
36
36
42
27
33
36
33
51
48
36
44
38
34
38
42
39
35
39
50
28
49
44
47
35
28
30
40
33
45
35
30
39
37
33
35
30
26
42
40
34
35
49
33
34
37
33
39
28
32
43
39
26
27
35
26
36
28
50
39
23
35
30
34
37
46
42
29
42
35
33
36
38
36
30
36
35
37
35
34
30
22
35
19
31
42
42
35
28
29
30
40
24
39
35
36
30
30
42
37
39
28
33
33
36
45
32
29
29
31
35
32
39
37
30
32
21
31
34
32
30
35
31
25
28
35
29
30
45
37
30
34
31
37
23
29
25
39
20
34
36
31
29
29
47
36
34
31
32
26
29
16
42
27
33
29
24
38
37
37
38
32
31
22
24
32
29
32
42
33
36
28
35
30
30
28
28
25
38
38
32
38
23
28
27
28
30
25
29
24
30
37
20
27
38
29
37
35
17
23
33
27
21
32
26
35
24
38
35
29
37
31
32
22
25
32
31
34
27
38
24
26
40
23
26
33
27
22
27
30
28
26
32
32
32
43
26
31
17
25
32
29
25
32
29
25
31
33
22
24
19
30
26
32
31
18
41
25
24
23
29
26
35
29
20
30
22
21
27
35
27
27
32
22
34
28
33
28
23
30
25
26
29
19
31
35
31
21
28
34
32
16
22
30
24
27
34
26
22
24
20
28
24
25
25
22
24
22
26
25
28
31
31
19
17
16
36
29
28
27
33
27
24
27
24
32
32
25
16
24
21
26
19
22
31
21
27
31
15
19
24
31
25
18
18
31
39
26
22
33
24
31
37
23
30
31
27
23
21
29
26
27
20
27
19
27
29
16
17
31
29
28
24
20
19
19
18
26
37
18
22
26
24
22
26
27
23
26
22
27
19
35
29
26
28
28
24
28
33
29
27
25
26
19
24
33
21
23
28
23
23
19
21
26
24
19
22
29
21
24
16
35
16
25
22
18
33
23
27
28
31
19
24
28
30
26
30
21
22
18
20
21
24
26
26
22
20
35
21
24
27
32
22
22
10
11
27
28
21
18
18
27
20
26
30
21
25
26
23
20
14
20
26
20
24
28
17
17
20
27
27
26
21
19
25
27
36
15
26
32
19
37
20
23
19
17
19
28
18
21
26
23
28
20
18
16
23
27
27
24
26
14
15
22
23
29
22
18
30
23
29
22
21
17
21
23
20
24
29
23
19
29
16
20
15
33
23
23
22
25
20
18
23
27
25
26
18
26
31
16
16
22
22
22
24
19
21
28
20
25
19
18
31
24
13
26
25
26
23
24
29
15
18
19
20
22
25
17
17
26
23
17
26
21
26
30
24
17
21
25
21
25
17
33
26
21
23
24
26
19
28
22
27
30
22
16
30
23
24
19
16
24
17
17
20
21
21
30
21
20
20
24
7
29
24
21
30
24
25
27
20
19
24
32
17
15
13
14
16
16
31
18
18
20
20
19
23
25
23
14
18
13
18
11
18
17
21
18
17
16
32
16
16
19
23
27
20
22
26
19
18
33
24
12
19
14
21
16
24
14
17
21
16
17
28
22
17
12
28
12
18
21
13
16
23
20
19
23
21
33
29
31
17
19
27
26
15
24
18
21
29
18
13
17
19
25
25
19
21
19
23
17
19
17
21
16
19
19
21
21
16
13
23
13
28
27
28
15
15
25
15
19
14
24
19
23
14
31
21
16
18
24
13
15
22
16
20
32
14
15
22
20
20
22
19
20
12
20
23
23
24
18
17
15
25
24
16
17
26
25
16
17
19
17
22
23
25
20
16
15
17
12
22
19
11
27
20
27
19
16
26
21
18
27
20
21
18
14
20
14
19
18
16
34
14
17
20
13
19
18
22
22
19
19
15
22
20
20
26
21
14
19
17
16
13
16
25
20
21
18
15
23
28
24
18
23
18
15
25
24
19
23
21
22
21
11
21
12
20
12
21
21
18
19
14
15
22
16
13
16
17
20
21
22
16
12
17
16
15
15
14
19
23
16
26
19
19
19
14
28
12
19
14
14
21
21
21
11
15
10
19
13
16
12
25
20
16
15
22
21
17
14
21
20
25
15
19
15
20
16
23
15
24
17
17
14
19
14
16
21
20
14
20
18
11
25
19
15
15
11
18
31
12
11
18
18
17
12
24
15
10
22
22
16
17
13
16
10
21
18
20
18
21
13
19
27
15
17
19
19
15
15
17
20
20
19
15
21
18
13
26
14
18
18
20
15
13
19
18
10
27
11
15
11
25
21
19
8
23
21
24
15
12
19
16
13
11
13
11
19
18
19
14
14
16
12
18
19
24
22
15
11
24
15
20
17
22
17
16
20
16
20
17
20
13
17
12
23
21
18
14
21
12
25
22
13
21
19
21
22
30
20
19
16
19
13
21
9
13
23
23
18
19
21
16
19
23
20
17
21
18
22
13
16
17
11
15
16
19
18
20
21
16
17
21
15
19
17
17
15
20
14
20
16
17
13
20
16
15
22
16
14
13
14
15
16
15
20
19
21
19
19
17
11
9
21
11
21
12
13
15
22
20
19
20
24
16
18
16
21
17
19
13
20
20
21
16
14
15
14
18
19
16
15
14
15
20
16
12
24
16
18
16
14
14
19
18
16
18
18
18
19
14
16
22
15
24
17
17
13
19
22
23
19
12
14
11
24
16
22
14
14
12
27
19
16
16
15
16
19
10
23
15
15
18
17
16
14
9
19
13
20
9
15
14
20
15
19
23
17
10
21
21
21
16
16
11
19
14
16
22
12
20
15
15
19
21
28
18
16
14
24
11
11
19
15
16
13
18
17
15
13
27
25
22
21
22
15
19
16
13
17
26
16
19
21
18
17
15
11
17
16
13
14
16
25
21
18
11
16
16
15
12
17
13
9
21
18
21
22
18
14
17
7
15
11
16
16
18
24
17
10
14
16
19
21
18
14
15
21
15
11
16
22
18
18
9
20
20
17
16
18
17
13
12
14
19
18
16
14
12
21
20
20
12
14
23
13
12
16
12
15
16
23
23
15
26
12
14
11
21
23
18
16
18
11
18
10
14
12
19
16
20
23
25
10
22
20
24
13
21
13
20
15
20
14
16
15
15
10
15
15
20
12
15
17
13
14
22
18
15
14
15
15
16
10
23
18
26
22
14
9
26
13
19
19
10
17
23
14
24
18
19
15
13
14
17
16
18
12
8
16
8
15
16
15
11
22
15
11
22
17
13
17
10
15
11
14
18
11
15
16
13
12
12
21
13
16
13
11
14
16
9
14
13
9
20
10
25
14
18
20
18
21
21
13
13
19
18
8
19
16
18
17
19
13
17
13
9
19
16
20
11
11
12
21
17
8
12
14
13
13
16
17
16
14
8
16
10
17
19
11
11
14
23
19
14
9
13
15
12
13
18
11
18
8
11
16
14
10
12
15
16
22
15
14
25
17
14
14
10
16
13
15
19
18
17
16
12
14
10
13
8
13
14
15
12
8
14
14
15
12
13
9
9
19
10
12
20
10
7
10
18
14
15
14
9
14
18
4
20
16
18
20
22
15
16
13
20
13
19
9
12
10
14
14
17
16
13
17
17
15
10
22
10
15
17
20
17
16
11
10
12
15
12
10
20
20
15
12
15
18
9
13
19
18
18
19
18
15
10
14
12
18
13
16
12
16
15
10
11
15
21
15
15
12
19
12
18
15
12
12
23
14
21
16
17
14
14
18
15
15
9
12
12
18
11
13
10
12
22
11
21
16
16
16
6
12
19
10
12
14
19
13
18
17
16
16
14
10
14
13
18
17
18
18
15
16
7
16
14
21
15
16
20
9
12
10
15
15
11
12
11
12
9
22
12
7
13
21
13
19
20
22
10
24
11
17
10
15
16
18
15
18
16
16
17
17
17
20
14
15
15
11
16
17
12
12
16
11
15
13
13
18
14
13
14
23
14
14
12
15
13
15
15
18
13
13
7
21
20
15
16
8
8
16
15
15
18
13
14
8
12
13
18
19
22
19
4
14
10
15
9
8
14
19
17
14
10
18
16
15
11
12
9
13
15
15
17
26
16
11
5
17
15
15
12
9
19
19
12
14
8
14
15
12
13
18
17
17
21
15
7
18
17
8
10
14
13
12
13
16
16
10
14
9
17
18
16
18
5
8
21
14
15
12
17
27
10
10
18
15
14
11
14
14
8
15
13
16
14
11
9
13
14
8
13
19
14
11
19
24
17
13
15
11
10
15
11
19
16
16
15
14
14
7
13
17
12
9
14
17
18
17
16
12
13
8
14
15
20
12
9
17
7
23
10
17
9
13
13
17
15
9
10
11
22
18
11
19
13
17
10
13
14
14
8
18
14
13
19
8
10
15
15
19
16
14
18
15
19
11
15
14
7
13
23
18
17
15
14
13
11
18
14
14
15
12
15
8
14
17
13
14
16
15
16
11
17
9
17
12
9
11
17
12
20
16
16
10
10
14
11
13
10
9
10
17
11
10
12
12
11
13
20
18
15
10
15
18
17
13
12
10
16
12
19
15
13
13
12
13
20
17
18
13
18
23
13
15
18
8
8
12
12
11
11
8
6
12
8
8
11
15
14
11
8
11
11
11
16
13
12
16
13
11
17
12
12
15
11
14
8
15
17
11
11
21
7
4
8
15
17
10
10
11
14
15
20
13
19
14
9
18
11
12
19
8
11
12
17
12
8
14
12
11
21
10
14
13
11
12
18
16
14
17
10
14
18
22
9
12
15
11
16
13
18
17
14
13
14
11
13
9
10
11
8
12
15
15
17
11
17
11
16
8
12
14
12
15
13
11
8
13
14
14
15
16
14
17
10
16
14
16
15
11
10
14
11
11
12
10
12
13
13
12
7
12
9
9
9
15
10
14
13
14
13
14
16
12
18
12
12
11
11
12
10
8
8
14
13
10
11
19
8
12
15
8
12
6
15
11
6
21
13
10
12
11
14
15
9
7
8
11
13
11
12
14
10
12
18
12
12
11
10
20
16
12
10
14
11
6
14
10
8
19
12
13
9
10
14
12
11
8
13
13
14
14
16
11
12
17
6
11
12
11
10
10
10
17
10
11
11
7
15
18
13
20
12
16
17
13
11
18
23
11
12
18
13
15
14
13
13
13
8
16
9
13
21
11
23
9
15
12
11
9
9
12
5
10
10
14
12
11
14
4
7
13
11
10
16
10
15
11
13
5
11
7
9
14
9
8
18
15
7
11
9
19
20
13
6
14
11
16
11
16
13
12
6
14
11
18
11
4
17
11
14
4
10
14
12
14
15
6
18
13
13
8
12
14
11
17
11
15
8
8
17
12
9
12
10
9
14
7
10
17
15
14
12
16
11
12
13
11
17
14
12
7
8
17
8
13
16
12
14
16
11
15
17
13
14
12
15
16
7
11
14
11
12
16
17
15
11
9
12
12
4
13
18
14
15
12
16
12
9
9
20
9
17
9
8
14
16
16
11
6
10
17
12
8
10
15
13
10
5
9
10
16
13
13
19
17
12
11
14
11
9
14
6
6
8
6
21
9
11
16
16
11
11
16
6
12
4
9
10
14
13
8
14
9
8
8
5
10
13
9
11
15
11
12
14
13
17
9
6
10
11
10
10
13
13
13
10
17
9
10
9
10
14
14
11
8
10
11
10
9
9
14
12
13
10
10
8
8
20
10
13
14
6
11
8
16
16
11
13
7
13
9
12
9
13
7
9
10
14
10
9
8
11
26
8
8
9
17
10
9
10
8
11
16
7
9
15
11
7
10
7
18
8
11
17
10
12
10
9
9
10
6
8
15
3
7
9
10
11
7
8
12
8
8
7
14
11
13
9
8
10
7
19
14
12
11
7
14
5
14
16
15
9
14
8
12
13
12
7
13
13
12
10
9
8
13
12
9
13
16
13
14
7
10
5
11
13
9
10
10
10
6
16
14
10
17
9
9
13
12
15
3
12
11
15
12
14
6
15
11
12
5
13
12
10
10
9
14
10
13
8
15
11
6
7
20
17
11
16
7
5
14
15
9
9
12
9
14
9
9
11
12
10
13
16
10
12
9
14
7
14
12
3
6
14
13
7
13
10
3
8
14
13
6
9
7
8
14
10
11
12
14
10
9
7
8
11
10
17
8
19
9
10
4
13
3
16
11
16
8
8
13
15
6
7
8
7
5
8
10
8
11
3
14
12
13
18
10
9
14
4
20
10
9
4
9
13
11
8
9
10
12
13
6
17
2
13
9
8
7
7
15
12
11
7
12
10
10
14
10
11
8
9
14
12
10
9
9
8
11
11
15
13
16
6
5
10
9
8
15
7
15
13
9
8
12
12
10
12
12
9
10
13
12
17
10
8
9
12
10
10
13
11
10
13
7
12
15
8
14
9
9
7
7
14
16
11
6
10
13
6
12
7
7
10
8
10
11
11
7
7
6
8
9
3
6
14
11
10
13
14
11
8
11
12
12
9
10
8
11
12
10
9
15
8
6
11
7
12
10
11
11
13
15
11
5
13
6
12
10
9
12
5
10
10
11
7
12
8
7
11
7
2
12
16
12
8
9
6
8
13
14
11
8
20
13
8
11
7
8
10
10
6
16
12
5
10
8
17
6
11
9
8
15
11
11
8
13
12
8
9
7
11
11
9
10
11
6
10
12
12
10
10
12
10
8
8
4
12
12
11
7
10
10
10
8
12
12
8
8
13
12
9
12
12
8
7
12
18
13
6
13
13
9
12
11
11
8
10
13
12
13
11
5
5
4
9
8
14
11
17
8
10
4
8
4
12
10
6
12
8
6
8
6
8
9
9
9
5
12
11
6
7
8
5
10
10
7
15
8
9
14
8
8
11
9
11
13
9
7
14
8
9
9
17
4
8
10
7
11
3
10
13
15
17
11
11
5
10
9
10
5
6
5
9
9
9
10
8
8
7
9
7
2
9
8
9
17
6
6
10
8
13
8
10
7
18
6
6
7
6
8
13
11
5
11
9
10
9
7
8
7
10
12
11
11
6
6
14
9
9
12
7
7
6
12
14
9
12
9
10
7
9
12
7
9
5
6
13
9
8
8
7
15
10
8
10
12
8
12
5
12
9
8
13
9
8
9
3
7
9
8
14
6
9
9
9
7
9
13
8
9
8
9
10
11
2
11
10
8
6
5
7
8
5
6
12
9
5
7
7
8
5
8
6
4
8
7
7
7
7
7
12
10
7
8
12
13
7
14
10
5
5
10
6
8
5
7
6
12
6
7
5
13
10
15
7
9
14
8
4
7
6
7
11
9
8
5
3
7
13
15
9
6
5
11
7
7
9
7
5
8
6
6
9
7
5
8
5
12
11
14
6
12
10
7
6
7
3
8
7
7
9
8
6
6
6
7
16
11
12
9
11
9
7
8
12
3
8
6
7
3
7
8
6
13
6
10
3
12
9
8
12
10
7
12
8
5
8
5
10
8
2
6
9
10
13
7
11
9
6
6
6
7
11
8
14
11
10
8
8
11
7
7
8
8
7
11
13
3
6
11
8
7
12
4
7
8
11
8
9
6
10
4
10
11
8
9
5
9
15
6
9
7
5
12
5
7
12
6
5
9
7
12
5
8
10
8
11
13
10
7
7
5
16
10
5
9
6
5
9
12
7
7
6
12
10
5
8
7
3
11
5
6
8
6
10
12
8
9
4
5
6
15
7
6
8
7
8
8
12
8
8
3
9
4
7
7
7
6
8
9
10
8
4
6
5
4
11
13
9
10
11
5
9
11
12
8
9
6
6
7
8
8
4
6
5
5
7
5
4
6
9
6
5
6
6
7
5
3
8
6
3
8
10
4
8
6
7
7
6
9
10
8
7
10
10
4
8
5
8
9
11
9
13
7
5
13
9
9
5
11
8
8
3
12
2
9
8
5
8
6
8
9
6
10
4
4
5
5
6
7
5
8
6
8
6
8
7
5
10
8
8
5
9
5
8
8
5
8
13
5
9
3
6
8
7
10
9
8
9
9
6
2
6
8
12
8
5
13
10
10
11
6
6
8
5
10
4
12
12
5
10
7
8
7
8
11
7
6
5
10
6
5
9
10
9
12
7
9
14
3
10
7
5
12
11
5
11
9
8
7
10
8
10
13
4
3
8
5
10
8
7
7
11
4
9
9
3
8
12
6
7
7
7
5
7
14
9
7
7
5
5
6
5
9
8
9
7
3
7
6
7
7
6
7
11
6
11
5
4
5
11
8
7
9
11
4
6
7
4
14
7
6
7
10
7
6
4
12
1
5
5
7
10
8
5
5
7
2
11
12
9
1
5
3
6
10
8
6
8
6
8
11
6
13
10
6
8
4
3
3
5
6
6
3
6
5
9
8
9
7
9
7
5
11
4
13
2
6
3
6
8
8
6
7
3
7
4
7
7
9
7
6
9
6
9
5
8
10
9
9
6
5
5
6
9
3
7
4
6
12
3
13
10
11
8
5
4
9
6
6
8
10
6
9
4
6
10
10
10
7
8
8
8
2
4
5
7
3
4
10
6
9
8
6
7
7
9
6
5
4
5
5
6
7
7
14
4
8
3
5
6
9
6
7
4
8
2
4
5
8
9
2
3
8
6
8
4
9
7
5
3
7
5
6
7
5
8
5
7
7
2
5
7
8
1
3
4
6
7
9
3
5
9
9
7
8
7
5
9
4
2
9
13
11
8
3
7
8
11
4
7
7
2
9
6
8
5
4
2
7
5
7
8
7
4
8
6
11
7
6
8
5
11
6
4
6
8
2
9
7
5
10
8
9
9
9
7
4
8
3
6
3
3
12
5
6
5
7
6
11
11
1
3
11
6
5
10
6
3
7
2
4
7
8
9
4
4
5
9
6
10
5
2
6
12
7
5
5
5
4
7
7
8
3
6
5
4
4
5
4
8
7
7
5
5
7
4
8
6
9
1
5
8
8
11
4
2
6
1
0
4
6
7
12
1
3
1
8
12
8
5
7
5
3
6
6
3
6
6
8
5
5
2
3
9
6
6
5
3
7
4
5
3
8
3
5
3
6
3
3
4
4
5
3
1
4
3
8
7
7
6
8
4
5
5
6
4
5
7
8
4
6
4
6
4
4
8
3
3
5
7
7
4
2
5
7
4
9
8
4
11
6
2
3
9
5
4
3
5
5
7
1
6
5
7
10
3
3
5
4
2
3
8
9
4
3
4
6
5
5
8
3
7
4
4
6
10
8
8
5
6
2
3
6
4
6
8
4
3
5
6
3
6
5
5
5
6
5
7
4
3
4
4
4
2
7
4
9
4
5
4
5
2
8
3
5
6
2
9
5
4
6
8
4
3
5
5
3
2
5
7
7
7
5
2
4
2
3
6
6
8
5
4
6
6
8
5
4
3
5
4
4
8
4
3
5
1
3
1
13
8
3
5
4
5
4
7
6
4
5
3
10
10
6
6
3
4
6
0
1
4
3
7
7
11
8
2
2
2
7
2
6
7
2
4
2
7
4
3
5
5
2
7
5
1
4
11
4
7
1
5
3
7
4
3
1
3
4
5
4
5
2
5
8
7
10
3
6
2
3
8
6
7
5
7
6
7
2
2
3
3
4
4
5
9
5
3
3
9
1
6
4
4
2
5
7
3
6
3
4
5
4
3
6
9
1
6
3
2
8
7
8
9
9
8
7
6
1
5
5
4
2
2
4
9
4
9
2
5
4
4
1
8
5
2
4
1
4
8
3
3
4
1
2
5
5
5
6
5
3
3
1
4
1
6
4
4
4
7
1
4
3
7
11
1
6
4
5
6
5
7
4
2
3
4
3
5
2
5
3
4
4
8
5
5
12
3
4
4
2
3
1
4
8
7
7
4
3
6
9
5
4
5
4
5
3
1
3
3
5
4
3
2
5
9
5
5
3
2
2
5
3
8
6
8
4
5
5
4
4
5
5
4
6
2
6
4
2
2
5
2
2
2
6
7
3
9
5
3
2
4
5
5
7
7
3
3
10
6
4
0
3
2
2
6
4
2
3
6
3
2
4
8
4
1
5
5
1
3
5
6
4
5
5
2
4
3
6
8
2
6
2
3
5
3
4
5
3
4
2
7
3
5
3
3
2
5
3
3
2
6
1
5
2
5
4
3
5
6
5
5
2
4
4
5
4
3
4
4
3
5
1
7
2
3
5
3
2
4
6
4
6
5
7
3
0
3
4
4
5
4
3
1
4
4
5
3
5
2
2
5
1
4
5
1
4
6
5
5
5
3
6
4
3
1
7
6
6
4
4
4
3
3
2
3
2
5
1
0
3
3
6
4
4
4
4
4
4
2
2
4
4
7
2
3
7
4
7
3
4
4
1
4
4
4
0
4
4
5
4
2
4
4
1
4
1
3
3
3
2
3
4
0
4
7
9
5
1
3
3
2
3
1
4
0
3
1
7
3
5
2
8
2
3
2
2
3
2
5
3
7
6
5
3
3
5
3
0
5
4
2
1
0
3
2
3
6
4
4
4
2
5
4
4
4
5
2
5
2
3
2
2
1
2
4
3
3
2
2
2
3
4
4
3
0
2
1
4
2
1
1
2
3
1
1
5
4
4
3
5
2
0
3
4
2
4
3
1
5
7
4
2
1
3
1
3
3
3
2
7
5
6
1
0
5
1
1
5
4
2
3
2
2
0
4
1
3
5
1
6
2
1
6
3
7
4
1
1
1
5
3
0
4
0
5
3
3
4
0
2
8
4
4
0
1
3
2
5
2
3
3
3
5
3
2
2
2
5
1
2
2
4
1
2
6
4
1
3
1
2
2
3
7
2
2
5
5
2
3
6
1
6
6
1
7
6
6
4
3
1
3
5
4
6
5
3
4
2
2
4
4
2
2
5
5
1
2
1
5
2
3
0
5
2
1
2
2
2
3
1
0
2
5
2
4
1
2
1
3
3
4
4
5
3
5
2
1
4
6
3
2
3
3
2
5
3
2
3
1
0
2
2
4
4
2
5
2
4
2
3
3
5
3
1
2
7
3
2
3
1
3
5
6
3
3
3
0
2
2
2
8
2
2
2
2
3
3
1
6
0
4
1
4
4
0
3
2
4
0
1
3
3
1
4
1
4
4
2
3
3
3
2
2
3
4
0
4
5
1
4
1
2
2
1
4
3
1
1
1
0
2
1
7
2
2
1
0
4
1
3
4
1
1
0
3
3
0
2
1
5
4
1
3
2
2
3
3
0
1
2
1
3
1
3
3
1
0
1
1
2
4
5
1
4
1
1
2
2
2
2
3
1
2
1
3
0
3
2
0
5
5
5
0
2
3
2
4
2
0
2
3
4
0
4
2
3
2
3
2
1
4
1
1
2
0
4
3
4
1
2
3
0
3
6
4
1
1
2
0
4
2
5
1
1
4
1
3
1
4
4
1
1
1
3
2
3
5
2
2
0
2
1
2
2
1
2
0
2
0
3
3
0
3
0
1
0
1
1
3
3
1
3
0
2
2
2
1
2
3
0
1
4
3
3
1
1
3
5
1
2
1
1
2
3
2
3
0
4
2
3
5
0
2
1
2
5
1
4
2
1
2
2
2
2
4
2
1
1
0
1
1
3
3
3
1
1
1
1
3
1
4
5
2
0
2
1
1
2
1
2
0
0
2
2
2
3
1
0
0
1
1
0
0
1
3
2
4
3
2
1
1
6
0
1
1
3
3
1
1
2
3
1
4
1
2
3
2
1
0
2
3
5
2
2
3
0
0
2
2
0
2
2
1
2
1
0
2
0
2
0
2
1
1
0
2
0
6
4
3
2
1
1
2
2
0
1
3
2
1
2
0
0
1
3
0
0
3
2
2
2
4
2
3
5
0
4
0
0
1
1
0
1
4
2
2
4
0
3
3
1
4
2
3
1
2
3
3
1
3
0
0
0
2
2
0
0
1
1
2
0
1
1
2
2
1
2
2
2
0
2
2
2
1
2
3
2
2
3
0
3
0
2
3
1
0
1
1
2
1
0
0
0
1
0
1
0
0
3
1
1
0
1
0
3
0
1
0
2
2
2
1
0
0
0
1
0
0
1
0
1
0
2
1
0
2
4
1
2
1
0
1
0
1
1
1
2
3
1
0
1
0
1
0
0
1
4
2
1
1
4
2
2
2
1
0
2
1
1
2
1
1
2
1
0
1
3
0
0
2
1
2
1
1
0
3
0
1
1
1
1
2
0
0
0
1
0
1
1
1
0
1
0
4
2
0
2
2
2
2
1
1
3
2
1
1
1
3
1
3
0
1
1
2
1
2
1
0
3
2
1
1
3
1
0
2
1
3
0
0
0
0
1
1
1
2
2
3
0
2
2
5
1
0
2
1
2
0
0
2
0
2
2
2
0
0
2
3
0
0
1
1
0
2
0
0
1
1
0
3
0
1
3
2
4
1
2
1
1
1
1
0
2
0
2
1
4
1
0
2
1
2
0
2
1
1
0
1
2
1
1
0
1
2
3
0
2
2
0
0
2
0
1
3
0
0
2
1
0
2
0
1
5
1
1
0
3
2
0
1
1
1
1
0
1
0
1
1
1
3
4
0
1
1
1
1
1
1
0
0
0
1
0
0
1
0
1
0
0
0
1
1
0
1
1
0
1
0
0
0
1
0
3
1
0
2
0
0
1
2
3
2
2
0
2
3
0
1
2
1
2
2
2
0
2
0
1
1
1
0
0
0
2
0
0
1
1
0
0
0
0
0
0
1
0
3
0
1
1
1
0
1
0
0
0
0
1
0
0
0
0
0
0
0
1
2
0
2
0
0
1
0
2
1
0
2
1
0
1
1
1
0
0
1
3
0
0
1
0
0
1
3
1
2
4
1
0
0
1
0
2
1
1
0
1
1
0
0
0
0
1
0
1
0
0
1
0
1
1
0
0
3
2
1
0
0
0
0
1
0
0
1
2
0
0
1
0
1
2
2
0
2
0
0
1
0
0
0
0
1
2
0
0
1
0
0
0
1
1
1
0
0
0
2
3
1
1
4
0
0
1
0
0
1
0
0
0
2
1
1
1
0
0
0
2
0
1
0
2
0
1
0
2
0
0
0
1
1
0
0
0
0
0
3
0
1
2
3
1
0
0
0
0
0
1
2
0
1
1
0
0
0
1
1
0
0
3
0
1
0
1
3
3
2
0
0
1
0
0
0
1
1
0
0
1
0
0
1
1
1
1
0
0
1
1
2
0
1
1
1
0
2
2
1
1
2
0
0
1
0
0
2
1
0
3
2
1
0
0
0
0
2
0
1
0
0
1
0
1
0
2
0
0
1
1
0
0
0
1
1
1
1
0
2
1
2
0
0
2
1
2
2
0
0
0
1
2
1
0
1
0
0
0
0
0
0
1
2
0
3
3
0
0
1
2
1
0
1
2
1
0
1
1
0
0
1
0
0
0
1
0
0
0
0
0
0
2
0
0
0
1
0
2
0
0
1
2
1
1
0
1
0
0
0
0
2
1
1
0
1
2
3
1
0
0
1
0
1
0
0
0
4
0
0
1
3
0
0
0
0
3
0
3
2
0
0
0
0
0
1
2
2
1
0
0
0
0
0
1
0
0
1
1
0
2
0
0
0
0
1
0
1
0
0
0
0
1
0
1
2
1
1
0
0
2
1
0
0
0
0
1
1
0
1
0
0
0
2
0
0
1
0
1
0
1
1
3
0
1
0
0
1
0
2
0
0
2
0
1
1
0
0
1
2
0
1
0
0
1
3
0
0
0
0
1
0
1
0
0
0
1
0
0
2
2
1
0
0
1
0
0
1
1
0
0
1
0
1
0
0
0
0
1
0
0
0
0
0
0
1
1
0
0
1
0
2
0
1
0
0
1
0
1
0
1
1
1
1
0
1
2
0
0
0
0
0
0
0
0
0
0
1
0
0
0
0
0
1
1
0
1
0
1
2
0
1
0
0
1
1
1
0
0
0
0
1
0
0
0
0
0
0
0
0
1
0
0
0
1
2
0
0
0
0
0
0
0
1
0
0
0
1
0
0
0
1
0
0
0
0
0
0
0
0
0
0
1
0
0
0
1
0
1
1
0
0
0
0
0
0
1
0
0
0
0
0
0
0
0
0
0
0
0
0
0
2
0
0
0
0
0
0
0
0
0
0
1
0
0
0
0
0
0
0
0
0
1
0
1
0
0
2
0
1
0
1
0
0
0
1
0
0
0
1
0
0
0
0
1
0
0
0
1
0
0
0
1
1
0
0
0
0
0
0
0
0
0
0
0
0
0
1
0
0
0
0
0
0
0
0
0
1
0
0
0
0
0
0
1
1
0
0
0
0
0
0
0
0
0
0
0
0
0
0
0
0
0
0
0
0
0
0
0
0
0
0
1
0
0
0
0
0
0
0
0
0
0
0
0
0
0
1
1
0
1
0
0
0
0
0
0
0
0
0
0
0
0
0
0
0
0
0
0
0
0
0
0
0
0
0
0
0
0
0
0
0
0
0
0
0
0
0
0
0
0
0
0
0
1
0
0
0
0
0
0
0
0
0
0
0
0
0
0
0
1
0
0
0
0
0
0
0
1
0
0
0
0
0
0
1
0
0
0
0
0
0
0
0
0
0
0
0
0
0
0
1
0
0
0
0
1
0
0
0
0
0
0
0
0
0
0
0
1
0
0
0
0
0
0
1
0
0
0
0
0
0
0
0
0
0
0
0
0
0
0
0
0
0
0
0
1
0
0
1
0
0
1
0
0
0
0
0
0
1
0
0
0
0
0
0
0
0
0
0
0
1
0
0
0
0
0
0
0
0
0
0
0
0
0
0
0
1
0
1
0
0
0
0
0
0
0
0
1
0
0
0
0
0
0
0
0
0
0
0
0
0
0
0
0
0
0
0
2
0
0
1
0
0
0
0
0
0
0
0
0
0
0
0
0
0
0
0
0
0
0
0
0
0
0
1
0
0
0
0
0
0
0
0
0
0
1
1
0
0
0
0
0
0
0
0
0
0
1
0
0
0
0
0
0
0
1
0
0
0
1
0
0
0
0
0
0
0
0
0
0
0
0
0
0
0
0
0
0
0
0
0
0
0
0
0
0
0
0
0
0
0
0
0
0
0
0
0
0
0
0
0
0
0
0
0
0
0
0
0
0
0
1
0
0
0
0
0
0
1
0
0
0
0
0
0
0
0
0
0
0
0
0
0
0
0
0
0
0
0
0
0
0
1
0
0
0
0
0
0
0
1
0
0
0
0
0
0
0
0
0
0
0
0
0
0
0
0
0
0
0
0
1
0
0
0
0
1
1
0
3
0
3
2
2
0
1
1
2
0
1
0
2
2
3
2
0
2
2
5
3
1
3
5
2
3
1
2
2
2
1
2
2
2
1
0
3
4
1
3
0
0
4
0
5
1
2
3
3
4
4
0
1
3
0
2
1
0
1
4
0
2
1
2
2
1
1
0
2
1
2
2
1
3
2
4
2
0
1
0
3
1
1
2
3
0
2
1
2
1
1
3
5
0
5
5
1
3
1
1
1
2
3
2
1
3
1
3
1
2
0
0
1
1
2
1
2
2
1
3
3
1
1
3
2
0
