0
0
0
0
0
0
0
0
0
0
0
0
0
0
0
0
0
0
0
0
0
0
0
0
0
0
0
0
0
0
0
0
0
0
0
0
0
0
0
0
0
0
0
0
0
0
0
0
0
0
0
0
0
0
0
0
0
0
0
0
0
0
0
0
0
0
0
0
0
0
0
0
0
0
0
0
0
0
0
0
0
0
0
0
0
0
0
0
0
0
0
0
0
0
0
0
0
0
0
0
0
0
0
0
0
0
0
0
0
0
0
0
0
0
0
0
0
0
0
0
0
0
0
0
0
0
0
0
0
0
0
0
0
0
0
0
0
0
0
0
0
0
0
0
0
0
0
0
0
1
0
0
0
1
0
0
3
0
0
1
0
0
0
1
7
43
77
87
86
75
101
85
83
82
80
100
88
88
67
99
99
80
62
79
73
96
94
90
83
79
83
86
84
94
88
80
91
85
81
85
85
107
102
98
78
86
99
96
79
93
77
74
103
101
105
100
108
92
94
91
96
94
93
86
89
96
88
79
71
98
100
85
89
100
112
87
81
94
80
93
80
93
101
91
78
92
96
94
100
81
100
106
100
96
107
108
90
99
99
109
86
91
96
106
101
89
93
99
90
110
97
99
104
107
93
104
83
123
88
99
116
95
115
108
109
93
96
91
101
109
86
115
108
108
101
121
115
104
88
103
118
107
109
106
113
104
103
111
123
124
90
122
106
95
104
117
104
114
93
102
124
107
114
109
115
126
118
109
100
102
102
107
131
98
115
103
103
122
122
124
129
112
111
113
124
127
117
110
131
107
122
131
110
123
114
110
106
118
132
115
121
111
146
124
107
116
119
127
124
109
115
124
117
113
131
118
135
127
116
126
132
148
134
128
131
122
135
129
149
128
152
127
133
167
131
118
122
115
144
130
142
127
156
138
153
132
132
118
119
127
130
129
119
112
150
112
139
144
131
128
145
136
128
128
129
114
129
140
124
131
145
132
111
138
137
130
151
131
126
126
126
133
123
139
146
133
120
123
114
132
134
126
130
134
139
134
137
136
150
123
126
134
120
130
127
130
136
125
119
128
116
129
131
127
142
121
139
124
122
140
126
164
148
142
142
130
133
135
116
135
138
122
128
123
101
129
150
138
119
138
132
151
125
126
147
122
130
140
122
134
125
130
121
140
125
144
138
125
129
136
123
134
130
138
134
116
117
119
120
125
121
119
127
145
103
131
117
118
114
112
116
129
135
126
125
119
137
155
127
100
116
111
128
129
113
120
136
122
118
99
103
130
128
150
115
124
125
135
122
133
145
137
113
155
117
147
127
102
124
142
127
113
136
123
135
133
127
130
117
126
157
132
124
145
113
132
133
134
113
135
123
120
139
140
134
139
142
128
121
144
134
109
126
121
129
134
115
107
122
116
127
131
126
133
119
111
133
133
100
131
122
127
121
135
133
122
108
124
133
122
135
109
157
114
133
131
123
129
128
126
132
116
125
141
137
144
123
107
134
133
139
127
133
137
135
112
105
133
123
122
138
139
123
129
120
120
115
128
134
119
159
110
125
130
132
120
130
155
117
108
149
148
110
145
119
122
139
127
108
114
125
146
140
136
118
125
139
123
119
122
130
124
125
135
133
147
128
107
121
126
125
128
132
128
124
138
129
116
128
116
114
116
126
143
119
112
123
134
128
125
132
136
128
124
135
127
130
104
129
135
131
112
122
134
132
148
127
121
122
132
119
124
135
115
122
136
122
131
136
127
110
145
133
102
118
128
99
130
105
97
120
134
118
111
118
136
131
132
123
120
121
127
111
113
130
103
134
116
114
135
123
133
120
120
137
127
113
126
119
139
116
124
146
140
110
130
120
130
102
124
138
126
109
136
113
127
124
146
145
124
134
101
117
108
121
125
139
118
123
113
137
111
115
106
135
128
112
105
113
138
111
120
120
106
128
124
134
128
125
122
135
127
107
94
126
120
114
118
129
119
119
128
139
122
105
119
123
112
130
131
108
124
123
117
114
123
112
110
135
115
134
127
115
115
142
120
117
103
114
116
122
120
106
132
140
117
126
107
121
107
120
143
119
119
114
119
109
120
113
123
113
127
134
121
127
121
111
107
109
111
117
133
120
126
116
119
106
114
134
127
111
129
110
128
117
102
132
125
115
130
127
119
115
112
124
96
112
145
135
129
127
131
119
117
120
119
120
113
115
119
118
122
121
124
126
117
120
114
106
127
113
130
122
123
122
108
112
122
106
130
134
134
107
127
127
111
124
94
118
134
124
138
114
126
125
126
139
128
116
109
118
108
132
132
122
115
125
116
122
140
122
115
137
120
115
128
118
138
107
109
104
128
126
126
122
127
113
120
98
114
122
112
126
120
122
139
116
131
118
115
134
126
125
124
158
116
133
111
117
126
140
148
147
121
137
148
130
132
142
122
118
145
149
106
124
138
127
135
117
130
131
112
125
133
149
127
127
138
116
119
124
117
135
120
133
124
131
134
154
124
127
153
121
136
133
135
131
127
141
134
146
162
141
130
137
136
142
147
150
149
122
141
155
149
128
145
153
144
136
138
131
153
160
152
157
163
134
153
154
167
150
115
151
158
138
146
144
150
150
145
145
174
130
152
161
147
140
155
181
159
144
151
147
139
156
169
159
166
148
163
144
176
178
149
156
135
167
145
149
155
139
177
181
165
152
138
158
179
161
148
154
161
166
157
155
186
147
142
170
157
150
160
144
165
134
164
172
129
157
152
151
171
155
165
168
133
160
135
140
158
172
168
140
140
159
149
156
149
167
154
175
138
145
139
144
162
121
177
148
149
171
159
135
170
134
126
145
147
162
124
137
136
147
166
142
143
161
182
133
142
156
119
171
147
136
139
185
151
150
138
145
137
149
150
149
141
154
156
150
160
133
156
161
139
162
131
140
156
110
152
125
143
136
131
146
112
130
126
141
137
144
140
135
141
138
137
115
112
143
136
126
132
131
128
127
110
114
114
117
129
125
118
117
124
131
139
131
135
132
117
124
126
130
130
118
133
123
110
123
117
139
126
135
123
125
122
114
109
122
117
110
128
146
121
126
127
111
121
121
114
133
121
108
136
106
127
111
131
134
116
114
121
116
114
121
132
135
109
114
124
127
116
149
98
122
95
125
122
95
107
115
124
98
135
108
126
110
128
130
158
106
124
130
110
93
98
93
103
101
102
112
112
114
120
106
107
123
102
121
104
113
133
106
94
112
121
97
114
97
116
107
120
117
99
99
117
101
107
97
106
103
98
100
108
98
92
112
117
101
99
105
107
108
96
105
107
113
110
105
108
115
105
105
114
110
102
96
102
116
99
102
103
85
88
117
81
84
93
106
118
109
102
108
108
107
101
117
103
103
108
97
83
95
91
83
93
96
110
90
121
95
101
89
125
107
91
106
89
100
98
109
126
115
106
102
84
108
87
86
102
101
89
94
107
95
117
102
88
83
89
76
80
86
97
113
70
91
93
97
128
92
103
111
93
93
103
92
102
80
106
89
87
101
101
104
87
80
115
108
91
85
79
94
87
84
99
65
96
102
104
90
95
97
82
87
102
113
99
80
93
83
99
101
85
87
94
90
87
108
100
91
83
82
100
105
90
94
77
102
102
96
93
90
81
84
90
81
98
65
78
91
93
86
94
88
83
82
91
85
84
81
122
107
81
88
78
96
100
82
84
82
90
81
98
82
96
97
82
80
81
84
104
92
76
84
98
88
100
80
81
69
95
85
87
73
88
77
91
90
78
85
96
90
87
90
85
82
84
77
99
98
76
87
93
80
80
85
86
73
89
99
81
91
76
90
105
87
79
97
94
95
89
83
75
92
81
79
89
79
87
93
65
88
90
75
81
87
76
89
90
75
84
77
78
70
73
91
65
73
83
74
80
87
71
71
86
78
71
82
102
83
70
86
97
92
71
77
98
78
75
89
85
78
99
78
66
83
74
72
77
72
72
89
52
72
82
89
92
69
88
70
85
81
71
72
82
84
72
77
67
81
82
74
83
73
89
83
85
88
93
75
88
90
91
73
81
77
93
69
78
75
79
78
74
84
97
74
93
99
67
79
72
89
83
82
79
85
91
61
78
87
76
89
88
70
83
79
75
85
84
86
92
85
78
75
70
81
79
62
85
69
71
81
65
91
76
82
80
73
78
75
81
93
73
81
97
77
80
82
82
71
81
82
73
62
67
70
60
71
75
63
80
95
78
80
85
74
81
83
72
86
78
81
62
71
70
64
87
67
80
82
72
74
67
61
80
88
75
78
81
86
76
71
70
83
82
85
81
74
60
81
73
88
66
84
86
94
73
71
78
79
88
90
76
79
92
79
64
75
70
70
70
73
70
79
79
91
81
83
79
85
69
77
84
81
99
69
76
80
63
73
81
70
78
73
77
74
63
81
75
67
72
71
78
73
82
95
74
79
81
64
58
75
54
71
67
75
54
81
74
63
74
62
72
61
73
79
81
83
91
71
81
64
77
76
85
77
87
70
83
78
71
62
77
80
71
82
64
71
56
94
67
76
68
62
70
75
64
60
87
72
68
81
81
81
88
62
78
68
63
64
68
62
58
73
59
88
75
58
65
73
68
82
79
83
78
66
66
66
60
66
66
54
50
82
68
72
56
78
53
94
70
67
67
68
86
70
65
52
54
70
71
70
76
52
78
72
68
58
67
69
65
65
77
62
72
72
54
63
53
66
73
68
75
65
70
79
72
73
75
77
52
67
74
85
68
78
71
65
67
68
69
83
68
54
62
68
56
65
77
71
85
75
72
69
60
60
68
87
71
77
69
57
63
58
62
66
60
76
76
76
74
59
63
76
63
63
67
61
71
74
84
63
60
73
52
66
67
71
65
69
61
75
58
74
59
71
65
74
65
57
50
60
70
54
51
59
65
77
67
75
71
64
58
74
64
84
85
63
61
57
81
67
83
66
68
70
74
51
65
78
72
66
78
68
84
71
69
75
59
56
65
65
69
72
58
66
67
55
55
68
58
73
69
60
69
72
63
59
63
55
68
70
69
73
72
68
54
68
63
72
72
67
49
72
80
54
67
56
79
65
74
61
69
70
63
54
67
83
62
78
61
68
71
64
53
70
55
72
50
64
55
64
62
76
77
75
63
68
79
61
64
65
68
59
58
71
59
71
69
56
66
72
59
66
60
67
63
54
70
69
70
59
68
62
56
59
57
57
61
62
73
79
66
72
66
49
78
71
59
64
58
56
47
56
67
62
70
73
62
63
60
63
46
68
70
61
70
68
74
57
52
60
68
64
73
58
58
67
67
55
62
64
71
62
60
62
66
57
54
65
74
69
71
43
74
61
75
64
59
60
51
66
66
62
63
67
61
66
63
66
75
73
54
59
50
52
73
72
62
56
59
69
72
63
76
64
68
65
59
54
74
52
89
72
81
52
61
67
46
76
60
66
62
64
57
65
54
53
55
50
69
72
76
67
63
61
69
69
58
67
54
60
58
47
56
51
68
55
58
60
55
63
63
74
68
54
57
58
61
62
56
70
59
64
71
62
74
61
55
57
74
56
58
61
58
52
64
71
57
68
47
58
64
60
60
45
63
65
81
68
54
54
63
54
64
60
62
61
54
68
66
56
61
57
77
57
76
62
60
64
72
64
45
65
62
58
66
73
75
65
62
62
55
66
68
64
61
53
74
69
53
55
65
57
69
63
55
63
72
79
59
65
66
65
70
68
62
65
67
61
47
82
70
82
67
60
51
60
63
75
54
64
67
75
61
83
65
66
56
48
57
67
75
62
53
64
66
78
74
64
65
66
61
68
48
67
60
72
66
68
63
76
71
56
64
55
62
49
72
65
54
62
75
58
72
83
73
60
60
57
75
61
62
53
57
62
65
65
53
63
68
58
75
62
57
67
57
52
68
60
54
56
63
53
65
64
70
60
63
53
60
59
67
73
62
64
53
56
69
62
54
63
67
59
68
93
43
61
42
59
59
63
55
65
58
55
62
54
46
53
66
66
61
55
58
53
67
53
65
56
47
48
62
61
65
67
55
70
70
53
69
53
55
72
59
58
62
61
50
71
49
71
62
56
66
58
56
58
58
61
68
76
65
56
46
62
65
57
60
61
55
58
54
71
68
73
56
59
63
53
65
67
62
55
60
57
65
59
71
63
59
57
61
50
72
61
62
71
77
64
71
71
86
48
52
61
57
68
62
58
57
57
72
68
73
70
62
60
58
84
74
64
75
52
60
53
75
48
56
68
63
60
51
56
54
52
62
58
47
72
56
63
74
57
62
69
71
74
62
61
69
63
70
77
47
40
73
75
69
70
61
69
60
61
63
64
61
68
61
65
51
85
73
57
59
61
61
59
64
51
70
63
61
78
68
62
60
76
62
58
64
65
52
63
60
67
46
62
65
71
64
56
60
46
50
58
55
65
56
65
52
62
63
56
57
52
59
75
49
49
49
62
68
57
75
64
54
64
60
72
71
57
65
81
55
51
63
74
58
58
71
70
48
58
48
54
66
66
59
61
56
52
59
85
58
63
67
64
53
52
52
54
67
59
67
54
66
56
46
64
58
61
73
74
51
63
69
56
59
65
56
66
55
69
56
48
55
67
61
61
58
65
68
63
72
65
62
54
66
44
58
61
71
63
52
69
70
62
64
51
65
67
59
72
64
66
51
45
63
60
60
59
63
60
57
50
60
64
57
44
51
80
67
54
54
60
62
57
65
62
67
64
55
73
49
56
73
48
69
42
56
53
68
56
67
61
51
62
63
45
69
57
65
69
61
60
77
63
56
59
70
54
58
67
68
59
66
60
66
63
56
64
61
54
62
79
74
66
63
54
73
58
58
68
67
72
68
48
64
61
62
73
78
57
53
56
61
69
65
70
60
65
53
59
79
67
79
55
65
74
64
57
76
65
51
64
85
55
55
67
67
63
74
79
59
64
59
58
68
52
58
63
65
59
60
61
70
66
51
64
57
61
69
59
64
73
68
58
58
56
72
59
65
55
79
65
66
49
70
72
72
43
69
67
66
50
57
48
67
48
60
41
73
77
62
58
63
64
46
67
67
50
68
61
60
64
61
73
67
72
67
62
45
63
59
41
53
56
78
68
52
65
65
62
55
55
64
78
69
65
62
64
58
56
62
57
66
55
61
67
57
64
52
59
61
56
55
65
76
49
69
61
66
62
59
67
69
61
65
62
63
63
55
70
62
65
54
55
55
77
60
62
68
55
64
70
76
60
69
54
64
74
56
57
60
59
65
63
61
54
53
46
59
58
57
66
59
71
62
52
68
65
65
54
74
57
60
58
62
61
52
54
62
65
69
54
66
58
53
56
51
56
61
64
68
59
76
66
64
67
49
60
56
73
63
53
63
57
66
67
60
62
73
63
56
55
61
59
60
68
60
65
72
75
68
77
61
63
56
66
69
67
77
56
66
63
56
51
73
46
61
59
55
83
65
58
61
58
57
49
56
60
54
64
58
58
63
59
58
44
64
69
59
56
50
67
62
54
61
53
59
63
70
46
62
65
65
52
57
55
79
70
57
64
56
66
77
53
72
46
64
63
66
72
49
68
57
76
60
59
49
71
55
76
53
47
66
61
60
62
55
65
66
42
57
75
65
67
62
62
64
63
65
60
72
54
66
51
64
56
58
65
74
58
65
65
68
76
65
54
63
55
52
59
64
72
55
46
51
60
58
63
69
77
50
60
39
71
57
62
65
61
67
57
64
58
56
64
65
55
61
61
76
63
69
48
62
64
62
56
66
63
65
61
58
80
67
50
46
61
48
60
56
60
64
61
57
64
48
58
70
53
71
63
61
62
45
70
54
65
53
65
68
65
55
51
66
76
66
45
58
64
58
59
58
49
68
57
58
65
72
71
55
57
59
72
47
65
63
56
49
57
51
67
60
57
59
71
61
42
65
47
49
70
57
68
56
58
69
77
49
67
60
53
55
69
64
73
52
67
62
60
59
55
51
56
60
50
56
48
74
61
72
60
40
67
51
53
67
63
75
64
58
64
65
65
55
69
63
58
42
65
62
74
62
73
62
55
62
53
52
60
56
77
74
64
64
57
52
44
51
68
62
64
62
55
60
64
55
53
71
45
71
58
65
60
51
62
50
59
56
56
47
63
56
67
60
51
56
55
64
58
63
57
59
59
59
69
56
72
58
64
67
50
68
60
57
51
54
64
72
59
61
54
52
48
63
73
71
64
61
56
56
51
54
76
51
71
67
46
61
59
65
53
68
69
70
52
52
66
68
58
50
52
43
79
57
60
53
64
64
59
70
66
57
61
58
78
77
64
56
68
61
55
56
62
62
63
65
63
68
71
68
65
66
60
60
69
61
57
65
80
57
55
76
67
66
55
63
75
51
57
77
64
73
54
60
60
62
56
55
64
57
68
71
61
68
52
63
55
61
59
62
78
54
74
63
57
66
74
57
52
70
73
60
71
63
58
60
49
66
65
63
65
56
71
66
61
69
57
64
52
51
75
60
50
59
66
55
49
50
62
56
63
61
72
54
65
67
62
56
54
60
56
61
61
57
67
63
55
62
70
60
76
71
49
63
61
60
57
55
57
57
56
81
74
49
73
65
61
67
61
71
58
65
56
67
67
65
76
51
57
63
50
61
61
58
72
60
73
60
67
64
63
62
59
59
63
52
61
52
65
51
63
62
53
70
63
53
55
55
62
67
65
66
72
54
67
61
66
68
52
58
61
59
68
70
62
64
44
61
73
65
51
70
60
63
67
50
56
69
62
67
57
55
61
57
53
39
63
65
61
69
70
80
52
76
61
76
65
63
68
64
53
58
77
78
63
60
61
72
79
69
52
69
72
63
68
72
79
62
64
65
59
67
71
68
56
68
50
57
65
69
55
57
73
62
66
51
63
50
69
73
68
73
52
65
61
59
65
58
69
66
51
64
52
65
58
72
50
60
63
58
56
78
80
57
63
67
83
54
65
59
78
70
70
56
60
54
76
70
68
63
56
59
65
58
71
60
56
69
72
76
64
61
71
63
73
71
61
56
70
63
64
69
57
68
59
60
58
56
62
72
63
72
80
55
63
56
59
66
63
44
75
53
64
56
70
70
74
85
61
92
76
69
72
63
75
65
69
67
68
61
71
71
80
68
62
58
73
65
76
64
68
50
54
66
67
67
67
66
73
77
71
74
63
65
61
61
65
69
62
73
61
50
59
56
57
74
66
62
57
58
73
63
54
67
50
61
65
48
54
69
56
74
58
51
68
52
56
74
53
63
65
74
73
75
50
59
71
66
67
68
69
65
69
79
65
56
61
59
71
65
58
78
66
51
55
71
77
68
67
84
63
47
76
78
70
50
61
52
72
61
55
52
75
67
72
77
62
77
57
57
42
60
56
81
67
69
68
64
57
80
65
73
57
59
73
62
62
75
71
59
54
57
80
53
59
61
72
60
58
62
87
58
64
66
65
64
77
64
84
73
63
74
74
75
59
65
57
63
68
60
78
72
78
54
64
85
70
69
79
60
68
70
72
58
69
66
69
57
54
76
79
82
54
64
67
72
62
67
69
65
61
63
60
64
64
73
70
57
72
65
59
76
58
65
64
81
57
68
76
73
83
60
81
77
75
65
66
76
64
73
63
62
86
68
62
52
71
61
71
61
63
62
67
62
79
75
72
68
69
50
65
68
61
69
70
66
59
78
63
57
75
80
79
72
90
60
63
84
62
79
66
91
78
63
77
75
64
66
73
63
76
55
80
56
66
76
72
73
57
67
75
80
66
82
73
66
58
58
85
75
57
72
80
69
73
75
61
75
60
85
61
61
65
57
64
67
69
76
78
70
60
52
75
69
76
69
58
90
81
83
68
61
66
59
70
76
73
63
59
70
86
62
74
69
69
73
78
69
56
64
74
82
74
50
73
81
67
75
68
85
67
54
68
51
64
85
70
69
73
82
63
73
71
80
76
69
59
76
76
66
57
83
59
74
58
78
66
78
65
67
68
61
85
62
83
84
81
79
85
70
77
79
73
73
64
78
80
74
60
74
78
74
85
73
65
85
74
66
67
65
63
73
82
74
76
78
66
74
75
76
78
66
73
74
65
72
70
76
64
66
56
61
79
66
84
79
81
77
73
67
70
80
81
89
82
70
73
54
65
84
80
73
72
72
85
66
74
68
75
63
61
81
63
75
74
56
63
87
71
59
78
75
58
77
87
66
82
88
68
72
78
75
68
81
80
71
72
84
65
71
75
85
66
74
76
78
58
52
63
73
68
79
75
73
74
62
82
73
70
74
63
74
69
76
83
71
86
79
80
73
67
87
72
70
71
70
71
66
60
72
81
74
68
75
98
54
68
51
75
87
70
70
65
70
86
73
71
71
82
77
54
76
76
75
81
75
87
70
66
77
83
81
85
75
90
72
74
67
80
85
64
73
74
66
66
66
78
68
73
73
83
68
74
71
62
69
68
78
71
63
78
74
71
75
84
81
64
75
69
71
67
63
67
73
72
68
76
69
65
65
72
71
80
52
66
69
68
57
78
68
66
87
71
65
71
61
82
63
70
76
60
71
75
76
69
61
74
71
55
71
75
78
74
85
86
72
65
71
79
72
74
82
63
64
69
79
78
75
75
68
63
85
70
73
60
82
67
87
62
77
89
75
70
84
86
71
87
75
69
75
69
82
75
90
68
74
87
66
67
67
71
74
87
68
85
89
65
68
68
64
82
68
76
73
91
75
70
72
71
75
50
70
72
88
67
77
59
78
77
61
72
74
70
84
63
83
62
70
64
80
81
67
65
73
68
61
66
75
73
68
58
57
79
53
79
67
65
61
66
65
58
83
71
55
53
77
71
69
65
72
81
78
61
61
64
70
64
58
60
64
65
67
65
71
75
66
64
60
82
74
69
86
64
82
87
71
79
59
64
57
67
74
72
64
70
62
64
69
68
79
68
65
60
67
61
64
58
70
68
57
62
58
73
57
52
76
55
67
64
64
67
71
54
68
65
63
57
74
60
57
74
67
59
67
73
55
61
46
56
68
59
74
42
72
47
59
65
62
62
57
61
62
61
71
65
60
60
65
52
69
66
46
60
66
65
76
71
74
54
65
55
66
69
60
59
53
78
81
65
66
55
68
57
79
69
56
53
48
68
63
58
59
49
75
54
69
59
48
65
61
50
66
63
60
62
58
72
48
61
51
63
43
61
54
62
61
71
58
53
71
46
60
59
53
64
56
65
57
57
69
48
44
53
52
53
50
68
47
57
51
43
62
60
58
49
54
55
49
66
46
70
59
50
63
63
57
52
65
67
61
55
56
64
64
41
55
50
52
57
42
45
47
49
51
58
42
62
59
34
53
49
53
60
55
41
58
49
57
54
57
44
55
58
58
64
61
50
47
55
53
54
50
39
49
47
59
60
47
51
40
47
45
44
58
42
48
51
52
58
64
61
48
46
41
44
48
54
54
53
48
58
51
50
52
60
47
43
61
46
47
46
38
46
43
58
43
51
40
49
42
49
54
53
56
50
53
49
50
43
45
72
57
64
35
51
45
31
45
52
40
42
58
39
53
55
53
48
54
50
46
40
51
44
48
55
48
53
53
62
51
53
53
47
53
51
51
40
60
50
61
57
41
47
46
51
49
47
44
66
47
41
44
48
48
49
49
60
57
56
66
43
43
48
41
45
56
46
57
47
39
41
33
44
50
43
51
47
62
45
55
42
51
31
41
49
56
52
53
38
54
59
51
40
64
39
45
51
35
47
45
46
40
44
61
34
42
53
49
46
46
47
46
52
59
39
54
44
49
51
49
56
57
50
53
46
47
51
52
45
41
51
47
58
37
47
61
43
53
56
52
53
44
36
60
45
57
36
43
38
40
39
47
51
34
62
49
48
43
57
57
58
42
59
50
50
35
53
43
42
60
57
48
55
42
51
41
42
56
48
42
51
49
55
45
40
48
46
48
50
47
29
43
46
37
46
52
47
51
42
37
43
40
36
43
58
60
55
51
38
48
34
39
47
49
35
49
40
53
51
49
64
33
54
47
41
52
42
45
27
34
60
50
34
40
46
43
49
39
44
38
38
35
51
50
38
46
55
50
27
46
42
46
47
40
47
45
42
47
36
47
42
44
37
43
46
34
29
43
36
45
48
54
43
45
50
57
59
47
54
42
34
60
42
38
48
45
56
52
49
43
47
51
54
42
44
46
39
42
52
41
47
46
38
51
53
49
39
42
52
46
36
41
48
51
33
51
41
60
58
39
34
53
47
43
39
34
46
42
42
43
56
41
52
40
36
45
45
45
52
45
48
39
50
47
43
46
55
48
38
56
47
47
45
48
51
45
49
39
33
33
43
40
44
50
49
45
57
50
62
35
45
42
43
50
46
61
56
40
39
42
40
40
46
39
47
49
37
46
35
40
61
41
37
42
48
49
41
33
38
52
54
50
44
45
47
49
41
49
47
50
42
42
39
44
52
40
34
44
48
50
49
38
31
48
47
52
43
44
41
37
52
43
39
41
40
30
51
35
32
51
47
43
35
49
45
51
36
38
44
41
34
36
45
41
43
43
39
33
38
47
38
50
39
46
43
38
35
47
43
38
43
37
44
40
38
47
41
45
48
41
48
38
51
47
44
50
46
48
35
38
31
35
43
40
41
45
45
39
39
43
50
41
41
49
39
51
32
52
50
34
42
49
39
57
41
43
51
47
43
43
59
44
48
52
33
46
41
49
40
53
43
44
41
55
38
39
55
40
44
44
52
51
41
47
43
55
43
36
32
46
43
45
41
39
43
48
40
44
45
50
52
47
39
43
44
45
54
47
47
38
46
51
53
56
50
57
47
38
46
47
34
44
45
47
50
52
52
41
31
56
40
57
46
50
39
56
47
44
56
64
65
51
44
41
42
33
40
55
46
42
51
53
48
46
36
51
52
43
54
41
41
49
51
60
56
46
45
52
45
38
62
46
53
47
53
47
55
64
59
51
59
47
44
39
58
62
54
58
61
68
56
57
69
50
52
45
66
68
53
54
68
56
54
49
56
53
58
66
59
59
71
58
62
72
66
63
60
53
48
56
65
56
67
68
50
56
80
55
71
60
61
81
72
48
58
81
65
58
64
68
63
63
85
69
78
72
67
69
78
72
71
80
67
67
80
61
74
84
70
71
73
73
79
94
81
67
75
89
81
97
100
82
93
89
82
86
94
104
89
90
91
74
93
83
108
79
97
103
76
90
101
101
103
95
96
114
96
100
86
97
99
104
88
110
108
109
107
95
106
91
97
104
140
111
119
117
114
118
97
126
112
107
111
111
103
127
130
103
121
100
82
122
115
119
122
116
127
130
115
120
111
122
140
124
138
151
126
117
118
143
123
150
114
152
142
125
126
119
143
134
149
130
116
132
126
137
135
116
141
130
133
153
158
140
154
148
134
138
155
152
151
167
167
159
135
140
158
151
147
147
156
145
143
160
143
173
127
168
145
139
159
169
147
155
151
170
179
156
155
159
154
161
178
153
165
179
166
152
171
168
146
142
163
171
157
179
189
159
191
160
164
175
158
159
183
153
140
167
178
170
198
152
171
175
168
178
164
174
200
150
198
148
170
165
160
180
169
182
164
169
196
169
174
195
179
179
169
172
187
169
172
164
177
159
156
149
167
195
171
176
166
179
161
161
175
185
165
171
153
178
156
156
174
173
142
152
140
149
159
169
156
169
169
167
185
174
171
167
159
147
143
143
170
156
155
160
138
174
158
147
165
154
152
151
152
147
143
150
158
163
152
150
131
152
161
144
145
155
152
165
145
151
139
130
150
134
124
130
146
138
132
162
128
125
124
113
141
123
129
140
141
147
125
122
117
142
122
116
113
112
133
146
112
113
136
120
125
123
116
124
114
127
142
112
125
108
104
109
93
114
115
101
111
114
116
108
97
130
95
102
95
113
117
112
99
107
84
90
99
90
94
95
105
103
91
85
80
87
97
91
85
91
82
83
100
85
74
81
83
80
84
68
89
73
66
80
63
84
74
80
74
63
72
61
80
52
61
69
76
70
67
71
77
54
82
69
64
61
70
60
55
63
53
63
59
62
65
63
56
52
74
58
52
56
61
50
60
61
66
45
46
45
43
51
50
60
53
50
57
37
47
36
41
53
54
40
42
40
44
55
42
48
41
36
45
39
45
31
41
37
35
37
41
37
38
41
33
43
32
35
29
37
32
42
35
32
26
36
44
34
41
31
30
37
30
38
20
47
33
27
24
25
27
31
27
33
33
27
27
24
31
32
26
45
25
26
23
14
19
28
21
33
21
22
27
26
22
31
21
24
22
28
23
22
17
19
27
21
34
24
23
22
24
16
20
22
25
19
20
22
15
16
16
24
18
21
16
25
23
20
23
18
20
19
14
15
16
20
15
21
21
19
19
21
12
17
20
10
24
15
17
17
22
18
23
22
23
25
19
18
10
24
17
10
23
19
23
25
20
18
28
20
29
19
22
23
18
11
25
17
16
23
16
24
22
26
30
25
15
18
22
20
15
19
21
17
17
16
24
27
18
26
19
21
22
24
15
22
18
16
20
25
18
18
18
21
17
22
19
29
35
30
18
19
20
21
22
28
28
18
27
24
26
21
29
28
31
31
25
19
22
30
30
25
33
28
22
28
32
27
28
19
27
32
20
36
28
31
20
26
34
21
28
29
28
30
23
26
35
33
30
30
30
28
34
30
28
37
33
35
27
27
30
33
36
33
41
51
33
32
37
33
30
42
36
39
37
36
38
30
46
39
37
41
48
38
48
36
42
45
49
40
34
36
45
42
40
39
41
42
49
41
38
35
52
49
59
40
45
41
50
46
44
46
51
55
56
46
52
39
59
65
50
53
47
52
51
58
49
61
63
56
46
49
57
70
63
61
73
62
66
45
57
52
57
61
66
57
63
74
71
53
60
54
51
71
76
63
46
67
69
78
91
58
70
66
73
66
77
83
63
74
77
53
88
75
84
78
92
62
66
85
79
77
77
62
83
83
74
60
91
85
85
88
94
91
88
93
90
92
84
96
99
90
93
82
79
75
110
99
93
81
97
109
100
91
91
84
77
108
97
108
95
102
94
88
79
89
100
86
98
113
86
96
98
109
105
129
120
118
95
83
109
125
93
117
124
112
120
117
111
110
108
116
116
111
124
113
117
122
110
126
122
116
97
114
120
121
125
138
101
118
113
106
126
144
130
115
122
139
123
126
107
110
130
124
113
120
114
115
137
122
101
138
145
125
118
130
124
145
149
123
111
124
131
106
128
139
130
108
119
138
122
117
124
123
120
121
120
147
126
128
154
134
132
129
126
138
123
165
132
133
134
125
151
142
144
141
124
129
139
131
146
139
132
131
128
113
121
131
140
133
128
115
134
140
148
118
131
112
123
143
141
132
128
130
148
155
105
131
142
150
120
116
123
144
135
137
127
128
111
119
140
128
125
127
133
120
131
115
115
129
105
158
145
111
116
129
120
137
128
117
117
130
108
110
133
120
120
125
117
124
120
129
124
118
123
126
106
128
108
113
111
86
134
93
124
128
119
128
106
122
109
103
129
91
114
121
116
105
101
105
107
108
112
89
112
96
128
116
88
117
129
100
106
107
85
103
90
121
98
87
93
91
100
79
101
91
99
88
100
86
104
103
84
111
93
75
93
100
90
85
103
101
91
91
93
90
84
90
72
79
66
80
98
69
78
81
87
59
80
75
70
72
94
59
78
67
78
67
79
85
62
83
66
64
65
82
78
70
64
62
60
70
65
60
54
55
54
55
59
67
43
58
48
44
67
65
55
58
53
41
51
58
51
58
33
45
43
53
63
51
50
53
45
44
48
47
41
48
47
48
36
48
54
45
43
43
43
41
51
43
45
47
38
38
38
45
37
40
32
29
35
40
47
29
41
32
30
35
47
40
39
32
35
35
33
33
36
30
25
30
24
28
35
30
26
34
26
34
28
24
19
41
23
34
27
24
28
26
26
26
30
23
28
25
16
24
19
22
15
27
28
26
18
17
24
22
22
21
21
26
17
20
18
15
15
16
17
23
24
19
19
21
21
27
10
26
19
15
19
17
16
14
16
16
11
14
17
12
10
18
18
18
20
21
13
12
11
9
8
21
17
8
12
9
19
8
16
10
15
8
9
11
11
8
13
10
6
15
7
11
8
13
15
6
6
7
10
5
10
10
9
12
13
5
6
9
11
12
8
7
8
7
9
9
9
12
14
11
9
11
9
4
7
5
6
15
13
10
11
11
9
10
7
13
10
12
11
5
6
6
11
6
11
9
5
10
16
2
9
3
7
8
11
10
9
6
6
6
1
5
6
7
6
5
9
6
4
9
7
9
8
7
9
9
7
9
7
10
8
6
5
6
7
3
6
8
10
6
11
6
5
8
9
5
9
11
7
6
9
4
6
7
4
8
7
9
5
4
4
6
6
7
3
10
6
5
5
10
5
11
4
9
4
2
2
5
6
8
5
10
7
8
10
7
6
5
4
10
8
3
9
4
2
7
9
4
7
5
5
11
5
9
3
4
8
10
6
9
6
1
5
11
6
8
4
11
13
4
3
6
4
3
3
12
7
5
5
3
8
9
4
8
7
6
5
13
7
8
3
5
7
6
2
6
9
8
5
3
5
7
10
5
1
5
14
5
10
11
6
10
7
5
9
4
2
1
6
8
6
6
6
5
9
6
3
9
7
5
7
6
9
10
5
6
4
8
5
1
6
3
11
13
6
3
7
10
7
7
6
5
3
7
8
5
5
5
3
5
4
6
10
11
4
10
3
6
4
6
4
17
7
6
2
10
5
4
6
11
10
7
6
5
7
5
1
7
5
12
4
5
3
5
7
7
5
10
6
11
7
5
7
4
11
5
4
5
1
3
10
11
7
11
5
11
4
7
5
0
8
8
9
4
5
7
0
7
5
5
10
8
7
4
1
4
7
3
13
5
8
2
6
4
6
3
5
10
5
10
6
4
8
5
4
6
3
8
8
9
7
3
0
12
9
4
4
10
9
4
5
6
6
4
4
7
2
6
6
5
4
8
8
7
6
3
5
5
2
5
6
8
2
2
4
9
6
6
5
1
4
5
0
5
8
4
10
6
3
9
6
5
9
2
9
5
3
2
5
2
4
1
8
5
3
6
6
4
2
7
9
4
5
3
4
7
3
4
4
1
3
4
4
2
7
6
4
8
6
5
6
5
5
2
2
6
4
5
5
4
2
5
7
2
4
4
5
6
6
6
1
5
9
4
7
7
2
5
3
4
6
3
3
0
6
7
2
4
7
3
4
6
5
2
9
5
2
6
8
7
4
5
2
6
6
4
4
5
10
4
9
4
6
4
6
6
5
4
7
4
3
8
4
2
7
5
7
12
3
7
6
7
4
3
3
5
3
4
5
5
4
5
3
3
5
5
8
1
4
4
3
7
3
6
2
8
7
4
4
3
6
6
5
4
4
5
5
1
6
6
1
6
6
8
5
7
4
7
4
8
4
4
4
4
6
2
2
3
4
7
4
7
4
5
5
8
1
6
3
1
5
6
2
4
1
4
4
6
2
5
5
6
4
4
5
2
6
6
2
4
2
7
7
3
8
3
5
1
3
6
8
3
2
5
2
6
6
2
6
7
5
5
3
3
2
3
2
4
3
5
1
4
6
4
3
3
5
6
6
8
5
2
3
4
1
5
7
5
3
2
2
3
2
4
4
6
6
2
4
4
6
3
9
2
6
7
2
4
2
2
2
6
7
4
4
6
3
5
2
6
2
9
3
4
4
3
8
3
6
2
5
5
3
3
1
3
0
2
2
6
2
5
2
4
7
2
7
6
6
6
4
6
6
5
2
3
7
3
8
5
1
3
2
6
4
2
7
5
5
4
7
10
4
1
5
1
3
6
3
3
2
7
2
4
3
2
4
7
5
6
3
3
2
4
6
4
6
4
5
6
4
3
7
2
7
4
3
3
3
4
3
4
3
5
1
7
4
3
2
7
3
8
4
2
11
4
9
4
5
8
5
2
7
3
8
2
3
3
11
4
5
4
5
1
3
3
6
5
6
5
6
5
5
7
3
1
3
7
5
6
4
5
6
5
3
3
2
4
6
4
4
7
8
8
3
7
2
6
11
3
0
4
2
7
6
4
12
7
1
5
6
5
8
6
0
4
2
3
4
6
1
6
3
5
4
5
9
4
0
3
9
4
5
4
1
7
6
5
4
3
3
4
3
4
2
5
3
6
0
4
81
94
80
97
85
93
92
90
123
98
110
102
89
82
106
73
87
104
94
98
88
105
101
99
101
83
98
100
88
92
86
91
109
82
80
87
88
86
107
87
89
99
101
82
103
104
111
99
87
91
88
85
109
72
83
82
89
84
98
92
97
89
103
104
93
83
92
103
77
89
101
93
80
83
77
102
85
83
105
86
91
116
79
90
97
101
101
84
106
79
88
83
100
87
72
95
89
82
86
115
87
93
90
99
86
74
85
96
79
79
98
81
80
83
95
94
105
85
91
107
84
82
91
88
99
92
90
37
