0
0
0
0
0
0
0
0
0
0
0
0
0
0
0
0
0
0
0
0
0
0
0
0
0
0
0
0
0
0
0
0
0
0
0
0
0
0
0
0
0
0
0
0
0
0
0
0
0
0
0
0
0
0
0
1
0
0
0
0
0
0
0
0
0
0
0
0
0
0
0
0
0
0
0
0
0
0
0
0
0
0
0
0
0
0
0
0
0
0
0
0
0
0
0
0
0
0
0
0
0
0
0
0
0
0
0
0
0
0
0
0
0
0
0
0
0
0
0
0
0
0
0
0
0
0
0
0
0
0
0
0
0
0
0
0
0
0
0
0
0
0
0
0
1
0
0
0
1
0
0
0
0
0
0
0
0
0
2
17
34
94
130
118
138
130
140
131
136
147
117
143
137
136
138
124
148
131
130
144
137
121
123
125
116
111
120
127
129
135
124
132
121
120
115
157
150
134
131
124
137
151
136
140
127
132
104
142
153
138
138
146
151
144
135
132
152
146
154
151
152
136
130
134
157
151
146
147
143
155
131
137
130
126
164
140
150
148
145
140
137
143
135
132
160
168
140
150
160
138
141
135
160
152
164
138
162
146
164
152
149
150
149
147
140
155
153
140
158
144
164
149
151
150
150
157
152
151
161
162
153
177
127
168
157
169
173
159
150
182
160
156
164
149
158
152
152
168
177
175
166
149
166
179
183
185
146
165
156
156
166
169
169
165
162
197
168
158
167
179
178
158
159
171
164
156
149
175
178
160
189
191
164
170
167
162
179
182
170
181
173
172
166
159
148
190
171
186
174
165
177
191
171
192
177
157
159
167
162
161
187
175
161
187
186
169
205
222
162
174
155
194
182
146
201
169
168
189
165
162
177
174
168
172
158
197
195
193
187
139
167
161
192
186
165
165
208
187
169
194
171
168
164
169
187
164
152
172
188
149
163
180
173
167
165
182
156
147
159
165
181
146
180
176
180
176
155
160
181
171
165
173
159
167
163
188
175
182
187
178
168
181
163
160
172
183
153
160
178
166
157
180
185
156
159
176
178
169
157
177
183
172
166
173
196
162
181
160
155
169
159
156
176
176
164
189
166
165
139
169
146
163
172
162
146
167
185
165
166
177
158
182
173
171
168
166
144
177
162
161
142
155
139
148
153
177
159
142
168
147
181
156
175
145
151
171
149
148
158
145
149
149
160
150
165
168
151
163
147
156
143
175
143
144
153
176
173
164
143
148
166
141
156
153
128
153
156
149
150
165
144
173
150
145
143
145
156
135
144
140
148
136
135
157
138
168
166
150
151
160
138
134
134
133
164
158
142
142
147
152
149
134
135
152
129
138
157
151
139
164
134
126
163
133
146
127
141
140
145
151
160
131
130
132
151
160
139
135
124
146
150
132
122
138
132
150
141
121
151
141
137
139
142
146
145
126
134
144
136
125
113
117
127
133
136
152
136
136
134
165
134
142
121
141
137
140
137
152
139
143
128
133
126
122
126
134
116
111
129
147
142
122
131
141
126
126
110
119
126
134
127
130
130
114
135
137
130
131
122
119
107
120
134
116
128
131
99
124
92
129
125
139
106
117
119
122
125
126
124
107
129
109
106
109
120
126
116
116
120
116
111
120
114
142
118
123
118
119
103
114
126
100
123
121
114
100
119
126
120
110
122
111
117
99
122
108
116
107
102
106
95
101
107
109
134
109
96
107
116
92
119
104
117
137
116
114
108
99
131
110
122
118
108
111
108
105
118
102
111
130
110
128
106
99
102
107
99
98
105
105
97
124
107
96
117
109
108
100
101
94
103
114
102
92
101
97
84
119
103
95
101
75
106
129
90
107
123
102
113
103
110
99
75
106
106
108
93
94
100
86
103
102
108
99
94
77
85
99
82
111
89
87
88
78
103
90
99
86
84
91
97
98
105
85
90
105
95
92
80
83
89
87
108
99
94
96
88
92
91
87
98
86
98
79
93
94
82
79
98
81
88
83
90
89
96
88
98
104
84
80
99
86
85
94
89
82
102
89
97
83
93
74
91
94
95
87
87
80
85
84
86
84
77
85
80
89
79
95
89
90
91
88
98
78
69
86
92
71
77
84
91
87
92
86
78
80
75
74
81
82
64
75
87
84
100
91
86
88
88
77
77
89
82
78
84
86
86
66
79
87
83
72
90
90
81
79
77
66
74
77
73
75
82
92
81
75
84
92
68
77
78
73
70
71
66
76
70
79
73
59
72
82
65
63
86
77
57
80
73
71
73
60
69
70
77
78
53
86
84
80
80
76
60
78
72
65
82
82
75
80
75
65
63
71
74
74
70
68
76
60
68
64
72
69
61
66
75
72
65
67
65
68
75
71
64
67
69
71
69
72
58
54
62
62
71
51
73
58
72
64
59
83
59
77
65
87
65
69
68
62
66
70
70
47
59
72
65
71
62
60
77
71
59
64
64
74
55
57
58
74
52
56
72
79
58
65
67
55
60
67
52
55
64
79
59
58
46
72
61
70
57
65
63
64
58
69
71
62
62
72
73
66
68
64
72
75
51
68
64
78
59
56
59
51
57
72
47
51
47
57
64
65
66
61
59
49
57
57
57
66
65
57
69
47
61
53
64
63
62
54
50
65
54
54
54
61
51
45
64
51
54
53
54
45
60
57
56
60
58
60
67
50
67
51
60
43
67
58
55
60
73
55
55
51
56
52
60
45
59
54
55
48
44
56
54
51
68
50
55
53
49
52
45
47
46
47
57
51
62
59
57
50
71
57
57
54
49
54
66
70
49
51
44
42
53
54
57
45
44
56
44
44
50
48
45
48
49
63
54
48
51
51
54
51
50
38
47
51
52
48
60
64
59
45
57
42
40
51
53
50
42
53
53
64
43
39
52
44
59
53
45
41
52
45
42
55
46
45
48
49
42
49
49
55
48
53
43
52
59
37
38
42
61
41
59
43
48
41
50
52
40
42
40
44
50
50
51
50
40
50
58
44
44
62
48
47
55
50
46
36
43
40
47
49
40
51
40
46
41
43
48
51
46
45
46
54
60
44
43
46
56
50
49
36
40
51
48
54
47
41
45
42
43
37
50
48
43
52
51
38
45
38
38
40
59
29
49
37
56
44
45
34
44
41
43
48
38
56
37
44
37
41
39
37
34
40
44
47
40
41
39
48
45
48
49
44
29
41
42
38
46
44
36
43
51
45
41
41
42
38
32
26
49
40
37
49
39
48
42
47
32
46
29
48
32
33
47
47
39
44
43
39
35
36
46
30
41
40
39
42
43
32
43
40
36
35
35
25
42
47
35
43
49
38
36
36
28
46
31
40
51
34
55
40
34
38
29
32
35
41
38
46
44
45
34
42
46
37
36
39
42
44
29
37
38
40
43
31
36
38
32
34
39
44
38
37
39
34
45
46
39
36
36
28
40
42
31
46
36
37
40
30
40
32
39
36
34
53
39
38
32
32
32
22
38
41
35
39
37
39
34
38
36
33
28
33
42
37
40
31
39
33
28
38
42
42
32
33
31
32
40
37
31
34
50
32
41
27
29
32
21
26
39
33
34
40
36
31
29
34
23
46
28
31
37
31
34
37
47
42
30
31
36
41
35
31
31
42
45
32
28
39
41
24
35
47
36
29
38
36
27
33
30
34
39
37
31
34
31
41
37
24
26
32
34
32
46
39
31
41
33
35
29
46
38
29
38
25
25
35
22
31
27
39
39
34
31
26
29
37
35
25
31
36
30
26
25
43
29
37
35
45
33
45
31
31
35
39
32
22
35
39
35
38
35
25
35
26
42
22
30
30
34
23
28
34
36
37
30
26
34
32
39
34
28
34
53
34
49
24
28
25
39
43
38
24
39
21
30
29
29
32
39
24
37
29
30
32
25
46
22
31
34
29
40
25
27
34
33
41
30
35
27
34
20
27
29
33
33
29
26
34
18
25
34
29
30
33
32
31
37
26
32
24
32
31
44
27
32
29
29
36
37
28
33
34
31
36
29
22
30
30
37
30
41
29
23
25
29
26
42
28
29
37
30
38
23
23
39
40
29
27
32
28
36
26
32
40
28
42
23
20
34
29
17
23
26
27
31
43
37
29
32
17
34
25
25
15
38
26
30
38
26
39
26
38
31
28
25
34
29
31
26
27
20
32
22
34
25
25
35
31
26
34
32
27
28
35
42
33
24
27
32
32
28
23
27
31
34
38
26
19
24
32
28
25
35
24
16
30
19
28
33
32
23
26
27
28
25
30
26
21
32
32
29
28
31
24
35
26
23
28
36
24
30
21
32
21
25
30
30
28
17
25
33
32
23
34
38
32
31
32
28
26
25
26
28
31
37
26
31
37
29
33
25
32
26
33
32
38
34
25
22
35
20
30
26
27
31
31
35
27
30
28
25
31
33
28
28
24
34
20
22
33
24
26
30
23
30
25
30
21
25
33
29
17
20
26
29
25
26
37
34
28
22
40
19
27
16
31
31
28
21
20
20
29
24
18
26
21
26
25
29
27
18
29
31
29
28
18
30
22
35
38
24
35
29
21
32
21
23
28
31
39
21
24
26
21
37
19
30
28
25
30
28
24
34
19
15
25
21
28
24
24
33
20
25
27
21
23
23
27
27
29
26
39
23
22
25
19
32
30
23
23
31
36
22
27
27
18
34
30
22
24
32
20
20
25
26
26
26
29
16
26
26
22
25
30
22
19
25
19
31
22
20
26
14
23
28
28
24
40
17
32
21
26
32
33
30
26
26
18
25
22
12
20
35
19
29
27
26
26
33
26
30
27
22
20
22
29
20
27
29
27
28
24
20
28
20
17
19
27
33
21
13
30
35
20
18
30
34
24
20
20
22
29
29
26
16
19
25
24
17
31
28
20
24
35
14
26
20
12
16
21
21
25
23
17
28
28
19
23
25
27
29
28
18
23
23
21
28
22
30
20
24
28
22
21
21
19
15
17
25
18
17
21
24
24
18
29
29
18
35
20
26
38
20
19
23
22
22
25
16
22
25
27
23
36
21
21
20
29
20
24
28
35
23
35
25
26
14
20
25
23
30
29
26
20
28
26
27
28
22
19
19
21
24
20
16
20
21
20
19
24
29
28
22
27
22
22
21
16
13
19
26
19
30
29
24
20
16
23
23
18
28
26
31
28
25
25
25
19
20
25
30
21
19
22
23
25
18
24
28
24
24
16
23
16
21
26
26
16
28
23
21
22
28
23
18
20
29
16
15
20
18
23
17
16
26
28
35
17
17
21
23
23
26
21
25
21
26
19
20
28
19
24
21
28
21
25
14
21
30
25
20
23
18
20
25
27
23
21
20
20
18
16
18
33
17
24
28
29
21
21
28
26
15
30
30
29
22
17
24
26
26
23
25
19
21
20
21
25
23
33
17
16
25
18
25
18
16
24
20
26
27
16
20
16
19
20
21
25
24
18
17
18
20
20
21
25
18
18
26
18
25
28
25
20
22
18
25
19
17
24
29
22
24
16
29
20
22
16
20
18
18
26
27
33
18
26
24
30
27
25
28
26
18
28
9
20
17
27
28
27
20
11
22
22
20
16
16
26
12
11
19
13
20
14
15
20
18
19
31
24
26
23
16
22
19
12
22
22
19
15
26
26
20
30
20
20
19
19
21
21
22
14
20
24
15
21
19
21
27
17
16
24
12
26
20
25
22
18
19
30
18
15
16
13
15
24
19
17
8
19
23
16
22
18
17
23
13
18
26
16
16
20
26
23
15
16
32
18
17
20
17
15
22
18
23
16
16
12
17
19
20
23
12
22
21
17
17
11
21
24
20
22
17
22
24
26
24
24
21
18
15
16
21
14
22
28
13
22
24
19
16
21
13
19
27
20
31
21
30
27
19
13
17
19
16
17
22
16
23
18
12
21
16
17
17
18
25
19
26
20
21
24
17
14
18
17
14
19
19
15
13
24
16
30
17
16
30
22
11
19
9
12
22
19
22
17
16
18
23
23
18
23
22
20
28
15
20
22
17
24
22
17
22
26
25
11
13
24
18
13
23
18
14
17
22
22
30
20
17
15
22
20
20
18
23
15
16
19
29
28
20
23
16
16
17
18
19
13
13
15
16
22
20
18
18
19
18
13
32
14
24
16
19
21
21
11
26
13
25
28
19
25
25
22
18
20
19
25
22
13
21
22
18
31
18
15
19
27
15
17
21
16
21
15
25
11
18
22
24
16
28
21
24
19
30
22
19
8
21
19
15
22
13
21
23
22
15
12
23
24
24
21
24
26
17
15
20
13
19
21
25
20
20
22
27
16
22
15
18
20
19
15
22
21
20
21
20
20
17
24
16
15
27
28
23
19
25
18
18
18
18
25
25
11
16
19
20
20
14
14
18
27
25
21
23
16
14
19
23
16
22
17
15
13
23
23
16
20
19
17
24
21
14
17
22
14
20
21
17
14
20
10
19
16
15
18
17
13
12
22
23
25
18
22
11
13
19
12
23
19
26
17
14
16
24
18
16
14
17
13
18
15
21
19
18
15
15
19
18
15
16
8
19
12
18
17
16
16
14
23
16
21
12
18
19
23
20
11
27
22
12
17
19
19
22
20
13
12
17
17
17
11
15
25
17
17
12
18
24
15
17
16
25
14
21
23
13
16
17
20
22
24
20
16
19
26
19
14
21
9
25
15
20
17
12
13
19
16
18
16
15
16
20
16
23
25
13
13
19
14
26
18
19
21
24
19
13
14
17
18
17
20
23
16
14
25
14
21
17
15
24
18
19
11
19
21
23
16
14
16
21
21
17
18
18
19
18
17
17
21
20
15
22
18
20
24
13
17
24
17
20
22
18
13
20
21
21
20
22
15
18
26
16
14
23
14
19
13
21
19
17
17
19
17
23
19
29
18
23
20
17
21
15
14
14
19
13
15
23
22
21
15
17
18
16
20
19
13
18
11
15
15
15
20
14
13
18
12
23
19
13
20
20
22
21
16
24
19
19
21
17
24
15
11
22
18
19
13
20
15
14
12
19
19
23
20
20
16
18
22
14
20
20
21
25
12
19
23
11
13
17
14
12
16
19
9
16
21
15
18
17
22
18
8
22
14
15
18
13
17
19
24
20
13
19
17
18
24
14
17
10
14
19
12
18
11
13
20
21
16
16
19
19
12
16
13
12
19
28
19
10
13
20
13
18
19
19
16
22
12
12
12
17
22
19
28
22
14
26
27
16
22
20
16
20
20
24
20
15
14
12
23
19
14
17
19
16
21
15
15
17
17
16
18
14
10
16
19
24
15
12
21
16
13
16
18
13
17
12
12
19
17
14
13
10
7
15
22
18
21
19
21
18
16
15
9
12
23
15
19
13
18
15
16
17
20
20
19
16
23
18
16
18
21
11
14
18
18
15
14
20
21
15
16
5
19
18
20
16
12
16
16
19
21
18
14
20
15
16
17
14
12
15
12
23
22
19
13
13
16
20
17
25
17
20
19
17
25
25
19
15
13
17
13
22
13
21
20
21
16
13
13
16
23
22
14
16
14
15
18
21
18
24
12
16
14
14
22
13
20
19
15
16
13
12
18
20
19
23
17
16
16
14
23
12
23
20
16
16
20
16
14
22
23
19
16
11
21
17
16
20
20
19
15
10
17
22
14
19
12
8
17
12
15
13
14
16
20
24
18
20
13
16
21
23
11
18
18
19
17
22
19
15
19
18
20
18
15
13
14
21
12
14
17
21
19
13
14
18
21
17
14
18
16
17
16
19
17
15
15
20
19
16
16
18
21
13
13
16
12
12
16
18
22
19
22
18
22
20
16
20
16
17
19
13
21
16
15
15
18
11
14
15
15
13
21
28
22
12
20
18
20
20
17
15
15
21
17
22
25
13
15
19
21
18
22
14
16
19
21
16
15
12
24
28
15
13
15
19
18
17
14
25
19
13
14
14
15
14
18
21
18
7
26
19
19
13
12
17
21
19
16
13
16
13
6
13
17
19
25
15
21
14
17
16
17
24
20
9
10
21
12
15
15
12
15
20
21
13
16
16
22
15
12
11
10
19
18
10
20
26
9
12
16
17
11
12
21
13
18
16
13
15
18
22
16
20
19
22
10
18
18
17
21
9
20
20
18
19
17
11
18
32
8
15
18
24
11
14
17
11
12
12
17
27
12
11
13
14
10
17
14
20
19
16
18
23
20
16
10
22
14
15
12
17
14
25
11
15
11
14
14
8
18
10
15
8
18
11
14
15
11
15
13
17
23
14
12
14
16
17
16
14
12
24
9
11
15
18
21
12
12
18
17
13
9
15
12
16
20
15
13
20
15
14
14
25
11
13
24
17
15
14
11
15
21
8
7
9
15
10
13
24
12
14
16
18
16
15
15
12
13
14
13
15
9
8
11
10
23
16
15
16
14
17
13
16
11
9
13
10
11
15
17
15
13
7
17
15
17
9
23
16
18
17
16
7
15
13
10
11
8
10
19
17
17
15
15
14
20
14
20
16
17
19
4
14
13
9
14
17
16
14
14
16
17
9
11
14
14
15
11
16
19
15
11
20
15
15
8
15
13
18
12
17
15
10
14
18
16
13
15
11
11
16
15
17
18
18
14
11
15
17
18
21
18
9
17
15
10
10
6
14
11
12
7
13
16
19
19
8
9
14
12
15
10
10
11
17
11
18
5
15
14
13
18
15
16
17
17
22
8
11
8
11
5
13
21
13
12
17
6
13
16
12
8
12
15
12
12
12
11
17
16
16
13
13
14
13
19
11
14
17
13
11
16
9
8
17
17
13
18
10
14
11
18
14
14
11
13
13
10
12
8
14
13
8
7
7
13
11
12
8
19
17
9
13
11
10
8
19
12
12
6
14
20
14
13
21
15
15
16
12
18
20
16
8
8
6
7
12
17
13
11
12
13
18
20
14
20
13
10
21
24
14
9
21
12
12
17
9
7
19
13
13
13
19
16
11
15
17
13
17
14
12
20
12
22
12
16
13
14
20
15
14
18
8
16
13
13
27
16
14
13
14
16
15
13
13
10
14
11
11
12
8
13
16
14
14
13
7
10
12
17
12
15
14
15
12
13
19
20
11
9
12
6
16
6
12
13
14
17
18
24
16
10
10
17
17
15
16
13
16
15
8
16
12
9
17
13
5
11
7
10
14
9
15
10
11
19
14
17
14
9
15
17
10
22
13
6
11
15
16
18
22
13
11
18
10
8
9
11
18
10
18
7
13
13
18
8
22
11
11
14
13
17
11
14
11
9
17
8
14
15
13
17
9
17
10
12
11
13
10
10
14
18
7
9
13
15
11
14
17
16
11
13
15
21
18
7
10
10
12
13
5
16
13
13
10
12
10
11
8
8
14
6
8
14
8
9
9
21
18
16
11
8
13
14
3
11
12
12
11
9
12
8
11
15
16
18
14
11
10
16
14
14
17
20
10
6
7
16
9
18
17
10
11
10
11
3
15
13
15
7
16
6
12
12
13
9
13
14
8
11
7
12
14
15
22
9
17
12
15
9
22
11
16
11
9
11
13
13
11
8
14
10
17
18
13
12
14
16
8
10
12
10
5
7
10
10
7
16
10
21
15
13
12
12
16
12
17
8
8
18
16
14
10
12
14
10
16
13
13
11
8
9
16
9
14
8
11
15
15
9
9
16
16
19
7
16
7
7
12
9
12
13
11
8
11
11
17
10
7
17
13
9
6
12
17
13
6
7
13
5
14
10
11
13
14
15
9
16
15
11
13
10
12
11
8
14
14
13
11
12
15
18
16
11
13
11
13
10
12
19
10
12
13
10
12
6
13
10
14
9
13
12
7
11
8
14
16
5
13
10
10
15
11
11
12
13
10
10
14
8
12
4
13
13
8
11
13
13
17
14
14
11
13
11
8
20
13
12
11
8
16
11
6
10
13
15
4
10
10
13
13
9
13
11
11
9
12
19
10
11
7
10
17
11
11
6
12
17
12
13
8
5
14
3
8
16
15
11
19
12
15
14
15
9
14
10
15
13
15
8
14
10
12
9
11
6
13
6
15
9
19
10
10
11
12
12
14
10
8
13
14
12
13
16
9
8
13
12
15
10
9
7
6
9
20
15
14
15
11
13
7
17
14
10
6
9
5
10
7
7
19
11
8
16
7
7
12
10
13
10
13
10
15
10
12
13
11
7
14
11
11
9
14
10
7
13
11
18
7
10
10
8
12
10
6
14
12
9
8
4
9
15
11
13
8
13
9
10
12
14
10
7
10
13
15
12
11
7
16
9
8
13
9
5
10
6
9
8
6
10
11
10
10
8
7
12
13
14
10
12
10
14
8
8
11
10
11
10
9
15
14
12
12
13
7
10
9
10
15
12
8
13
17
11
15
12
8
21
9
9
10
11
5
16
11
9
11
12
11
16
10
15
9
12
10
11
6
9
10
15
9
15
12
7
13
15
8
13
9
6
10
16
10
15
8
14
13
13
11
13
10
8
9
8
14
9
14
17
9
14
10
8
10
8
12
11
10
12
9
15
6
12
18
8
11
13
11
7
8
11
6
8
6
8
9
14
6
9
8
11
8
12
10
11
15
10
11
9
10
8
6
7
9
7
13
15
9
9
7
11
6
8
6
14
6
8
12
6
12
9
11
8
13
10
7
6
11
14
12
5
13
5
3
8
7
8
8
2
13
8
17
11
5
10
17
14
9
8
9
4
9
10
6
9
5
9
9
12
6
11
4
7
6
8
11
12
7
6
10
5
5
12
10
11
12
13
6
10
13
16
19
9
7
11
16
12
4
8
14
10
14
13
10
4
6
9
11
9
6
4
16
10
7
11
9
13
4
6
11
8
11
9
6
11
11
12
11
11
10
5
9
8
14
10
9
10
11
12
11
9
12
8
8
7
9
7
6
7
9
7
11
10
12
7
10
7
8
4
18
8
6
10
13
6
6
10
13
8
9
6
10
5
6
10
9
7
8
9
7
12
6
7
14
15
11
8
12
12
13
8
11
6
11
11
8
6
4
17
12
11
7
7
7
12
5
6
12
10
5
12
12
12
11
3
10
6
9
11
13
14
11
7
5
8
4
8
11
14
7
9
14
14
8
9
14
11
6
10
11
10
10
7
5
8
10
13
11
6
18
9
10
10
8
11
15
13
9
9
18
9
10
4
10
14
3
6
11
5
10
11
11
10
9
15
12
8
7
18
10
5
9
10
10
6
9
7
8
14
8
11
10
7
8
6
9
9
9
6
15
6
8
6
7
6
11
10
13
15
12
10
9
10
12
12
7
13
12
8
10
11
13
11
8
5
8
8
3
13
10
3
7
9
8
13
8
11
4
12
7
10
11
11
6
9
15
12
3
10
7
13
8
11
11
7
12
14
9
6
12
6
10
10
5
12
11
9
7
6
10
3
9
4
11
7
6
13
10
7
10
8
12
8
7
8
11
11
5
13
5
4
12
5
11
12
7
7
10
11
11
7
7
5
13
6
12
10
7
11
9
8
6
10
10
13
12
7
9
10
7
4
9
7
5
8
9
7
13
5
7
9
8
11
8
7
8
10
10
10
6
5
10
7
11
5
9
5
3
4
3
5
6
13
7
11
6
4
10
4
10
4
8
9
9
9
7
8
4
9
7
5
9
10
5
8
14
4
8
6
9
8
7
11
7
9
6
8
7
6
5
10
7
10
12
10
10
10
6
4
7
4
5
5
6
12
9
14
7
1
4
10
3
5
6
10
5
4
7
5
4
5
6
6
5
4
16
9
8
9
8
11
6
6
11
6
12
10
9
8
12
9
6
12
10
9
3
11
8
10
8
11
6
10
5
2
10
13
3
9
9
7
9
8
8
11
3
3
7
11
12
12
10
5
4
9
5
8
7
7
9
8
7
5
3
9
8
4
9
8
3
11
5
7
6
11
3
8
6
9
12
3
4
8
4
8
4
9
7
4
8
3
10
7
5
10
7
6
2
7
8
8
3
6
11
4
6
7
10
6
11
5
11
6
12
8
6
2
10
4
9
8
3
10
5
14
6
6
8
8
4
5
2
13
6
9
5
5
7
10
14
5
10
1
7
3
5
4
6
6
3
6
7
7
6
9
5
1
5
6
9
8
6
4
6
9
6
8
12
10
4
13
4
8
7
12
12
7
7
4
8
10
7
9
4
9
5
9
9
5
4
5
5
6
4
7
2
6
8
10
5
8
7
7
11
10
4
6
7
6
6
6
4
11
7
4
8
11
7
9
5
7
9
13
7
11
3
10
8
4
11
13
3
1
11
6
5
7
3
6
4
3
4
7
3
5
6
5
4
7
6
6
9
11
7
6
5
6
7
5
6
6
9
7
8
8
3
6
8
4
4
4
8
5
3
7
6
8
11
5
6
9
5
7
2
4
10
6
5
6
8
1
3
9
3
4
6
3
7
7
8
5
6
10
10
3
4
4
12
8
9
10
6
8
5
7
4
9
4
3
9
6
5
7
6
5
6
8
5
2
8
9
7
7
4
10
5
10
8
7
5
6
4
12
9
1
6
3
4
5
7
11
5
6
11
14
7
1
7
8
7
7
7
7
9
10
4
10
2
6
4
9
4
6
5
5
7
3
9
8
7
5
9
9
6
4
6
7
6
6
2
8
9
5
6
8
3
6
1
9
6
4
4
3
6
11
8
7
4
4
7
11
7
3
5
6
6
10
3
4
6
3
7
11
6
6
6
3
8
2
6
5
6
5
5
6
6
8
5
9
5
6
6
5
8
7
9
6
6
8
4
9
8
12
9
5
6
5
2
5
7
4
2
4
6
2
6
8
3
5
5
0
7
1
7
4
3
5
1
5
5
4
3
2
9
4
3
7
5
5
2
7
6
3
7
6
3
4
7
6
2
4
3
5
9
5
4
6
5
5
7
8
6
3
4
9
10
1
3
7
4
2
4
4
6
8
2
3
4
5
9
8
5
6
5
0
7
4
6
3
9
4
6
6
4
2
2
8
6
6
9
6
3
8
6
7
8
10
6
3
1
3
5
3
6
4
8
8
6
8
4
5
3
3
11
3
5
5
1
5
4
9
2
5
6
7
4
2
3
8
4
5
6
2
6
4
8
7
2
7
9
5
4
6
3
6
5
4
3
1
6
8
4
4
6
1
5
3
9
4
6
5
3
5
6
4
5
10
7
4
5
8
2
6
10
2
3
9
6
3
5
6
4
11
4
2
3
6
11
5
5
4
4
5
2
7
9
5
6
1
3
4
6
4
5
6
1
5
4
6
7
4
6
5
6
6
7
3
5
4
6
4
4
4
4
5
8
5
3
2
4
4
6
3
2
2
3
4
4
4
4
8
3
3
6
7
1
6
5
6
7
5
6
10
3
5
4
9
1
3
0
6
6
6
2
5
7
5
4
3
3
2
5
5
5
4
5
8
6
4
6
2
7
0
7
5
5
5
6
3
7
2
9
2
5
4
8
8
7
4
6
7
4
4
5
6
7
4
6
1
4
2
3
2
5
5
5
2
7
6
5
3
3
4
7
9
2
8
1
2
6
2
5
7
2
7
8
9
4
4
5
8
3
2
3
4
8
9
8
10
7
9
8
4
8
2
5
9
3
3
5
5
7
5
4
1
5
1
6
3
3
3
4
5
6
10
3
1
2
4
4
1
7
1
8
4
3
5
8
9
8
4
4
2
5
7
5
2
2
5
2
4
5
7
4
4
4
3
5
2
6
3
2
1
5
3
3
7
4
7
8
3
2
3
6
3
5
6
3
4
4
4
2
8
0
7
5
3
6
2
6
4
6
2
3
2
9
3
6
5
7
5
1
1
3
3
3
7
5
7
2
5
3
4
2
3
4
5
2
1
2
4
4
9
5
3
2
5
1
4
6
3
7
6
11
3
8
4
2
4
4
3
3
7
2
8
2
5
7
2
3
4
3
0
0
2
5
3
7
3
2
5
2
3
2
4
4
6
4
4
4
3
5
4
3
7
5
4
4
8
2
2
4
3
2
7
4
4
4
4
4
4
4
2
2
4
4
2
1
10
6
3
6
5
1
2
2
2
1
3
4
3
6
2
3
4
3
0
3
0
3
4
3
2
3
1
7
0
3
1
5
4
4
5
4
2
2
7
3
5
1
3
4
4
2
3
2
6
3
1
1
4
4
2
4
3
2
6
5
7
1
2
3
0
2
2
4
3
4
0
3
4
2
6
2
3
5
2
3
2
1
4
1
1
1
3
3
3
2
3
2
1
8
3
2
5
2
5
3
5
3
1
3
3
3
3
5
4
2
4
5
2
1
6
0
5
3
6
7
2
4
2
6
4
4
5
1
1
3
2
6
6
6
2
3
3
3
3
1
2
2
1
3
3
2
0
2
1
4
5
0
1
2
4
4
4
3
8
4
5
0
4
3
2
1
2
1
7
3
1
2
4
1
4
3
1
2
4
3
7
4
2
2
3
3
2
1
2
2
1
6
1
2
3
4
2
0
2
5
2
1
2
2
3
0
0
3
6
3
1
2
0
0
2
3
6
1
5
5
6
2
1
5
7
3
0
4
1
1
3
2
6
3
5
1
2
2
1
4
2
4
2
3
1
1
1
4
1
1
2
0
1
3
1
5
5
5
4
1
3
5
3
2
5
0
1
3
3
2
1
6
4
0
2
5
5
2
0
5
1
0
2
4
1
1
2
2
3
4
1
2
2
1
2
4
6
2
1
3
1
0
2
3
1
3
2
1
4
1
1
2
3
3
0
3
2
7
7
3
1
2
2
3
4
1
4
0
0
3
1
1
3
3
2
0
3
2
2
4
4
1
1
6
2
2
3
3
1
6
4
3
2
2
3
2
0
1
3
0
2
6
0
2
2
2
4
0
4
1
1
3
1
0
0
1
2
1
3
2
1
3
2
3
2
1
2
2
6
0
2
3
4
2
2
8
4
2
3
6
5
1
1
1
4
0
2
2
3
1
1
2
3
0
1
4
5
4
2
0
2
2
2
6
5
2
1
3
3
4
3
0
3
0
3
2
1
6
1
3
3
1
4
1
4
1
2
1
4
3
2
3
2
1
3
2
1
2
1
2
4
2
3
3
2
3
0
2
5
2
3
5
1
2
2
3
3
2
1
3
3
0
2
2
0
4
1
1
1
0
4
3
3
5
1
7
1
1
3
4
2
2
2
2
2
0
1
3
3
5
0
3
2
1
1
3
4
1
5
5
2
1
2
1
3
2
4
2
3
1
1
5
3
1
5
2
3
3
3
1
0
4
0
2
3
2
1
1
0
4
4
2
2
3
4
0
2
1
4
1
2
5
1
3
2
3
0
1
3
3
3
1
1
3
3
3
4
0
0
0
3
3
1
3
5
3
4
2
3
0
2
1
3
1
2
0
3
3
3
2
3
0
2
0
1
0
2
3
5
2
1
1
1
3
0
2
3
3
3
4
1
2
0
1
1
1
1
3
0
4
1
3
1
0
1
1
1
4
1
4
2
1
2
2
0
3
2
1
1
4
2
4
2
2
0
1
1
1
2
3
1
2
2
2
0
2
2
3
2
3
0
2
0
2
3
0
2
2
4
0
1
1
4
1
6
0
1
2
0
1
1
0
2
1
1
3
1
1
1
4
0
0
3
2
2
0
1
1
1
1
3
0
1
4
0
0
2
0
1
4
1
3
1
1
2
1
1
4
4
0
1
1
1
0
4
4
2
1
2
0
0
3
3
3
6
1
2
3
1
1
2
2
1
2
3
4
0
4
0
2
0
1
2
1
2
2
2
3
2
2
1
0
1
1
1
1
3
1
0
2
1
3
3
1
0
2
1
3
1
0
2
0
1
0
3
4
1
3
2
3
1
4
2
2
1
1
1
0
0
3
1
3
0
0
2
1
4
2
2
1
0
1
0
1
3
3
1
1
1
1
0
2
0
2
0
1
0
1
1
1
0
2
2
1
3
0
1
2
2
0
0
1
2
4
0
0
1
0
1
1
0
3
1
1
0
1
0
0
4
1
0
1
0
0
2
0
0
0
2
2
1
1
0
3
2
0
0
2
1
1
1
0
1
2
0
3
0
0
1
0
0
1
2
1
1
4
2
2
2
1
2
0
1
1
2
1
1
0
0
2
1
0
1
1
0
1
0
2
2
0
1
0
0
2
2
1
2
2
0
3
1
0
4
2
2
1
2
2
2
0
1
2
0
0
0
0
0
0
0
0
0
1
0
0
2
0
1
2
2
0
0
2
0
2
1
1
2
1
0
0
2
4
0
1
1
3
2
1
2
0
1
0
1
1
0
0
0
0
1
0
2
1
0
1
0
1
4
1
0
0
1
0
1
2
3
3
3
1
2
1
3
0
1
0
0
2
1
1
5
0
0
0
0
0
1
0
3
0
1
1
1
0
3
0
0
1
1
0
0
3
1
1
1
0
0
0
0
0
2
0
1
1
0
0
1
1
1
3
2
1
1
1
0
0
0
1
0
0
1
1
3
1
1
1
1
1
1
1
1
0
0
2
1
0
3
2
1
1
0
3
1
1
1
0
0
0
2
2
0
1
1
2
1
0
0
1
0
0
2
2
0
1
1
1
1
1
0
1
1
1
0
0
0
3
0
1
1
2
1
0
1
1
0
1
3
2
0
1
0
1
1
2
1
0
1
1
0
0
3
2
0
2
1
0
0
1
1
0
1
1
0
1
2
0
0
1
1
0
3
0
0
1
0
0
1
0
1
1
1
1
2
1
0
0
1
1
0
0
1
0
0
0
0
2
1
1
0
0
0
0
1
0
0
0
1
0
1
0
2
1
2
0
0
1
1
0
1
0
1
1
1
0
0
0
1
0
1
1
1
1
1
0
0
0
0
1
1
3
0
1
1
1
0
0
0
0
2
2
1
0
1
2
1
1
0
2
1
0
0
0
0
0
1
3
0
0
0
1
2
0
0
0
0
0
0
0
0
0
1
1
1
1
2
0
1
1
2
0
0
1
0
1
1
1
0
0
1
1
1
1
1
0
1
2
1
2
0
1
2
0
1
0
1
2
2
3
1
1
0
0
0
0
1
0
0
1
0
0
0
0
1
2
0
2
0
2
0
1
1
2
0
1
1
2
0
0
1
0
1
1
1
0
0
0
1
1
1
1
0
0
0
0
1
0
0
0
0
1
0
0
1
0
1
0
1
1
0
0
0
0
1
0
2
0
0
1
0
0
1
2
2
0
0
2
0
0
0
0
0
0
0
0
0
0
0
0
0
1
2
0
0
0
0
0
0
0
0
1
0
0
0
1
1
1
0
0
1
0
1
1
0
1
1
0
0
0
0
2
1
1
0
0
2
0
0
1
0
0
0
1
1
1
0
0
0
0
0
0
1
0
0
0
0
0
0
0
1
0
0
0
0
0
0
2
0
1
0
0
0
0
0
0
0
0
0
0
0
0
0
0
1
0
1
0
2
0
1
0
1
1
0
1
0
0
0
1
0
3
0
1
0
2
0
0
0
0
0
1
1
0
0
0
0
2
0
0
0
0
0
0
1
0
3
0
1
0
1
0
0
1
0
1
0
0
0
0
0
0
0
0
1
0
0
0
1
1
0
0
0
0
1
1
0
0
0
0
1
0
0
1
0
0
0
0
0
0
0
0
1
1
1
1
0
0
0
0
0
1
0
0
0
0
1
0
0
0
0
0
0
0
0
0
0
0
0
1
0
0
0
0
0
0
0
0
0
0
0
1
0
0
0
0
0
1
0
0
0
0
1
0
0
0
0
0
0
0
0
0
1
0
0
0
1
2
0
1
0
0
0
0
0
0
1
0
0
0
0
0
0
0
0
0
0
0
0
0
0
0
0
0
0
1
1
0
0
0
0
0
1
0
0
0
0
1
0
1
0
0
0
1
0
0
0
0
0
1
0
0
0
0
0
0
0
0
0
0
0
0
1
0
0
0
0
0
0
0
0
0
0
1
0
0
0
0
0
0
0
0
0
1
0
0
0
0
0
0
0
0
0
0
0
0
0
0
0
1
0
1
0
0
0
0
0
0
0
0
0
0
0
1
2
0
0
0
0
1
0
0
0
0
0
0
0
0
0
1
0
0
0
0
0
0
0
0
0
0
0
0
0
0
0
0
0
0
0
0
0
0
1
0
0
0
0
0
0
0
0
0
1
0
0
0
0
0
0
0
0
0
0
0
0
0
0
0
0
0
0
0
0
0
0
0
1
0
0
0
0
2
1
0
0
0
0
0
0
0
0
0
0
0
0
0
0
0
0
1
0
0
0
0
0
1
0
0
0
0
0
0
0
0
0
0
0
0
0
0
0
0
0
1
1
5
3
3
2
2
2
1
2
3
0
1
1
5
1
1
4
3
2
3
1
2
3
2
1
4
1
2
3
4
4
5
0
2
1
1
4
8
4
6
3
3
2
2
1
2
2
3
2
2
1
5
2
5
1
2
2
1
1
2
0
4
0
2
2
0
0
5
4
2
6
0
5
1
3
4
2
2
2
8
2
3
2
1
0
4
1
4
4
2
2
0
1
3
1
1
1
5
1
2
2
1
2
1
2
2
4
3
1
0
2
4
3
0
2
2
0
1
2
0
3
3
4
0
2
0
1
