0
1
0
0
0
0
0
0
0
0
0
0
0
0
1
0
0
0
0
0
0
0
0
0
0
0
0
0
1
0
0
0
0
0
0
0
0
0
0
0
1
0
0
0
0
0
0
0
0
0
0
0
0
0
0
0
0
0
0
0
0
0
0
0
0
1
0
0
0
0
0
0
0
0
0
1
0
0
0
0
0
0
0
0
0
1
0
0
0
0
0
0
0
0
0
0
0
0
0
0
0
0
0
0
0
0
0
0
0
0
0
0
0
0
0
0
0
0
0
0
0
0
0
0
0
0
0
0
0
0
0
0
0
0
0
0
0
0
0
0
0
0
0
0
0
0
0
0
0
0
0
0
0
0
0
0
0
0
0
1
0
0
0
6
26
119
187
217
230
244
245
260
277
245
258
247
236
221
262
247
225
249
244
262
292
250
282
261
224
230
253
262
266
274
266
262
242
234
252
265
235
287
266
229
262
251
284
234
277
258
262
292
258
282
267
245
256
255
262
258
252
269
289
252
244
266
261
310
284
276
289
256
281
265
290
308
299
279
300
281
261
293
331
307
281
285
331
301
285
311
287
311
276
302
301
294
297
302
286
316
301
302
258
293
323
315
303
282
310
299
307
327
288
305
300
300
282
287
303
300
348
321
315
318
334
297
263
311
335
289
331
316
286
320
344
303
318
317
290
302
329
295
325
338
318
335
304
318
365
324
332
311
265
278
309
314
307
299
303
336
367
342
308
299
336
318
358
327
315
285
313
351
327
335
347
338
316
339
334
336
315
327
320
340
374
344
307
345
307
315
330
342
326
329
336
353
350
325
339
328
329
295
349
305
338
319
322
348
329
323
352
336
351
336
300
326
367
338
317
322
349
326
322
317
359
376
357
349
329
348
349
387
342
330
355
338
356
351
327
357
387
346
326
315
320
357
326
346
307
350
339
351
302
330
344
286
350
308
315
315
349
328
339
326
309
345
296
344
330
328
320
321
308
302
312
338
338
318
322
331
329
295
324
318
277
321
312
322
313
327
303
344
323
315
303
312
329
313
323
316
351
321
302
349
308
305
297
309
289
337
300
333
312
285
287
329
287
316
323
302
302
295
295
308
322
297
329
280
289
306
294
293
321
284
313
308
324
301
297
313
316
309
320
312
292
292
303
283
317
295
285
297
278
308
290
285
313
254
319
262
286
261
296
279
297
285
293
308
282
305
315
294
303
303
294
310
301
286
274
306
303
303
289
305
280
318
262
273
296
251
293
271
270
282
280
311
314
250
304
283
280
286
263
280
247
293
266
265
251
296
290
301
254
250
277
278
281
267
285
288
264
267
282
266
289
260
293
290
273
279
264
248
257
281
272
297
296
278
278
267
254
271
281
254
243
247
255
262
247
266
246
274
279
263
256
276
269
238
244
263
243
241
243
264
257
252
237
261
253
256
247
255
256
251
253
227
286
235
251
253
235
227
226
247
232
268
243
228
234
232
248
260
235
217
236
235
238
247
268
243
223
259
254
224
244
235
276
223
208
237
234
230
246
244
235
231
222
246
217
233
229
244
270
235
224
262
199
227
243
205
240
206
211
239
218
228
227
224
218
219
237
209
205
235
229
249
235
224
198
213
222
219
220
237
232
220
210
257
211
227
216
219
224
191
223
197
199
206
197
199
193
226
210
226
222
215
208
178
210
211
191
222
204
206
224
220
230
202
193
190
208
193
180
216
196
213
199
205
215
194
212
220
196
197
226
207
205
181
192
170
196
180
188
169
192
198
197
196
190
202
184
192
188
196
193
216
203
203
187
202
182
162
209
183
203
171
177
198
191
196
185
205
187
181
193
188
176
193
185
155
182
165
206
194
165
205
197
194
181
150
166
217
184
153
179
181
199
202
177
176
172
156
183
172
159
185
177
149
176
179
192
161
200
180
180
162
162
185
152
167
168
170
166
168
147
170
150
153
173
180
177
181
172
167
148
166
176
176
171
163
156
175
171
154
171
159
152
169
151
165
172
145
158
142
158
179
178
170
166
151
173
191
148
158
153
132
164
158
138
137
173
153
136
173
165
159
147
169
153
181
147
140
127
154
147
151
150
154
162
164
133
157
160
159
137
155
140
141
160
154
142
129
146
121
152
159
144
138
152
135
150
161
144
153
135
151
154
153
143
124
127
138
135
145
123
133
145
145
150
154
153
137
149
123
155
125
143
135
162
131
149
143
119
153
118
149
144
153
147
129
137
133
136
144
120
113
144
131
144
138
133
136
132
137
149
132
122
146
153
133
130
127
151
131
138
125
130
148
132
140
124
146
152
130
147
142
125
119
133
129
130
121
117
116
134
138
130
122
120
111
121
132
133
132
126
145
116
120
131
137
127
130
134
118
116
117
125
138
106
108
126
136
100
131
146
116
142
116
121
114
129
136
124
133
119
115
105
113
119
120
132
131
120
126
129
107
118
118
120
112
123
96
115
129
130
119
117
138
131
107
124
123
105
107
118
121
122
111
103
108
104
122
124
121
110
96
128
84
117
124
97
116
112
105
110
123
105
112
110
116
117
104
118
87
92
121
116
120
106
88
96
101
124
125
107
101
95
114
113
96
95
116
105
113
114
107
98
116
101
117
114
103
93
93
120
116
97
107
120
108
93
119
120
101
109
97
104
91
107
108
104
115
106
94
104
93
115
90
89
116
110
103
89
97
99
116
117
116
100
94
101
108
90
110
94
87
88
102
98
90
100
89
95
91
116
98
92
102
101
89
101
86
96
100
99
92
85
99
88
106
97
94
107
102
95
109
116
104
114
75
89
100
85
97
116
97
97
97
104
99
99
103
76
95
105
88
100
80
104
93
115
76
95
99
89
112
92
82
102
88
69
96
88
81
85
100
76
75
103
71
108
85
98
104
72
73
102
101
109
105
97
102
96
94
103
96
70
86
76
85
84
80
85
92
90
83
80
80
111
68
91
95
97
87
96
85
89
85
92
85
75
93
85
111
96
79
75
91
94
83
85
90
78
69
84
86
79
116
76
70
95
79
75
71
69
68
89
93
81
89
91
78
82
81
79
75
80
91
77
69
85
80
69
68
74
81
82
92
75
78
71
69
93
84
75
87
61
86
68
73
74
91
77
74
78
77
63
66
77
83
67
85
75
80
68
82
64
74
75
88
87
69
67
75
84
93
78
77
78
65
59
74
88
79
65
77
78
69
71
64
76
75
82
71
79
73
92
83
66
69
77
74
74
88
70
64
61
73
66
82
50
85
92
87
60
94
72
74
84
67
63
85
74
79
57
55
76
65
76
61
69
66
71
83
57
78
60
68
73
82
70
81
66
74
70
68
65
74
68
73
58
64
77
66
75
73
78
74
67
75
98
65
84
75
67
66
69
67
93
75
65
69
90
60
65
67
71
68
59
74
60
73
65
77
65
67
71
64
48
60
70
83
64
82
55
77
71
75
70
68
60
61
49
64
53
69
80
67
70
66
68
78
80
58
83
74
63
80
68
75
66
64
81
72
63
73
83
54
51
71
72
64
62
62
55
57
70
63
63
61
60
73
60
64
54
85
76
54
60
57
65
59
57
57
57
57
67
67
60
57
70
70
63
54
56
47
66
68
66
56
51
64
58
52
71
57
71
69
69
70
74
63
59
61
59
54
60
62
68
53
66
58
61
59
72
64
63
46
64
62
63
52
72
65
60
57
67
57
42
59
49
60
49
54
59
61
57
73
61
64
74
59
53
48
60
56
68
71
57
60
51
60
63
61
57
67
63
59
60
55
59
56
63
70
63
64
56
49
53
63
63
52
58
47
62
50
64
59
61
51
50
55
57
54
52
64
72
55
45
50
63
63
67
52
53
60
60
59
58
39
50
47
58
56
54
56
54
47
51
50
63
62
58
61
63
55
57
60
50
53
49
59
67
49
77
48
60
55
58
68
49
50
53
53
46
49
56
50
56
53
51
54
50
66
52
58
63
65
62
64
60
57
60
56
61
69
51
53
53
54
55
57
49
58
56
58
53
61
59
48
62
57
54
57
50
46
54
47
59
69
38
71
47
53
45
50
43
62
57
49
54
58
46
47
55
51
54
54
54
43
64
50
59
53
68
55
52
53
55
60
53
53
50
62
60
53
48
55
64
56
52
39
57
52
46
47
52
36
44
57
56
59
50
52
47
57
47
52
53
52
55
61
54
47
40
47
44
52
55
53
42
45
64
65
68
62
41
48
53
69
41
54
63
47
42
52
52
52
51
55
54
55
49
39
52
48
51
52
48
55
59
53
55
39
39
61
44
51
50
49
47
42
54
47
41
46
48
57
56
52
44
52
53
46
51
47
60
45
54
54
56
35
47
53
50
49
52
47
48
44
67
47
55
55
34
47
66
42
47
47
46
69
44
62
58
56
45
59
53
47
63
56
50
50
49
47
51
56
61
54
49
50
38
47
50
58
43
46
60
34
52
40
60
47
57
50
61
42
50
38
43
54
49
62
50
57
58
49
39
50
51
51
51
55
57
40
46
40
49
52
50
50
59
52
41
52
44
40
37
56
55
48
49
46
46
50
51
52
52
49
46
36
52
44
42
42
41
38
54
40
51
37
46
42
51
63
47
58
51
53
50
46
46
40
39
50
41
48
46
50
51
53
34
49
48
52
44
34
47
48
42
52
45
58
47
47
28
31
51
47
48
42
36
52
59
48
41
40
48
46
41
45
50
34
47
37
50
53
52
46
47
34
44
53
34
50
42
32
49
45
45
51
50
38
42
41
48
41
52
40
40
41
51
56
36
43
46
42
43
45
50
41
35
45
37
52
47
56
49
44
48
49
47
43
36
31
45
48
44
50
45
42
47
52
50
37
38
41
35
41
38
34
43
46
36
49
46
33
60
46
39
41
38
48
40
45
41
23
41
39
59
41
47
30
38
42
41
46
51
42
36
43
36
46
46
44
45
40
47
45
49
44
48
34
42
56
42
39
42
28
39
42
44
43
35
48
44
48
52
46
44
43
46
30
47
53
42
45
33
50
39
40
43
31
46
57
41
40
34
38
37
49
43
39
47
35
51
41
35
46
53
47
34
39
46
43
35
49
52
39
61
44
51
40
51
33
39
37
49
38
45
41
53
45
40
53
45
49
37
50
33
38
30
41
43
36
43
40
50
47
38
50
47
46
45
45
45
31
49
50
36
37
32
34
34
46
41
39
55
37
44
43
29
40
39
48
30
49
40
35
29
39
37
40
39
45
22
42
38
35
34
34
39
42
46
47
40
40
41
41
30
45
31
23
42
41
38
36
41
34
53
33
35
37
40
31
38
37
48
34
37
35
44
46
47
46
38
37
46
42
27
41
37
37
40
40
43
39
38
39
31
48
42
38
39
49
41
39
39
29
50
35
40
50
38
34
40
49
32
36
43
45
35
42
32
26
46
38
48
39
42
54
40
42
36
44
33
47
40
43
35
46
47
44
54
44
30
40
46
35
31
37
43
35
43
40
31
46
40
41
45
38
34
33
47
29
43
43
49
39
38
43
43
38
44
36
41
36
37
43
46
34
40
42
32
44
38
34
47
30
39
32
37
34
33
48
38
45
36
36
33
31
32
37
37
32
42
40
34
34
44
43
41
37
45
46
35
40
38
36
57
38
48
39
34
44
29
29
34
46
35
33
41
37
40
39
38
38
29
31
38
38
38
40
40
46
38
36
43
34
41
31
43
29
39
38
34
42
39
29
24
28
36
44
42
36
38
41
34
34
32
32
48
51
41
31
42
36
30
36
34
37
51
48
42
35
33
32
45
22
37
42
35
30
37
43
31
28
35
38
45
44
37
36
28
35
28
47
38
35
40
35
44
35
23
24
33
58
41
35
32
34
35
48
40
23
46
44
35
36
34
43
41
39
40
30
34
36
37
40
33
34
36
28
33
33
48
42
35
38
37
42
46
34
37
48
34
29
39
30
37
42
36
41
40
25
37
38
35
37
49
21
43
44
45
39
39
29
50
32
42
25
32
42
34
34
34
52
44
36
30
32
35
41
36
48
44
26
43
30
41
30
38
38
32
45
36
41
44
41
34
38
46
35
37
43
33
44
29
27
30
28
35
52
34
31
38
35
38
53
32
38
35
32
39
44
38
38
41
41
25
34
39
38
43
41
45
42
33
35
40
31
34
30
50
36
39
41
25
26
35
38
37
28
44
36
32
45
25
28
34
26
30
46
33
37
39
52
27
41
40
41
40
32
32
39
41
37
37
33
34
29
42
37
40
35
30
35
45
42
34
35
48
40
38
31
33
29
37
35
36
38
39
19
27
29
42
31
33
43
37
29
36
44
27
30
34
36
35
42
39
39
41
36
30
32
29
47
29
34
42
35
36
33
34
29
38
36
37
42
36
31
32
40
39
38
37
37
33
41
38
37
37
32
33
33
34
32
28
48
18
33
48
31
39
34
43
30
34
34
26
31
27
36
31
35
38
30
32
29
38
36
25
35
39
31
29
46
31
36
39
34
44
37
31
35
29
36
38
25
27
41
35
26
34
37
36
29
31
39
32
26
32
26
27
28
27
41
35
29
42
29
32
43
32
23
36
30
40
39
35
30
35
26
42
34
28
32
40
43
34
33
30
42
38
24
37
37
36
41
35
40
41
28
34
34
40
42
40
29
34
33
36
34
35
36
45
34
33
39
34
28
34
33
33
36
46
41
32
32
36
37
35
28
20
34
29
23
35
28
38
36
38
33
29
28
38
29
24
23
25
35
36
27
37
44
42
31
37
24
30
30
27
41
32
40
28
22
29
38
21
39
30
45
28
37
34
38
25
53
37
32
32
34
33
31
28
27
28
33
32
31
27
38
32
35
48
36
25
37
35
32
31
28
20
38
30
28
32
31
38
35
29
33
38
32
41
31
33
34
32
31
32
35
34
30
24
33
39
37
32
31
40
35
27
29
37
28
29
28
39
34
39
27
34
28
24
43
30
44
28
33
28
35
38
29
27
35
40
27
25
39
28
30
28
41
27
27
39
28
32
26
32
28
35
41
40
38
27
33
28
38
33
28
33
27
33
30
38
26
31
46
29
35
30
24
32
26
33
27
29
42
30
33
37
35
26
38
39
29
38
32
26
30
36
30
35
30
35
24
26
35
44
32
33
36
42
28
24
24
18
28
27
31
27
44
28
27
26
25
22
30
47
29
34
31
39
36
35
42
32
29
27
41
44
32
25
25
21
24
26
28
32
33
33
33
28
42
29
35
35
26
25
31
36
27
33
45
38
28
27
29
26
29
36
26
29
33
39
37
32
27
28
32
37
28
28
32
25
27
38
35
31
22
34
30
30
37
37
18
31
37
31
26
27
26
32
33
30
32
31
36
25
37
32
35
19
37
30
27
28
32
34
36
40
25
36
17
29
24
25
27
36
28
35
38
32
30
36
23
29
46
30
34
30
21
35
32
38
39
27
36
32
29
31
42
24
29
29
24
33
39
29
23
25
36
29
31
22
30
28
34
29
33
21
25
40
38
34
33
32
18
38
41
24
26
25
35
20
32
28
24
26
29
32
38
27
26
29
34
24
25
27
29
31
33
26
24
32
27
30
27
31
29
28
34
30
30
30
32
33
24
30
32
28
29
37
35
30
34
20
24
18
34
29
27
34
35
32
48
26
35
22
35
31
27
33
30
38
27
32
32
26
29
28
33
39
36
27
32
40
32
38
23
31
32
31
46
26
28
34
26
34
23
33
31
28
32
31
34
33
22
30
32
37
33
28
32
23
26
29
31
30
41
27
36
32
32
28
39
25
37
28
33
27
27
32
30
34
29
34
29
35
27
27
29
29
29
32
33
25
28
31
27
27
31
24
33
26
29
27
26
13
27
23
23
23
38
26
22
31
36
36
25
30
36
27
27
26
29
33
34
36
35
29
33
25
33
41
31
30
26
21
26
26
26
21
30
21
27
46
38
28
30
35
32
23
24
33
25
35
28
22
16
28
26
14
16
23
29
31
38
23
34
36
28
25
27
35
42
35
27
29
31
25
37
24
21
30
28
23
27
28
17
34
28
18
26
30
25
20
34
29
25
27
30
31
31
28
24
28
31
28
29
25
17
29
29
25
38
31
31
25
28
25
22
19
17
36
24
27
32
30
29
32
34
33
24
34
28
25
25
28
26
32
26
23
23
28
26
19
22
27
27
29
24
27
44
30
23
22
24
29
20
36
26
28
31
29
26
21
20
24
16
27
23
26
17
28
31
18
24
23
21
34
22
31
28
21
23
32
28
27
29
29
23
29
33
27
22
29
26
33
29
24
46
30
30
24
20
24
28
32
23
21
21
28
17
22
27
20
27
28
30
33
28
29
40
29
23
29
21
27
23
28
32
23
27
32
26
30
29
29
26
32
31
28
20
20
28
32
20
23
29
25
41
37
27
26
22
34
27
29
22
24
45
42
24
30
21
20
27
28
21
33
25
25
26
29
26
27
23
30
19
30
23
28
28
27
25
23
36
25
28
28
30
36
34
33
24
34
24
17
33
16
31
40
38
25
25
39
27
32
34
29
31
44
21
21
30
27
29
35
20
33
31
15
36
32
21
18
25
21
33
23
25
32
19
23
28
32
26
26
24
25
23
32
38
27
21
30
26
28
37
26
25
23
29
33
33
28
27
28
27
29
24
22
31
23
31
12
28
36
21
35
29
41
32
23
30
31
26
22
21
29
24
29
22
28
31
22
27
26
18
26
32
29
27
37
29
25
27
27
22
22
28
24
34
13
29
28
25
27
20
35
29
21
29
32
28
28
20
29
34
20
30
23
28
26
32
30
16
25
27
21
24
37
20
26
29
21
32
27
24
34
20
29
20
23
27
24
23
30
26
26
35
28
21
26
29
29
22
25
30
19
29
18
36
32
30
29
31
18
23
25
30
22
21
21
32
19
34
23
26
24
21
25
24
25
25
21
25
34
20
24
28
36
25
21
25
22
16
25
21
31
33
11
28
28
28
16
29
28
24
30
32
34
22
34
20
23
28
26
28
25
23
22
23
15
22
27
26
20
22
25
25
30
29
21
26
21
17
24
23
23
20
25
28
30
26
26
23
19
23
33
32
28
33
16
18
34
29
30
24
31
23
25
20
26
26
15
22
22
24
20
18
20
27
26
26
21
21
26
21
20
15
31
27
30
24
24
19
27
23
21
23
26
28
28
30
30
23
30
23
26
21
24
23
22
21
15
23
26
28
23
31
25
25
18
30
37
27
32
24
18
26
27
24
20
28
26
22
30
30
30
21
33
24
23
23
21
21
31
29
20
19
29
22
32
32
18
18
22
16
19
28
21
25
12
29
34
20
34
32
20
28
19
20
23
20
25
31
21
25
29
19
37
20
26
21
22
28
20
22
23
31
27
27
21
24
19
25
28
20
22
21
19
27
20
28
22
29
31
17
23
19
23
21
33
21
24
29
25
24
22
29
25
32
12
17
24
29
21
27
16
16
24
22
22
20
24
25
22
22
31
29
26
22
18
27
21
19
26
27
21
20
17
13
21
21
12
27
21
24
17
26
21
21
21
17
26
19
21
26
28
24
23
21
24
29
24
29
18
17
21
21
27
20
28
12
19
24
18
28
27
25
32
26
17
24
26
24
19
16
24
18
19
28
33
22
24
14
21
19
21
24
21
24
24
20
19
26
18
18
25
21
28
29
29
23
27
16
22
19
24
16
22
36
21
26
15
18
23
26
22
16
20
26
21
14
21
24
27
21
25
21
24
14
20
24
17
25
23
23
26
26
28
19
32
25
33
24
30
19
31
20
14
19
16
22
26
25
22
30
24
18
25
29
34
21
24
17
18
19
24
27
26
23
15
20
23
26
26
11
22
27
30
25
25
25
25
23
20
25
22
19
26
19
14
20
19
21
26
16
32
27
20
19
16
21
17
20
15
16
19
27
24
16
24
24
16
22
30
29
18
16
16
27
30
18
14
21
31
23
19
16
11
20
28
17
22
23
22
22
29
23
20
25
19
22
20
20
14
23
34
17
17
27
21
19
20
19
18
24
18
19
16
25
17
36
18
21
26
24
14
26
19
21
19
25
20
31
23
27
24
29
19
16
26
12
22
22
16
15
18
18
26
16
9
13
23
22
33
12
20
22
14
17
13
21
20
20
20
27
26
16
20
20
14
23
16
22
27
20
21
23
19
31
18
20
19
18
19
24
21
31
22
21
17
22
23
21
10
19
25
22
17
18
18
20
20
27
21
19
23
25
16
23
18
20
15
22
22
20
12
20
16
22
11
21
21
24
19
17
16
15
21
23
27
20
18
22
17
13
19
22
16
18
14
23
23
12
16
24
16
14
24
26
21
21
18
16
18
26
28
21
27
20
13
19
15
26
20
21
21
19
23
14
21
23
22
17
16
16
26
23
23
23
22
19
20
17
21
26
15
19
18
17
17
20
23
17
25
13
22
12
20
30
20
16
23
25
20
16
18
16
14
16
27
16
24
22
16
13
23
19
27
20
20
25
27
23
15
21
17
14
22
18
17
15
18
23
18
20
13
17
23
26
28
14
17
20
15
19
24
22
18
20
19
21
24
13
13
14
14
15
19
18
16
23
17
21
19
23
27
16
19
13
22
29
26
15
13
19
12
20
23
18
19
21
25
15
16
19
17
16
19
14
16
20
21
25
15
18
21
15
12
22
23
22
15
16
11
20
17
22
24
25
28
16
11
24
24
14
24
26
22
19
23
21
16
10
16
16
22
14
23
19
18
17
23
13
15
17
15
18
17
22
13
25
21
21
18
27
12
16
17
20
11
19
23
16
17
20
24
22
30
23
32
25
18
23
19
18
18
22
17
11
20
21
8
13
22
18
12
9
10
15
13
11
19
18
16
13
21
16
20
13
19
22
22
20
13
10
16
16
20
13
12
14
27
11
16
19
24
20
10
16
18
20
20
18
29
12
14
21
19
18
19
12
19
21
16
14
19
23
21
28
19
21
9
14
16
22
16
18
19
18
16
14
22
18
12
22
17
23
16
14
23
12
24
15
17
17
24
11
16
23
18
19
18
11
22
27
17
14
14
12
15
15
22
19
13
17
19
14
16
23
18
15
19
17
17
15
17
19
14
14
18
16
13
13
12
11
16
14
13
15
14
21
8
9
20
27
16
19
17
11
12
13
15
18
13
12
24
20
18
11
19
19
17
25
22
22
22
19
20
13
21
20
22
19
15
19
12
13
15
23
24
14
22
12
21
17
20
16
13
11
22
18
25
9
15
19
10
20
21
15
28
16
19
13
18
12
10
12
16
12
19
15
23
21
15
21
14
19
12
21
19
16
23
14
12
9
15
21
21
18
14
22
23
14
13
11
25
19
15
14
16
10
21
21
12
21
21
10
18
11
8
17
16
22
12
12
6
20
19
16
14
16
16
20
13
17
11
13
17
12
15
14
16
23
23
22
16
14
15
14
19
21
22
12
21
17
18
15
15
15
15
15
15
20
13
16
12
15
17
8
9
26
10
16
16
18
14
18
16
18
13
12
11
15
17
11
14
16
7
16
14
17
17
12
17
14
18
15
16
12
12
14
12
14
16
10
12
13
10
22
11
18
17
11
12
15
24
10
10
20
12
20
17
10
14
17
12
20
17
21
19
18
14
15
23
18
17
13
12
16
17
11
13
12
19
18
9
21
25
10
16
11
16
13
8
9
21
17
8
15
13
19
15
18
14
18
11
15
11
19
17
8
20
13
16
17
15
10
18
18
18
18
16
17
23
22
17
16
14
13
11
13
21
8
20
21
14
16
21
19
8
15
15
21
13
12
14
11
16
14
16
17
11
16
9
15
10
16
22
16
10
16
19
11
24
11
10
12
16
12
14
11
17
13
18
6
14
15
14
12
13
14
18
14
11
15
10
9
18
12
17
11
13
10
18
13
12
19
16
18
12
16
10
17
21
12
17
17
18
12
20
17
20
7
12
14
11
8
13
11
15
17
11
21
25
11
12
12
13
11
15
16
14
14
16
16
8
16
14
8
15
10
15
12
13
12
17
18
11
17
13
9
12
15
11
19
21
18
10
8
17
11
13
23
11
9
11
10
14
21
12
19
14
9
11
15
13
11
11
12
18
8
18
10
18
13
15
11
11
15
15
15
13
8
14
10
14
10
11
6
11
13
15
15
12
13
12
13
17
10
16
25
18
18
10
17
10
14
18
14
9
14
12
17
11
6
15
14
11
10
15
10
12
11
15
15
23
13
15
13
18
19
12
15
17
6
12
15
12
7
15
20
11
10
11
9
10
10
12
19
21
15
9
15
17
14
9
13
12
10
16
14
12
6
9
14
16
13
16
15
11
11
11
21
12
20
9
14
15
15
14
8
19
12
15
16
13
13
15
11
18
9
7
10
10
9
13
11
15
4
15
13
9
14
4
14
10
10
12
17
7
9
13
9
15
8
7
8
10
13
22
9
16
12
16
16
11
13
14
12
8
8
6
15
9
16
11
14
9
9
16
11
13
15
7
8
14
6
16
9
12
19
12
8
10
14
6
7
12
12
14
16
14
10
9
10
9
13
6
10
18
12
16
16
15
7
8
18
13
7
8
9
15
7
14
9
9
13
17
16
11
17
20
10
14
10
6
16
13
13
18
13
13
10
14
7
14
16
5
6
14
12
7
6
10
10
5
10
14
11
14
9
13
12
10
13
18
8
7
9
5
12
7
4
6
11
10
3
11
5
8
14
9
11
13
10
9
8
10
7
10
11
9
14
11
14
13
10
10
7
6
11
9
13
11
7
16
8
5
10
12
10
9
16
6
12
11
10
8
11
10
15
15
14
12
11
12
10
14
2
8
14
12
10
18
15
8
10
14
13
13
8
15
5
10
16
5
14
3
11
15
6
20
6
9
4
11
9
6
13
6
10
12
9
14
10
7
12
6
10
15
7
13
6
7
8
8
4
14
11
14
13
8
14
10
14
12
14
15
14
8
8
9
8
6
10
9
14
5
9
7
12
12
6
16
12
3
12
9
5
8
9
20
7
12
17
16
6
9
11
12
11
13
17
5
11
6
9
7
16
10
9
8
9
12
5
5
7
10
11
8
8
9
5
12
4
11
5
11
14
13
10
6
6
10
9
4
6
8
13
10
12
12
8
10
13
11
12
12
10
2
10
8
5
6
7
12
8
15
12
15
13
11
10
9
14
5
14
5
11
7
8
11
13
10
13
11
11
11
7
9
3
12
16
5
9
11
11
14
7
10
6
10
11
12
9
7
10
8
6
13
5
7
8
6
10
9
13
6
6
10
9
11
9
6
10
8
5
10
6
5
11
11
4
7
8
7
4
5
15
8
7
9
8
8
11
12
5
10
10
9
13
10
11
8
14
8
11
11
6
13
12
6
9
4
7
9
7
8
4
10
7
3
13
10
18
10
13
17
11
12
9
7
6
11
6
11
9
7
3
13
3
5
11
5
7
12
7
8
8
9
7
9
8
8
10
8
13
7
10
10
9
3
10
7
8
9
8
6
9
7
16
13
7
10
11
9
7
14
11
12
6
4
5
12
11
4
8
7
4
11
8
10
8
8
4
7
9
10
10
9
5
6
8
7
10
11
10
5
10
10
10
8
5
8
9
7
7
12
10
7
11
12
9
4
7
15
9
13
8
5
11
11
17
1
15
8
9
11
7
11
10
6
11
7
8
4
6
8
5
6
4
10
7
11
13
6
8
12
9
8
3
7
8
6
15
5
9
8
10
7
13
11
8
13
4
12
8
3
7
8
5
3
10
8
6
8
8
9
7
2
5
9
14
8
10
8
10
11
8
9
12
3
5
9
7
7
9
9
5
12
4
9
6
6
7
7
1
5
10
4
5
9
7
5
14
8
7
11
7
4
5
6
6
6
6
5
9
6
9
5
10
6
5
10
6
8
3
7
7
8
11
5
7
5
8
3
9
9
8
10
5
4
5
10
8
12
6
7
8
8
6
9
4
3
4
15
9
3
3
9
11
6
4
8
6
7
8
3
5
6
3
5
11
7
7
5
10
10
6
5
5
5
3
2
11
5
5
4
8
4
8
9
7
7
6
7
7
12
4
12
8
9
7
9
6
7
3
8
7
5
11
6
9
6
5
7
5
10
3
7
4
8
7
5
5
6
7
8
5
5
4
9
11
8
6
4
1
8
3
3
3
6
10
5
10
5
6
4
8
2
9
10
5
7
11
9
5
6
6
7
10
4
7
7
4
3
2
11
3
6
4
10
7
11
7
2
4
9
8
6
8
4
6
10
6
10
5
3
7
7
8
5
3
2
4
5
5
8
9
2
5
5
7
4
3
1
5
6
8
7
5
5
6
9
3
4
1
6
1
6
1
4
7
4
11
6
1
4
6
7
6
6
7
6
4
4
5
6
6
4
5
6
4
7
7
4
3
3
3
5
10
6
5
6
8
3
5
4
7
4
7
6
3
4
6
7
8
5
6
5
5
3
8
7
6
5
4
5
5
10
2
4
5
3
8
3
2
3
4
3
4
5
3
6
6
4
1
1
1
1
3
4
7
9
5
6
2
5
4
5
11
3
6
1
4
5
3
8
4
4
4
7
4
3
3
8
3
5
5
2
6
2
6
6
9
7
6
6
12
8
2
5
6
9
4
2
2
5
7
6
3
5
3
10
3
3
4
2
6
2
3
3
2
5
6
6
8
7
5
7
2
5
8
3
4
4
5
4
7
3
5
7
6
9
4
5
6
5
6
2
10
6
10
0
5
5
7
7
8
5
7
2
1
4
4
1
3
6
7
3
1
4
5
3
7
4
3
7
3
4
5
4
4
5
8
6
0
4
4
1
3
4
4
8
2
5
4
5
7
5
2
6
4
8
3
4
12
5
6
8
8
5
1
2
5
4
9
2
0
3
5
6
7
5
1
5
6
3
4
6
7
7
7
2
3
3
6
7
3
7
6
1
3
5
4
1
4
1
6
4
2
5
5
3
3
5
7
1
2
9
5
4
4
6
4
2
5
3
2
7
5
7
0
4
2
1
4
4
4
9
4
2
4
3
3
3
2
4
2
2
4
5
4
4
7
1
6
2
3
3
4
2
5
3
4
2
6
1
4
4
1
1
3
3
2
4
6
3
0
4
4
2
4
3
4
5
5
6
7
3
6
4
4
3
5
6
4
3
3
6
1
2
3
3
2
2
4
2
4
3
4
4
2
5
1
5
6
5
4
3
4
2
13
2
3
4
4
5
2
6
5
5
1
2
5
0
1
8
5
5
1
4
2
5
3
4
3
5
6
3
5
2
2
6
3
4
2
7
2
2
4
2
3
5
2
0
1
2
3
3
4
2
2
1
4
6
3
2
1
8
2
2
3
5
4
3
5
4
1
0
4
4
4
2
5
5
2
4
3
2
2
2
4
7
3
5
3
5
3
6
6
6
5
3
4
8
2
3
1
1
2
4
5
3
2
1
8
6
3
1
3
7
2
1
3
1
2
2
6
3
1
1
1
1
6
3
2
3
2
0
3
3
2
3
5
3
5
3
5
4
3
3
1
3
0
2
2
2
2
0
1
4
1
2
4
0
2
5
5
2
2
2
1
2
3
4
2
2
2
3
3
2
4
1
5
5
2
4
2
2
2
0
2
2
7
2
2
3
5
1
1
4
1
2
3
2
2
3
1
0
1
0
2
3
2
6
4
3
2
2
1
3
9
3
1
2
4
0
1
3
1
4
5
3
4
1
5
3
1
1
2
2
2
4
4
2
5
6
1
3
2
3
1
4
3
3
3
3
5
0
1
1
3
2
3
1
4
4
3
3
4
2
1
5
0
2
1
1
0
1
2
3
1
4
0
1
2
0
0
2
1
2
0
2
1
1
5
2
0
0
2
3
0
6
0
1
1
2
4
4
3
0
1
2
0
1
5
2
2
4
2
2
2
3
2
3
1
1
2
3
4
3
0
0
1
3
0
2
0
2
3
3
1
0
1
1
1
0
2
5
1
3
0
1
2
2
2
0
2
3
2
4
1
1
3
4
1
2
2
2
0
3
5
2
1
1
4
0
4
2
3
0
0
1
3
0
0
2
0
1
0
2
2
2
1
0
0
2
0
0
3
3
0
1
3
4
1
2
1
1
3
0
2
0
2
3
3
0
5
2
2
2
2
2
3
1
1
0
1
4
1
1
0
5
2
2
0
0
0
1
2
2
2
2
2
1
1
0
1
2
1
2
3
1
5
2
3
2
1
0
2
2
1
6
0
1
1
1
1
2
3
1
0
0
0
1
3
0
1
1
2
1
2
2
0
3
3
3
2
2
3
1
1
1
2
2
0
2
2
1
0
2
1
2
3
0
1
1
4
3
2
2
2
0
2
0
1
4
2
0
1
1
2
2
2
1
3
1
6
2
2
0
0
0
0
2
1
1
1
1
0
1
1
0
2
2
2
1
2
1
1
6
0
1
1
2
4
1
0
0
3
0
1
3
1
1
2
0
5
2
1
1
0
2
3
1
1
4
1
3
3
3
1
5
1
0
3
2
2
2
3
1
0
1
1
7
0
2
3
1
3
1
1
2
1
1
3
2
1
2
3
6
2
3
1
1
0
0
1
4
1
0
1
1
1
1
1
1
1
1
2
2
1
1
3
2
2
4
2
0
2
2
0
3
2
2
2
3
0
0
2
1
1
0
0
3
1
0
2
0
0
1
3
2
1
1
1
1
1
1
2
5
1
1
1
3
1
0
4
3
2
1
1
3
1
0
0
1
3
2
1
0
1
0
0
1
1
0
0
2
3
2
0
1
1
3
1
1
1
1
2
0
2
1
2
1
0
1
0
1
1
0
5
1
1
1
0
4
2
3
0
1
1
1
1
0
2
2
1
0
0
2
3
1
2
2
1
1
3
0
2
3
1
1
1
1
0
1
2
1
2
3
1
1
0
0
1
3
0
0
2
3
3
0
1
1
2
4
0
0
0
2
0
1
2
1
0
1
2
0
2
0
4
1
0
2
1
5
2
1
2
0
0
0
0
2
1
3
2
2
0
0
0
1
0
0
0
2
0
0
1
2
2
1
1
1
2
0
0
2
0
2
0
0
1
2
0
2
1
2
1
0
0
0
0
2
2
0
1
1
1
1
0
1
1
1
1
0
1
1
1
0
0
3
0
2
1
0
0
1
1
0
0
1
0
3
0
0
4
0
0
0
1
0
1
1
0
2
2
1
2
2
1
0
0
1
0
1
1
1
1
1
2
0
0
0
1
1
1
1
2
0
0
0
0
0
0
0
3
0
0
1
0
0
0
0
0
0
1
1
1
0
1
0
0
1
1
0
0
0
1
0
3
1
1
2
2
2
1
0
2
1
1
0
1
1
1
0
1
5
0
1
0
0
0
1
1
0
2
0
0
0
0
0
1
0
0
0
0
2
0
0
1
1
0
1
1
1
1
1
1
0
1
0
1
0
3
1
0
0
0
0
0
0
1
1
1
2
0
1
0
1
0
1
0
0
0
0
0
0
0
0
0
0
1
1
1
0
0
0
1
0
0
0
0
0
0
0
0
0
0
1
0
0
0
0
0
0
1
0
1
0
0
0
1
0
1
1
0
0
1
0
1
0
0
1
0
1
0
0
0
0
1
0
0
0
1
0
0
0
1
0
0
0
1
0
0
0
0
0
0
0
0
1
0
0
0
0
0
1
0
1
1
0
1
0
0
0
3
0
0
0
0
0
0
0
0
0
0
2
0
1
0
0
1
0
1
0
0
0
0
0
0
0
0
0
0
0
0
0
0
1
0
0
0
1
0
0
1
0
0
0
0
0
0
0
0
1
0
0
0
0
0
1
0
0
0
0
0
1
1
0
0
1
1
0
0
0
0
0
0
0
2
0
0
0
0
0
0
0
0
0
0
0
0
0
0
0
0
0
1
0
1
0
1
0
0
0
0
0
1
1
1
0
2
0
0
0
0
0
2
0
0
0
0
0
1
0
0
2
0
0
0
0
0
0
0
0
0
0
0
1
1
0
0
0
0
2
0
0
0
0
0
0
0
0
0
1
0
0
1
1
0
1
2
0
1
0
0
0
0
0
0
0
1
0
0
0
0
0
0
0
1
1
0
0
0
1
0
0
1
0
0
0
1
0
0
0
0
0
0
0
0
0
0
0
0
1
0
1
0
0
0
0
0
0
0
0
0
1
0
0
0
0
0
1
0
0
1
0
0
0
0
0
1
0
0
1
0
3
0
1
1
0
0
0
1
0
1
0
1
0
0
0
0
0
0
0
0
0
1
1
0
0
0
4
6
2
6
7
7
6
5
5
9
9
7
4
3
10
5
1
6
6
6
2
4
5
5
4
5
3
5
5
6
4
5
8
6
7
7
2
11
7
5
4
2
2
4
4
1
11
6
0
3
5
4
7
4
5
1
4
2
7
4
5
3
9
4
10
7
4
3
3
5
5
7
3
5
9
2
1
5
8
3
4
3
7
3
5
4
8
4
4
6
4
3
8
3
5
6
2
4
4
1
8
6
2
5
5
6
1
1
2
2
2
5
3
1
3
13
2
6
6
5
2
9
4
9
6
4
9
3
