0
0
0
0
0
1
0
0
0
0
0
1
0
0
0
0
0
0
0
0
0
0
0
0
0
1
0
0
0
0
0
0
0
0
0
0
1
0
0
0
0
1
0
0
0
0
0
0
0
0
0
0
0
0
0
0
0
1
0
0
0
0
1
0
0
0
0
0
0
0
0
0
0
0
0
0
0
0
0
0
0
0
0
0
0
0
0
0
0
0
0
0
0
0
0
0
1
0
0
0
0
1
0
0
0
0
0
1
0
0
0
0
0
0
0
1
0
0
0
0
0
0
0
0
0
0
0
1
0
0
0
0
0
0
0
0
0
0
1
0
0
0
0
0
1
0
0
0
1
1
0
0
0
0
0
0
0
0
0
0
2
8
38
95
276
586
806
829
815
824
788
789
762
747
718
698
682
673
670
676
693
642
590
586
600
614
556
552
559
522
574
514
497
470
439
446
477
461
420
434
403
398
388
381
403
397
393
348
352
363
329
345
335
325
323
330
330
324
315
375
345
340
315
310
307
305
338
330
301
293
323
273
330
312
317
320
326
287
296
272
307
328
298
320
263
330
293
320
302
312
288
297
280
332
288
303
297
316
343
305
320
281
334
356
297
290
275
327
330
268
328
289
302
311
324
309
287
284
315
297
295
302
313
282
344
310
312
313
285
313
292
305
305
307
308
352
300
321
297
286
311
305
301
326
327
348
286
291
322
270
307
275
331
321
304
305
279
311
306
307
313
307
310
284
329
296
331
329
303
312
316
323
302
304
313
319
295
299
289
273
306
317
287
317
307
344
313
336
313
281
285
312
328
334
307
348
310
311
321
294
354
334
290
274
332
317
299
325
348
326
313
334
310
338
345
301
360
312
342
311
340
301
342
335
328
304
340
325
343
341
293
310
308
316
342
337
317
321
319
317
321
276
343
323
329
311
328
326
313
318
341
332
292
309
333
323
301
319
308
316
279
310
311
321
310
336
344
336
333
317
327
331
312
399
325
348
344
333
321
306
315
341
313
308
326
322
307
340
319
347
297
330
328
327
283
333
343
281
306
339
354
325
334
321
321
343
310
330
323
332
333
365
339
311
333
326
306
312
306
303
301
354
334
314
344
304
302
311
292
286
317
322
329
298
307
337
343
300
332
321
339
316
317
308
303
323
309
295
319
331
352
331
314
337
316
320
307
313
293
328
339
334
323
354
324
350
296
321
331
320
305
328
294
326
288
320
313
291
313
329
305
349
304
324
302
299
305
319
315
296
320
307
295
331
317
314
313
325
322
315
300
334
329
332
331
317
307
326
289
338
291
316
341
319
321
325
328
302
319
311
301
324
315
308
359
341
304
328
304
313
319
317
329
337
341
337
318
338
302
323
327
325
310
322
320
322
291
339
339
311
310
324
334
306
325
316
339
337
317
331
325
335
320
326
320
328
370
335
314
346
342
335
315
341
353
307
331
335
326
345
277
328
299
365
333
360
329
323
299
329
308
321
337
319
326
355
321
371
307
333
336
316
315
354
345
316
332
309
297
352
350
291
329
326
326
343
325
333
300
295
317
304
318
324
346
314
307
331
317
332
333
330
334
323
336
356
315
338
330
305
313
334
355
319
303
351
343
290
324
361
284
339
332
323
342
318
292
335
311
314
320
313
324
320
338
313
329
337
349
346
327
315
346
330
327
320
316
323
348
319
321
311
317
318
359
324
366
320
337
329
310
317
355
330
341
293
348
345
307
323
327
319
305
279
335
325
321
321
353
334
305
314
348
341
317
319
313
308
318
323
319
329
326
317
333
347
335
339
304
323
300
314
341
359
304
295
324
343
298
360
360
312
294
317
308
362
341
303
329
308
349
369
309
307
288
319
319
318
328
304
329
334
319
306
314
320
336
351
300
315
363
334
315
327
326
326
294
326
339
333
347
317
355
330
315
347
353
325
363
371
348
329
348
314
361
368
345
340
342
335
350
354
319
335
326
352
342
329
326
330
323
346
356
338
339
339
355
353
346
324
324
342
378
317
343
331
321
354
330
325
348
343
333
339
350
328
363
326
357
364
343
360
349
341
361
389
343
320
349
332
350
345
347
338
349
314
382
371
351
360
333
310
367
385
402
357
363
373
377
355
360
378
330
357
328
391
360
369
374
375
352
354
367
393
370
374
380
373
428
386
365
365
389
389
407
354
340
357
385
352
335
396
401
354
374
379
408
393
398
409
384
381
403
435
396
391
393
373
440
389
419
381
441
406
402
420
389
435
449
420
391
433
414
415
397
413
430
426
404
445
431
451
455
421
468
424
427
456
446
495
413
459
419
487
456
467
459
493
479
457
440
418
493
506
465
447
492
495
488
448
457
482
479
463
463
475
475
475
493
438
490
479
466
479
450
482
469
498
454
420
471
477
461
462
460
461
430
462
481
469
477
461
477
491
506
510
476
465
506
464
428
456
480
420
429
459
422
471
464
470
486
436
484
433
453
448
469
465
438
474
445
454
456
441
450
478
453
446
444
413
437
488
485
472
477
473
449
459
448
484
454
422
436
426
452
430
420
457
426
424
451
466
432
416
426
430
404
440
426
443
463
443
385
442
425
422
404
411
443
430
421
430
425
424
403
391
385
396
421
398
421
435
422
391
402
388
407
424
436
428
433
378
396
395
364
403
388
412
420
419
410
412
410
378
414
411
396
420
353
389
385
352
390
419
387
404
399
356
372
373
382
398
410
383
356
383
360
398
373
384
369
378
386
391
369
390
369
379
393
381
403
349
366
352
363
422
352
379
389
319
401
345
365
362
381
352
360
367
376
356
383
367
337
365
379
381
358
362
344
369
378
364
344
377
360
392
350
325
364
354
360
383
391
351
386
354
361
370
356
336
339
341
354
356
384
344
321
361
363
356
352
355
366
323
381
373
362
368
352
347
363
353
340
354
329
373
353
316
341
366
325
354
378
315
361
360
326
367
356
357
347
336
320
323
323
310
351
375
328
379
343
327
366
360
343
340
371
360
321
352
345
314
375
319
344
336
326
355
322
342
338
336
293
344
353
370
311
362
325
327
332
336
334
361
348
364
287
346
307
336
330
333
328
319
346
298
317
316
319
341
342
292
333
296
292
337
300
340
326
347
322
315
305
319
336
326
362
343
340
334
330
318
327
347
306
320
283
298
318
303
354
347
302
349
328
341
317
328
329
328
320
321
285
316
333
324
291
346
293
303
336
334
341
310
298
315
291
326
295
333
303
308
320
321
315
304
307
303
312
301
322
334
338
277
296
326
295
312
314
306
330
341
303
304
296
291
299
291
318
293
328
309
310
324
305
323
283
272
336
303
289
303
299
324
285
284
302
303
294
296
289
309
278
312
318
328
279
301
296
316
306
271
278
292
281
336
302
333
274
301
262
311
326
279
310
310
321
267
293
308
300
305
310
271
272
309
282
328
291
290
295
308
273
327
331
290
321
264
277
257
298
291
285
311
273
316
328
299
308
291
301
316
305
296
309
311
300
301
285
292
254
318
268
321
268
287
294
298
249
281
310
296
271
296
312
296
314
269
289
277
289
257
270
316
267
283
294
294
274
323
283
284
296
310
282
303
296
265
300
265
289
291
309
290
275
300
285
284
288
269
310
286
305
279
281
283
273
303
289
273
285
294
313
261
283
249
280
304
272
289
303
304
288
293
287
316
284
251
290
249
270
289
291
317
272
282
291
333
265
285
300
281
284
268
297
274
275
279
283
265
320
281
271
303
301
278
264
281
260
316
282
239
298
287
294
275
308
311
266
276
276
273
284
289
255
287
267
302
294
254
281
298
314
233
300
277
294
288
271
281
298
283
251
279
278
278
285
257
245
286
283
260
268
272
283
298
305
289
259
263
292
270
302
299
283
257
280
301
281
278
282
288
289
268
285
287
307
290
290
297
268
281
274
283
269
284
255
290
262
251
292
292
305
276
270
264
304
255
256
277
276
277
300
264
291
269
274
283
284
267
301
260
276
253
294
279
286
275
282
265
283
262
269
303
292
289
258
277
262
276
298
300
268
270
277
282
261
288
258
255
287
266
283
280
295
270
261
294
298
265
297
285
274
267
268
265
278
286
297
267
260
297
251
262
267
268
260
277
311
277
281
290
302
274
298
277
293
273
289
270
266
313
273
273
317
231
297
280
265
294
278
277
282
281
282
251
282
269
264
256
270
275
282
292
297
265
267
272
282
259
277
292
271
262
258
270
292
283
259
285
245
292
283
260
268
259
290
264
305
264
302
275
249
275
252
285
264
280
286
284
275
273
261
270
262
292
242
283
267
257
256
272
269
258
299
295
278
279
271
272
276
254
258
296
284
280
262
251
282
277
252
282
247
284
291
234
273
286
262
260
256
236
269
327
275
289
276
252
262
287
285
276
256
265
274
243
280
267
275
244
266
260
263
251
272
265
279
297
281
285
232
263
260
263
272
264
284
306
285
255
252
268
269
270
291
270
272
305
270
296
287
292
283
260
278
258
275
243
282
262
254
279
256
264
272
261
312
254
284
301
283
268
276
291
270
278
274
264
264
273
289
298
286
281
288
276
255
267
246
316
249
309
260
291
255
256
249
293
299
265
247
275
274
246
255
270
279
268
276
310
266
274
263
275
275
241
276
273
283
268
309
271
275
273
294
242
248
249
277
289
271
280
278
251
275
313
271
262
241
287
291
252
247
290
246
266
279
255
237
267
276
284
294
260
246
268
246
268
236
267
262
280
263
242
273
273
283
273
271
254
259
280
273
251
277
257
261
268
287
263
276
298
290
280
281
245
266
295
290
281
285
262
272
275
269
268
304
279
295
260
275
276
286
262
301
289
288
269
250
305
248
277
276
250
262
255
284
268
278
246
260
242
280
271
285
286
279
258
268
260
244
285
259
271
294
271
267
264
296
276
262
259
280
284
275
286
270
253
282
298
279
270
280
262
281
261
275
253
274
270
270
273
273
279
247
250
248
267
250
268
266
271
273
286
264
248
280
272
258
249
273
263
264
294
274
287
308
274
264
289
283
282
262
252
263
271
292
269
237
278
279
253
256
259
259
297
241
269
274
254
280
286
261
255
288
283
265
285
265
249
271
277
260
252
243
259
268
287
269
256
294
246
280
284
284
274
270
257
278
285
260
298
300
304
282
286
254
269
260
267
257
285
274
275
256
268
259
275
274
303
274
275
272
296
269
269
307
266
302
264
254
261
277
295
259
242
270
260
281
265
300
263
271
256
275
280
308
298
260
290
260
262
290
251
264
279
258
279
279
279
291
275
294
276
274
300
290
277
281
254
269
275
252
256
245
255
267
262
259
248
265
275
253
239
286
277
285
308
266
292
271
262
284
261
262
276
217
255
283
266
264
252
267
261
284
285
269
243
259
274
272
276
293
288
257
281
291
254
261
268
285
275
258
246
243
268
280
257
277
283
272
261
279
247
256
259
281
239
266
258
279
282
284
250
279
283
263
297
274
247
246
231
256
242
269
263
238
286
250
231
253
253
268
275
249
267
269
229
246
242
255
234
238
239
228
243
263
250
252
249
240
224
231
226
239
220
219
245
238
252
211
272
248
248
207
230
238
233
238
270
251
240
242
203
241
252
247
219
268
239
199
236
221
202
217
231
192
233
237
192
241
200
198
198
220
208
203
214
218
200
197
189
198
214
186
215
185
212
206
222
248
205
210
201
210
170
203
191
190
197
207
168
193
181
193
185
198
166
186
196
200
194
200
184
195
186
180
187
160
200
188
172
170
169
194
162
184
164
192
164
171
161
156
182
166
188
158
158
165
155
158
147
180
163
160
150
166
153
150
146
158
152
155
134
156
149
148
157
144
154
150
154
133
153
135
123
141
151
145
163
144
145
155
123
139
132
117
132
125
165
126
111
147
142
138
144
115
146
149
122
127
138
137
107
132
138
109
134
144
131
105
113
103
98
115
117
120
124
112
135
140
140
110
101
114
118
114
109
96
137
105
113
103
107
106
105
104
103
112
104
125
114
109
116
107
100
100
114
115
108
107
99
114
97
101
98
104
101
111
86
100
103
91
102
102
76
85
111
110
85
103
76
112
85
93
100
114
111
102
72
83
90
93
87
107
87
94
95
94
86
113
90
89
71
87
99
87
67
94
89
79
120
95
92
87
96
117
98
82
108
96
73
79
88
93
88
82
92
66
78
67
82
79
60
82
76
74
81
62
82
81
76
95
79
85
87
79
68
76
78
62
80
71
79
76
79
78
77
72
71
76
68
84
72
75
63
82
82
68
75
59
74
69
70
74
67
69
75
81
80
87
68
87
74
71
62
58
61
68
76
85
58
71
52
83
76
66
57
74
66
61
62
65
72
58
67
69
58
76
71
74
81
63
63
63
60
73
68
55
74
69
68
75
61
60
73
69
53
77
59
55
47
66
61
67
61
65
61
59
48
59
67
63
61
69
64
70
50
63
65
69
63
49
67
57
65
59
53
55
52
44
71
55
50
62
51
55
68
59
65
62
50
57
61
51
64
58
56
65
70
53
65
63
65
49
68
57
54
58
65
57
43
62
46
42
57
57
43
47
56
60
48
59
55
53
57
55
56
51
53
59
58
83
68
53
60
66
54
61
44
52
63
42
46
56
58
52
57
58
55
61
57
45
53
60
34
73
66
55
42
72
54
59
62
54
61
58
46
60
56
53
47
57
49
64
48
52
60
46
51
47
39
39
44
52
50
43
57
52
59
70
67
55
45
48
60
60
58
60
41
45
43
50
61
58
55
55
54
55
53
52
47
56
39
54
59
47
56
43
56
65
53
63
31
59
54
55
53
48
62
53
42
58
58
56
47
50
57
52
58
67
47
47
58
49
52
48
55
49
64
53
74
49
64
52
51
57
45
53
46
56
48
44
60
48
62
48
47
60
47
56
43
52
53
58
63
52
58
58
55
51
58
41
43
45
54
69
57
58
53
53
68
58
80
56
56
49
53
48
59
65
57
51
51
55
47
65
73
55
60
68
62
59
60
50
61
52
65
68
55
46
55
72
64
74
63
62
69
58
64
84
69
67
60
60
71
60
58
62
54
57
70
53
60
57
57
71
69
75
62
63
61
60
77
70
75
70
73
65
87
59
82
69
67
65
70
69
81
65
63
70
80
73
76
80
72
64
65
90
73
82
84
74
81
79
70
67
65
69
62
69
78
77
66
79
67
91
103
90
71
73
74
74
79
78
75
77
80
95
66
90
77
94
82
103
92
91
92
81
86
92
73
92
83
95
75
80
106
103
95
97
104
110
109
111
90
99
77
88
95
103
105
122
125
100
130
113
107
110
110
100
123
111
117
102
124
139
113
120
114
130
134
145
129
126
128
105
143
126
145
151
119
125
134
121
125
122
157
134
169
131
162
151
135
166
138
130
139
157
148
156
155
161
157
170
149
142
162
169
172
188
162
164
199
179
180
188
180
197
175
178
175
177
200
188
218
188
204
210
231
203
202
212
207
189
207
204
197
215
225
216
215
243
209
232
221
267
263
240
267
235
226
257
293
254
261
291
253
290
258
250
261
315
295
292
274
306
309
298
281
337
306
307
324
311
343
350
326
329
339
346
339
328
376
368
375
349
377
379
340
404
385
424
343
403
376
441
420
364
379
408
458
444
438
444
460
413
457
467
491
483
491
445
484
461
487
503
535
509
518
483
490
540
534
562
525
546
569
595
605
542
560
607
554
581
628
576
629
671
659
646
650
648
625
652
706
696
656
699
658
673
683
714
735
742
721
725
767
766
745
761
705
745
823
816
779
769
821
824
787
816
825
879
813
847
865
883
856
856
880
900
892
907
929
934
994
922
964
954
944
1015
984
966
1010
1004
1025
1038
1075
1044
1039
1051
1056
1062
1126
1104
1045
1084
1079
1069
1164
1141
1132
1116
1120
1103
1149
1122
1222
1192
1228
1255
1192
1267
1282
1216
1238
1297
1291
1250
1276
1302
1253
1326
1252
1269
1247
1383
1341
1382
1262
1350
1334
1396
1337
1315
1355
1388
1396
1365
1380
1355
1454
1439
1474
1406
1441
1511
1439
1473
1447
1546
1475
1460
1446
1481
1493
1533
1474
1575
1466
1500
1537
1445
1525
1498
1499
1549
1526
1493
1537
1487
1498
1529
1474
1553
1579
1538
1583
1591
1550
1608
1594
1603
1538
1560
1517
1548
1600
1551
1557
1636
1567
1588
1593
1515
1537
1555
1559
1584
1526
1592
1525
1539
1482
1565
1530
1522
1598
1555
1533
1539
1482
1533
1655
1501
1528
1562
1572
1567
1528
1496
1498
1538
1558
1552
1514
1445
1527
1457
1455
1446
1473
1492
1532
1496
1489
1405
1500
1456
1430
1436
1453
1454
1445
1433
1440
1377
1382
1432
1416
1351
1310
1273
1346
1307
1394
1394
1321
1348
1354
1313
1288
1265
1268
1243
1219
1255
1269
1266
1223
1201
1228
1255
1203
1221
1273
1150
1216
1179
1150
1204
1168
1125
1056
1046
1115
1114
1117
1061
1082
1071
1010
1011
1007
1013
943
980
984
990
1045
958
959
973
976
889
913
895
908
940
889
862
857
895
861
815
849
857
803
775
752
804
773
738
745
749
762
730
677
658
650
656
700
617
705
641
621
624
611
628
577
609
621
592
582
575
621
553
569
588
568
525
532
535
509
516
518
494
463
528
515
453
456
453
484
439
444
439
403
386
399
388
419
379
333
401
393
334
334
319
319
318
300
300
314
328
280
294
298
286
277
271
290
265
275
271
261
245
248
256
227
215
263
249
211
218
190
220
211
207
203
191
174
174
153
175
180
170
194
159
147
147
167
154
147
150
160
126
143
147
140
127
111
102
122
133
114
129
107
124
129
102
96
101
112
84
98
86
86
89
74
102
85
80
81
93
88
91
54
84
62
78
55
63
58
54
56
58
42
56
46
57
42
41
54
44
61
53
45
46
48
32
38
36
44
35
34
40
29
36
45
29
40
30
21
28
33
26
24
35
24
22
25
26
34
33
20
32
21
19
26
21
22
22
24
15
24
27
27
18
24
16
21
16
21
22
13
21
10
16
13
15
12
15
18
19
14
16
17
15
6
12
13
18
19
10
8
9
6
11
10
17
12
13
14
7
13
10
5
19
9
14
14
7
8
10
16
12
13
10
9
12
9
6
9
11
18
12
14
15
3
11
8
13
13
11
12
13
14
7
13
6
10
13
5
8
14
12
9
9
5
13
6
7
6
7
7
4
4
8
6
9
7
4
9
6
10
10
11
0
6
12
6
5
10
6
6
13
14
11
6
6
7
6
18
9
5
7
6
3
10
4
12
9
6
7
8
8
8
10
9
4
6
3
5
10
3
12
10
4
6
5
7
9
4
9
9
10
8
5
6
6
7
11
6
7
6
6
4
14
6
7
6
8
9
10
8
11
11
7
6
13
9
8
7
7
5
7
3
10
10
5
2
7
4
6
7
7
4
3
10
6
3
4
10
4
8
4
6
4
3
6
6
8
7
1
8
13
3
7
9
12
7
3
5
8
6
6
6
7
5
8
5
7
5
5
2
2
8
9
3
7
8
7
5
8
5
6
11
8
7
6
9
9
12
5
2
10
5
8
8
2
7
7
3
8
7
3
7
6
5
5
8
5
9
3
3
7
4
6
8
12
9
8
13
3
3
3
7
4
4
7
8
5
5
7
6
6
2
3
6
9
8
5
2
7
8
6
8
5
14
0
4
7
6
9
9
1
5
7
5
5
4
5
5
6
6
4
2
7
4
4
7
7
3
1
7
5
6
3
6
9
7
5
3
7
5
7
10
3
3
5
5
4
4
5
8
7
7
8
4
7
3
9
5
4
7
4
6
7
3
3
4
9
5
6
11
6
7
3
6
3
3
7
3
8
7
5
5
5
8
8
6
6
7
5
6
8
5
0
10
4
6
7
10
7
2
9
2
6
5
6
7
9
4
5
6
5
4
6
5
10
4
7
6
5
9
6
7
1
3
9
6
10
7
8
8
7
9
5
7
3
4
6
3
6
3
5
3
10
4
4
6
9
5
6
2
3
3
1
5
5
3
5
11
5
5
9
3
4
10
3
10
5
7
4
5
3
7
4
6
6
5
4
5
9
6
5
7
5
3
8
2
7
3
6
3
4
7
5
8
4
8
6
4
7
8
6
5
4
5
6
6
4
6
10
5
6
2
6
9
6
6
12
7
5
3
7
9
8
3
6
6
3
6
8
7
6
3
3
4
4
5
12
4
2
4
5
2
5
8
5
5
3
4
6
7
8
5
3
4
6
9
6
5
7
7
3
4
10
4
7
2
2
1
6
3
3
6
3
2
8
5
5
5
6
3
4
10
7
5
5
6
3
10
7
6
5
4
6
7
6
3
8
2
1
7
7
10
7
4
6
2
4
5
5
12
3
5
9
7
10
8
8
4
7
3
4
6
10
5
5
7
3
7
3
1
9
5
6
5
5
4
3
10
5
4
6
5
8
9
0
8
0
7
6
4
7
2
5
2
2
4
8
8
8
7
7
2
5
4
4
0
6
3
7
8
4
6
6
6
2
5
4
5
8
1
7
5
6
5
5
7
7
7
1
6
6
3
3
4
3
4
4
10
7
7
6
3
5
3
6
2
2
6
4
5
3
4
5
4
2
4
6
4
6
3
6
4
9
5
3
3
7
2
5
4
3
10
2
9
9
3
2
1
7
6
3
7
9
3
3
4
6
7
6
8
7
4
4
3
8
6
6
5
9
4
7
1
9
4
7
3
5
3
9
5
4
6
9
6
2
3
2
8
4
7
4
2
3
4
4
8
6
5
3
3
5
6
4
6
6
3
3
4
1
5
5
10
1
8
2
4
1
8
6
6
7
6
2
7
4
4
3
6
2
6
6
4
2
4
5
7
5
3
8
5
7
5
2
6
3
1
7
7
5
4
6
5
7
3
6
4
5
8
5
7
5
7
2
7
3
5
3
3
7
4
5
1
10
6
3
1
6
8
4
8
3
5
7
6
9
4
5
5
2
6
6
1
4
7
2
3
6
4
5
4
5
6
2
4
10
6
4
6
5
4
4
3
6
10
2
7
6
5
5
5
4
5
3
4
2
0
4
3
3
3
3
5
4
8
4
2
10
5
4
3
2
3
5
2
5
9
5
8
2
3
3
5
1
5
7
4
5
4
2
5
4
1
3
3
5
5
4
4
8
7
9
3
5
4
2
1
2
7
6
2
3
3
7
8
2
7
3
5
5
5
2
7
5
5
7
5
3
2
3
3
1
4
5
2
4
4
7
6
2
2
3
6
2
6
6
3
3
7
2
5
2
2
3
6
3
2
4
6
6
3
3
9
1
6
2
4
3
4
2
6
3
3
4
2
6
4
3
4
7
5
4
4
5
6
3
6
4
5
5
3
6
1
5
5
5
0
5
3
5
5
4
1
2
5
3
2
2
7
2
6
3
8
3
5
3
5
4
3
1
5
5
4
4
5
5
2
3
3
6
5
4
4
6
3
7
3
5
5
4
1
6
3
2
0
8
5
5
6
5
7
4
7
6
8
6
5
3
3
3
4
2
4
4
3
1
6
3
3
2
2
4
1
5
7
3
2
3
7
7
2
1
2
3
2
3
6
4
3
2
2
4
7
3
3
2
2
6
0
2
10
2
7
3
5
7
3
4
6
6
2
4
4
3
1
5
3
7
5
5
3
3
3
4
6
6
3
5
3
4
3
2
3
3
2
4
3
1
2
4
6
4
3
2
3
5
3
4
3
3
2
6
5
7
7
2
4
2
5
1
2
4
4
6
3
3
3
6
7
2
8
6
2
7
6
1
2
4
4
1
4
1
5
4
1
4
3
2
4
6
5
0
5
1
7
6
3
4
3
4
4
2
1
2
3
3
4
2
3
3
6
4
1
1
1
2
2
4
4
2
0
2
2
1
4
6
3
1
3
3
1
1
3
2
5
4
4
5
9
3
1
8
3
4
4
4
3
3
1
5
5
6
3
5
6
2
1
3
3
7
5
3
6
6
4
3
3
3
2
4
3
8
6
6
3
0
7
0
5
6
2
5
6
3
0
5
5
6
4
5
2
5
3
2
4
5
7
6
3
3
2
6
7
4
5
3
2
5
10
2
4
3
2
2
4
3
2
3
5
1
3
3
1
4
1
5
2
2
4
2
1
3
4
5
1
1
5
2
2
2
5
3
3
8
5
3
3
5
5
6
3
3
4
7
5
4
2
2
2
2
1
3
1
1
7
1
4
2
2
3
4
2
4
4
1
7
3
1
3
4
3
5
2
1
5
2
1
2
1
3
2
3
2
2
3
4
3
4
0
5
2
6
1
0
4
1
2
1
4
2
3
3
0
2
1
1
1
5
4
2
2
3
3
8
2
1
0
2
1
2
4
2
0
3
6
4
4
2
3
3
1
1
1
2
3
2
4
4
3
3
6
5
3
2
5
4
4
7
0
2
0
2
3
2
2
1
4
4
1
2
1
4
2
5
2
4
3
4
2
3
4
3
0
4
3
5
2
5
4
3
4
7
5
3
6
5
2
1
1
2
4
0
0
4
3
4
2
2
4
4
3
7
2
1
2
2
3
4
4
3
2
4
0
3
4
4
1
3
6
7
2
2
2
3
4
6
7
3
3
3
1
1
3
2
6
3
1
4
4
3
0
2
6
2
5
3
1
0
4
3
3
2
5
4
2
4
4
2
6
4
6
4
2
5
1
1
2
3
1
3
3
6
4
0
1
4
4
6
1
1
2
7
2
4
5
4
0
4
4
2
5
3
2
2
4
2
2
5
4
3
2
6
3
3
1
2
5
3
2
3
3
5
3
2
2
4
0
2
0
4
4
1
5
1
1
4
5
5
5
5
1
5
3
5
0
2
0
6
6
0
4
4
3
1
2
3
4
4
3
3
2
0
2
2
2
3
4
1
1
0
2
4
0
1
2
1
3
2
2
6
4
2
2
2
2
7
1
1
3
3
2
3
2
2
0
1
5
1
1
4
2
0
3
2
3
1
2
2
3
3
3
2
5
1
2
0
1
1
2
5
1
3
2
1
1
7
5
1
3
2
2
1
3
3
2
2
2
5
3
3
4
1
1
4
3
6
2
5
1
1
3
2
5
3
6
2
1
0
3
2
2
0
1
1
2
2
1
2
1
3
4
3
1
3
3
3
1
3
3
0
3
1
1
1
2
6
3
2
5
3
4
1
4
2
4
2
3
4
2
4
2
4
3
3
3
1
5
3
2
1
2
1
5
5
2
2
3
3
5
5
2
1
2
2
4
3
1
1
4
2
4
1
5
2
2
2
5
3
2
2
2
0
3
1
1
2
7
5
1
5
2
3
0
6
5
2
0
4
3
2
3
3
3
2
4
5
1
3
2
2
0
2
3
2
2
1
2
2
1
2
3
1
0
3
1
3
3
1
2
6
1
2
1
3
2
2
2
1
2
3
7
1
4
3
3
4
1
2
3
2
3
2
3
1
0
3
2
2
4
4
0
2
1
1
3
1
1
0
3
1
4
2
1
2
2
1
4
1
3
1
3
5
3
3
3
4
4
0
7
1
6
6
0
1
4
2
1
0
3
0
2
4
0
4
4
5
2
1
1
2
1
3
2
3
2
2
4
2
2
3
3
2
3
1
2
1
4
1
0
1
0
4
1
2
1
4
0
4
3
6
2
2
4
3
10
3
0
1
4
0
2
0
2
1
1
3
4
3
6
7
2
2
3
4
2
2
2
1
2
1
2
1
3
0
0
1
5
2
3
1
3
2
5
4
1
2
0
1
0
1
6
1
1
0
3
1
2
0
2
2
0
1
3
5
0
2
4
3
3
4
0
2
3
2
2
1
1
1
3
1
1
1
0
2
2
0
0
1
2
3
2
1
2
2
2
2
3
1
1
1
3
2
1
1
2
4
0
2
3
3
1
1
2
2
1
1
4
1
1
2
1
3
0
1
2
2
2
0
2
2
1
2
0
2
0
2
1
2
1
2
2
0
3
0
3
1
2
0
3
3
0
0
1
1
0
2
0
1
5
1
3
1
3
1
1
2
1
3
1
2
6
2
5
3
2
4
0
1
1
2
2
3
4
1
3
1
1
1
2
5
0
3
0
0
3
2
0
3
1
1
1
5
1
1
1
0
1
5
2
6
1
3
2
1
7
3
1
2
2
2
0
2
4
1
5
2
0
1
2
1
2
3
4
1
1
4
1
1
2
2
2
3
2
3
3
1
2
0
6
1
3
3
2
1
2
0
0
4
3
2
1
4
3
1
2
0
0
3
3
1
2
4
6
2
0
2
2
2
2
3
1
1
3
4
1
2
2
2
7
0
2
2
1
4
0
0
1
1
2
2
1
3
0
2
1
1
2
1
3
2
0
1
2
3
0
1
0
1
0
5
1
1
4
3
5
2
4
1
1
1
0
0
2
3
3
3
2
2
2
1
0
0
1
2
1
1
2
2
1
3
2
0
3
0
5
1
2
1
1
0
2
2
2
1
2
2
1
2
2
3
2
2
1
2
1
1
1
2
2
1
1
0
3
1
2
0
1
1
1
0
2
2
1
0
4
3
0
3
3
0
2
1
2
3
2
0
0
1
1
1
2
2
2
4
3
2
0
3
1
2
2
3
1
4
1
1
1
2
3
0
4
1
2
8
4
4
1
1
1
1
1
1
2
2
2
3
1
2
2
2
1
3
2
2
2
1
2
3
0
4
2
0
2
2
2
3
0
3
3
2
2
3
2
2
3
0
1
0
2
0
0
2
0
1
0
1
2
1
1
2
1
0
2
1
1
1
0
1
1
1
1
1
1
0
2
0
0
2
0
0
0
4
0
1
2
4
2
4
4
2
3
2
2
1
2
2
1
2
2
0
3
2
2
1
2
2
2
0
0
1
2
0
1
1
2
1
0
2
2
0
1
7
1
0
1
1
5
2
2
4
0
1
4
1
1
2
2
2
0
1
1
1
0
0
4
3
3
8
3
1
0
5
0
4
1
4
1
0
2
1
2
0
2
0
3
1
0
3
1
2
0
1
0
2
0
4
6
2
0
0
0
2
2
1
0
3
2
1
1
2
0
0
2
0
1
0
1
0
1
0
0
4
3
0
1
3
1
0
0
2
3
1
0
3
2
3
2
0
1
1
1
1
1
1
1
2
3
0
0
0
0
1
3
0
3
2
0
1
0
0
3
1
1
3
0
2
1
1
4
1
0
1
4
0
3
1
1
2
1
2
1
1
3
0
0
0
1
3
1
0
3
2
2
2
2
3
1
1
1
3
1
2
1
5
1
0
0
1
3
2
0
0
2
3
1
1
3
2
1
1
2
0
1
1
1
0
1
2
1
2
2
2
2
1
0
2
4
0
2
0
2
1
1
3
2
2
1
0
0
2
2
0
2
0
1
0
2
2
1
6
4
2
2
3
2
0
2
0
3
1
1
1
2
1
1
1
3
0
2
1
3
0
2
2
2
1
0
1
3
0
1
0
1
3
1
2
2
0
1
1
4
0
0
2
2
5
3
2
3
4
4
3
3
3
0
2
1
3
1
1
1
0
5
3
0
2
2
1
1
3
0
3
2
1
4
1
2
1
3
2
0
1
2
2
4
1
1
1
2
1
3
1
2
1
2
1
1
1
4
2
3
4
3
1
0
0
2
1
3
4
0
2
1
3
4
1
1
2
1
1
0
6
2
0
4
0
4
1
1
2
2
0
2
0
3
4
0
2
3
3
1
2
1
3
2
2
1
1
1
4
1
2
1
1
1
1
0
4
0
4
1
2
2
1
1
3
3
1
1
3
1
3
3
4
1
1
3
1
1
2
2
6
0
1
2
1
5
2
3
1
1
5
2
2
4
2
4
3
4
1
2
4
2
2
3
2
2
1
3
4
2
0
4
1
1
1
2
2
2
3
3
1
2
2
0
3
3
3
4
0
2
0
2
3
2
1
2
1
5
3
0
1
2
2
3
0
3
2
3
1
2
8
1
1
2
0
1
2
2
2
2
7
4
2
2
1
2
2
2
2
3
1
7
2
0
3
2
2
2
5
2
2
3
1
3
5
2
0
1
3
3
1
2
5
3
3
2
2
4
4
1
3
3
1
2
0
6
1
0
3
2
3
1
1
1
0
1
1
5
3
1
2
2
2
3
0
2
2
3
1
1
1
4
2
2
0
1
4
2
3
3
0
1
1
3
5
1
0
4
2
0
1
2
3
1
2
0
2
3
4
3
1
0
3
6
2
1
1
1
2
2
4
2
1
1
0
1
0
2
2
1
3
3
2
2
4
1
3
1
3
2
2
2
4
1
0
3
3
2
3
1
1
0
3
0
1
4
2
1
1
0
1
1
1
1
0
1
1
1
0
1
1
1
3
2
3
1
1
1
0
1
2
4
1
1
1
2
1
0
1
1
0
1
3
1
0
1
3
0
2
1
0
2
0
3
1
2
1
1
3
2
2
1
0
2
1
1
2
0
0
2
3
3
1
0
2
3
2
1
2
1
6
0
5
0
1
0
0
0
4
2
2
2
1
1
1
1
1
1
1
1
0
2
2
1
0
1
2
1
3
1
0
0
1
2
0
1
1
1
2
0
1
1
1
0
1
1
1
1
0
0
1
1
3
0
2
1
2
1
1
0
0
0
1
0
0
0
0
2
0
0
1
2
1
0
0
3
2
2
0
3
1
2
1
0
0
1
0
0
0
0
1
2
1
2
0
0
0
2
2
1
1
3
1
2
2
2
0
1
0
0
0
3
0
0
1
1
2
0
0
0
3
1
0
0
0
0
0
1
2
1
1
1
1
1
2
0
2
2
1
1
0
1
1
0
0
2
1
0
1
1
0
1
1
0
0
2
3
0
0
2
1
0
0
0
1
1
2
0
1
1
1
2
0
0
0
1
0
0
1
0
3
1
0
0
1
0
3
2
1
1
0
0
1
2
0
0
1
0
1
1
0
0
1
0
2
0
1
0
1
1
1
0
2
3
2
0
0
0
1
1
1
0
2
0
0
3
2
0
0
0
0
1
1
0
1
0
0
1
0
0
0
3
2
0
1
1
1
0
0
1
1
1
1
0
1
0
1
2
0
1
0
1
2
2
0
1
0
2
2
2
1
0
1
2
1
0
1
1
0
1
0
0
0
0
0
0
2
1
1
1
0
0
3
0
0
0
1
0
4
1
0
1
1
1
1
1
1
0
0
0
3
1
2
0
3
2
2
3
0
2
3
2
0
1
2
0
1
1
1
1
2
3
0
2
2
0
1
0
1
1
2
0
3
1
0
3
1
1
1
2
0
3
1
2
0
0
1
1
3
2
2
1
2
1
3
2
1
1
1
0
0
1
1
2
0
1
4
0
0
0
1
1
0
0
0
0
3
0
3
2
1
1
1
1
2
1
0
1
1
3
2
2
1
2
1
0
3
1
1
2
0
1
0
2
2
2
2
1
2
2
1
0
0
0
2
2
2
0
0
0
0
0
1
0
0
0
1
1
0
0
2
0
2
2
4
0
0
1
0
1
2
1
0
1
1
3
0
3
0
1
2
0
1
1
2
1
0
2
0
1
1
3
2
0
1
3
2
1
3
1
1
2
0
1
2
1
0
0
1
3
2
0
2
1
0
1
2
2
0
0
0
0
0
2
0
2
1
0
0
1
3
1
1
1
1
0
0
1
2
2
2
0
1
0
2
4
0
1
0
1
1
0
0
1
0
1
1
4
0
0
0
1
0
0
3
0
2
0
1
0
0
1
1
0
0
1
2
1
0
2
1
1
2
0
1
0
0
0
2
0
0
1
1
0
2
0
1
0
0
0
0
1
2
1
0
0
0
0
0
1
0
1
0
0
2
0
1
0
0
0
1
0
3
0
0
0
0
1
0
0
1
0
0
1
1
0
2
0
1
2
1
0
0
1
0
0
0
1
2
1
1
0
1
0
0
0
1
1
0
0
0
1
0
0
0
1
0
1
1
0
0
0
2
2
0
1
1
0
0
2
0
0
0
0
0
0
0
2
1
1
1
1
0
2
0
2
1
1
2
1
0
2
0
2
0
0
0
0
1
0
0
0
2
0
0
0
1
0
2
1
0
2
1
0
0
0
0
0
0
0
0
1
0
1
1
0
1
1
0
0
4
0
0
0
0
1
0
1
1
0
0
0
0
1
0
1
0
1
0
0
0
0
0
0
2
2
0
0
0
0
1
0
0
1
0
0
0
0
1
0
0
0
0
0
0
0
0
1
0
0
1
0
0
0
0
1
0
0
1
1
0
0
0
0
1
0
0
0
0
0
0
0
1
0
0
0
0
0
1
0
1
0
1
0
0
0
1
3
1
0
0
0
0
0
0
1
0
0
0
0
0
0
0
0
0
0
0
0
0
0
0
0
0
0
0
0
0
0
0
0
0
0
0
1
1
0
0
0
0
0
0
0
0
0
0
1
0
1
0
0
0
0
1
0
0
0
0
0
0
9
12
6
10
9
9
7
5
3
6
10
9
9
5
9
8
10
7
16
10
9
9
8
9
9
9
6
4
9
11
10
7
6
10
8
11
8
9
11
5
5
2
14
12
9
6
7
11
11
6
6
12
9
8
5
11
16
11
14
8
6
13
7
5
7
5
13
7
8
7
9
9
6
10
14
8
4
4
6
6
6
5
13
9
7
13
6
12
16
11
5
9
14
11
9
9
12
14
6
8
6
8
11
11
8
8
9
6
1
8
2
4
9
10
3
2
5
10
3
6
13
10
3
10
5
7
7
