0
0
0
0
0
0
0
0
0
0
0
0
0
0
0
0
0
0
0
0
0
0
0
0
0
0
0
0
0
0
0
0
0
0
0
0
0
0
0
0
0
0
0
0
0
0
0
0
0
0
0
0
0
0
0
0
0
0
0
0
0
0
0
0
0
0
0
0
0
0
0
0
0
0
0
0
0
0
0
0
0
0
0
0
0
0
0
0
0
1
0
0
0
0
0
0
0
0
0
0
0
0
0
0
0
0
0
0
0
0
0
0
0
0
0
0
0
0
0
0
1
0
0
0
0
1
0
0
1
0
1
0
0
0
0
0
0
0
0
0
0
1
1
1
0
0
0
0
0
0
1
0
0
1
0
0
1
0
0
0
0
0
0
0
7
31
69
70
70
85
79
73
85
61
65
84
75
92
65
68
99
88
71
65
75
88
103
98
84
75
97
85
74
83
69
89
76
74
83
85
85
81
77
69
88
99
88
79
77
90
87
91
82
91
63
95
108
96
101
75
90
77
77
94
77
89
85
86
76
96
83
101
83
97
101
89
84
92
81
85
80
111
82
64
83
77
100
90
102
85
87
73
89
90
81
78
94
90
95
89
95
85
91
102
98
94
93
89
87
88
82
83
91
105
99
97
93
92
106
97
82
80
78
108
106
91
93
100
100
95
89
95
102
104
91
96
86
95
92
84
102
95
89
99
94
101
97
86
95
94
96
108
89
107
102
101
107
100
110
105
110
108
107
106
91
130
112
111
101
114
117
111
103
109
97
111
104
104
106
119
100
105
114
111
79
104
107
113
119
113
109
110
124
128
116
119
122
117
107
118
114
116
97
115
130
125
128
121
133
127
112
121
120
109
127
117
110
117
115
132
137
127
140
122
136
109
126
116
113
141
136
117
130
125
128
115
117
120
121
120
120
109
117
123
116
142
117
112
120
127
128
130
122
107
146
111
104
116
121
136
141
119
143
118
126
133
130
116
118
132
145
137
127
109
149
133
144
131
137
116
128
123
125
128
119
131
133
145
123
124
123
115
122
127
121
135
136
123
133
124
123
113
122
123
127
105
133
125
136
144
117
116
128
127
109
127
128
134
128
110
107
119
110
128
124
131
136
127
152
109
134
127
93
111
108
114
119
127
137
139
125
138
126
121
104
132
120
134
137
122
109
120
103
117
130
121
128
120
122
135
111
138
122
126
123
145
133
126
119
150
129
121
112
139
94
108
140
140
136
116
140
107
125
122
118
136
123
129
138
123
127
128
139
114
126
100
141
98
107
124
118
116
131
142
108
118
122
127
121
126
132
98
115
112
130
125
117
115
131
116
114
113
122
118
133
142
133
126
108
148
106
89
121
122
121
117
99
118
124
110
137
135
128
116
123
122
110
118
127
119
123
111
134
137
111
133
105
123
145
127
104
125
130
133
114
116
131
130
122
116
136
121
96
116
111
125
108
125
139
114
108
144
130
122
105
126
119
131
124
113
119
123
111
108
113
108
121
111
97
111
107
121
114
118
100
144
121
114
108
134
114
109
126
106
100
121
99
106
107
105
106
126
123
113
116
109
104
119
121
110
117
123
118
112
123
114
119
114
126
136
105
111
129
111
117
140
134
116
119
124
119
106
133
130
102
112
102
102
103
123
126
135
108
134
106
125
123
119
112
124
112
117
135
99
104
118
103
98
128
108
117
135
108
109
121
113
112
111
106
110
127
102
111
114
132
119
111
118
111
102
117
123
118
83
108
121
123
111
103
114
128
120
111
103
118
105
114
113
109
107
110
124
128
122
101
119
117
122
131
104
105
126
109
127
130
121
102
103
106
121
120
117
108
111
99
111
111
104
99
120
105
108
121
115
100
111
103
121
99
116
130
97
113
90
112
112
124
137
125
115
122
84
116
119
123
119
113
93
91
119
119
112
89
105
103
101
133
120
109
110
118
106
112
110
106
115
117
115
96
114
129
109
120
105
108
109
97
100
102
111
121
105
88
116
101
111
130
114
101
102
90
116
97
107
97
112
129
103
123
118
100
100
110
111
112
100
98
107
84
95
96
119
96
113
100
112
99
117
109
115
89
107
100
119
110
111
99
113
92
106
95
107
115
118
110
97
104
100
99
115
108
100
109
109
123
111
103
97
99
90
101
103
106
111
94
105
106
92
93
90
97
91
111
119
98
117
103
105
82
103
102
90
103
111
89
102
100
106
111
109
107
99
112
91
106
89
116
94
101
102
101
94
113
113
94
107
107
89
118
102
98
94
107
96
99
109
98
120
105
100
111
114
103
104
101
110
104
97
103
112
110
116
110
106
103
90
86
103
104
98
110
99
89
112
97
103
107
108
94
101
85
117
94
113
90
106
102
99
111
120
104
91
109
93
123
104
105
103
113
87
106
112
108
120
95
107
108
91
107
114
92
99
121
103
95
108
108
91
97
107
96
115
104
96
109
104
105
102
113
103
95
120
117
117
120
98
121
118
110
128
110
91
111
113
92
88
102
116
107
112
114
93
119
119
110
128
115
100
111
126
121
114
109
126
118
113
124
116
126
126
120
104
118
133
122
119
124
128
132
105
138
115
104
118
109
113
115
135
111
118
131
106
117
115
124
123
120
130
102
130
135
125
113
120
120
128
109
139
119
110
151
121
121
124
114
121
120
125
114
118
123
121
130
124
123
124
139
122
122
121
165
133
132
134
130
135
143
131
116
130
137
121
122
135
137
130
129
127
138
117
136
134
135
126
139
130
134
134
124
140
135
149
117
134
126
139
119
146
134
114
121
123
100
117
124
122
118
120
142
136
129
118
113
113
113
159
125
125
125
112
129
138
109
108
126
113
138
133
109
128
111
119
115
129
127
133
129
123
105
113
117
149
109
125
121
121
130
120
123
115
134
106
133
117
123
136
102
111
135
118
114
132
115
146
121
116
110
118
113
119
106
116
113
127
119
110
122
125
122
118
119
126
104
135
106
114
111
102
104
122
100
126
94
116
115
109
113
121
108
112
103
98
119
84
112
125
101
105
106
111
111
108
95
102
89
111
114
102
119
105
125
111
107
117
91
121
96
111
116
95
101
96
116
111
96
93
106
105
95
93
88
118
101
97
112
112
105
113
88
98
97
92
92
72
110
92
92
88
103
108
94
100
108
96
98
101
97
101
90
97
130
103
103
84
101
88
107
96
99
100
102
88
92
109
88
113
107
97
106
110
102
90
91
76
110
88
100
97
96
96
114
87
76
95
106
109
95
115
77
90
95
93
76
82
89
99
85
95
88
110
86
90
94
89
108
105
90
90
97
95
95
90
100
102
93
91
86
87
84
88
86
78
81
92
88
94
96
97
87
87
109
105
79
80
83
90
88
102
86
80
90
93
83
99
84
89
77
99
86
98
91
75
78
81
84
87
77
92
90
99
69
80
78
89
84
83
91
85
88
91
89
99
98
98
88
71
76
113
92
104
84
96
97
90
80
95
79
93
96
77
76
88
75
81
76
87
79
67
88
93
95
89
72
96
73
87
80
101
75
75
78
87
92
86
99
91
89
87
92
99
85
65
84
87
95
97
68
86
78
82
95
79
87
71
85
73
73
90
83
77
75
97
75
83
81
79
77
76
76
87
85
80
95
84
82
79
75
79
102
77
83
100
97
82
82
79
93
82
87
84
84
76
94
69
82
82
67
75
79
85
65
81
79
71
84
85
70
73
99
85
97
68
72
83
88
71
78
94
75
78
87
93
65
84
82
80
88
82
82
73
90
80
113
82
87
73
93
103
73
69
83
79
80
75
79
75
93
89
78
88
75
82
67
68
75
80
83
82
81
72
84
77
84
77
79
80
71
78
91
90
78
90
91
76
79
95
84
73
99
77
89
82
76
73
81
71
79
87
76
77
103
76
91
77
65
69
85
74
84
79
73
105
68
77
90
71
62
83
74
74
72
84
80
86
77
84
80
95
89
90
68
77
87
65
86
74
63
68
86
89
67
71
77
82
82
70
77
65
86
74
64
79
79
55
78
83
77
58
76
62
63
61
86
76
72
70
75
73
82
87
65
71
69
66
71
64
72
80
83
82
73
73
73
70
81
81
63
69
74
84
94
86
75
83
84
66
80
75
75
63
71
78
74
72
68
81
88
64
69
59
81
90
82
74
77
70
77
73
73
61
81
85
61
61
75
76
72
78
66
78
82
76
73
71
76
72
79
69
62
65
63
83
76
65
63
69
78
69
76
66
66
60
84
83
70
69
85
62
81
70
79
82
72
62
75
80
75
83
65
76
75
70
70
64
65
84
65
67
78
81
70
61
69
70
84
80
70
74
63
76
65
75
78
74
64
62
67
69
91
71
71
76
61
61
57
61
83
79
83
77
78
70
85
70
89
66
74
86
54
77
57
66
76
78
78
84
64
67
69
60
75
87
74
79
68
59
59
76
75
73
69
80
78
69
69
61
77
68
71
81
68
72
72
64
69
79
86
55
72
72
56
83
61
71
71
68
84
80
59
72
75
63
63
76
41
63
67
75
63
49
64
63
57
67
64
60
65
80
58
79
64
66
61
62
67
59
62
68
61
72
56
87
79
64
65
77
68
76
69
75
79
58
67
68
65
52
64
72
68
63
78
69
72
59
66
68
69
41
54
65
67
67
78
53
74
67
66
68
62
84
64
69
58
68
63
52
88
76
58
59
92
60
72
79
67
86
57
55
52
68
70
79
77
65
66
83
82
52
64
73
60
63
61
55
66
61
55
78
52
68
68
61
65
55
77
70
62
84
71
59
66
73
54
55
73
58
66
71
62
59
59
59
49
72
59
61
57
68
67
73
61
60
59
56
51
45
71
65
54
58
70
64
60
50
45
60
67
66
68
72
65
63
52
56
70
54
76
76
63
73
66
59
62
50
56
59
45
67
78
71
70
74
62
61
66
67
62
59
63
66
66
61
43
62
57
66
67
68
66
64
59
65
66
58
55
55
58
59
62
75
62
50
71
61
66
64
54
57
42
49
67
69
53
61
59
53
56
62
59
70
57
55
70
51
61
61
65
52
55
70
55
61
71
66
39
64
68
58
66
54
48
65
71
53
65
54
67
64
70
68
62
61
68
77
63
67
65
71
58
57
48
58
47
63
48
58
65
62
79
70
52
46
64
66
63
56
64
60
55
76
60
57
58
63
57
71
66
60
70
64
62
71
64
52
61
53
60
57
59
68
56
57
48
53
52
76
64
69
55
53
67
59
62
67
85
72
56
61
66
80
57
73
58
56
46
51
49
59
79
62
63
57
66
61
65
59
71
57
55
52
56
52
61
70
69
57
69
70
54
74
55
58
52
52
53
64
55
57
65
57
64
66
62
62
57
58
50
53
54
53
59
56
66
49
69
72
63
66
63
80
61
60
44
71
66
72
56
58
58
60
72
49
60
64
62
58
61
54
54
64
60
56
55
48
51
67
56
58
57
59
69
60
70
60
71
59
57
62
76
59
43
67
51
68
55
69
51
54
54
53
57
66
58
49
50
59
74
49
63
61
57
60
66
70
64
48
66
48
76
60
61
67
52
77
66
52
51
61
62
59
69
53
61
59
59
60
59
66
60
61
50
50
66
68
68
48
55
60
66
65
67
53
54
65
61
59
57
58
61
62
57
50
64
42
57
56
52
64
77
50
62
55
57
55
64
73
67
53
53
57
62
62
66
57
69
65
54
59
57
60
76
61
52
55
60
57
71
57
57
61
61
59
57
63
55
65
63
49
57
65
66
59
63
68
39
48
64
61
54
59
43
60
60
72
62
57
69
46
66
55
51
73
70
52
54
65
66
47
60
62
49
63
65
53
60
47
59
67
79
66
68
61
54
61
83
58
60
62
60
50
50
48
54
48
49
67
54
71
46
64
53
55
67
50
62
59
55
44
68
81
53
65
62
58
64
53
56
58
61
58
57
57
62
57
68
63
57
48
48
53
49
52
60
72
66
63
44
48
53
67
54
73
59
64
58
64
66
42
44
54
55
69
60
62
59
63
55
70
62
44
67
52
57
51
61
60
61
62
64
71
60
59
40
51
69
56
53
51
69
72
43
56
68
60
40
64
62
57
58
58
47
53
47
62
70
73
47
54
63
52
49
63
59
59
63
53
56
69
57
72
68
68
57
70
53
53
60
50
56
59
48
59
58
43
50
54
58
67
45
48
50
51
63
63
66
70
68
58
73
59
63
58
62
55
71
51
47
54
62
66
60
58
45
60
65
51
53
63
55
57
62
54
40
58
60
61
64
59
39
56
65
49
50
70
61
65
49
57
53
62
65
55
65
50
57
60
35
45
64
55
65
64
57
54
49
68
64
48
53
39
68
58
54
63
67
50
59
48
53
42
63
55
46
68
61
53
51
49
70
60
52
40
61
71
61
52
58
57
74
64
48
65
50
59
60
63
51
56
53
64
50
68
65
51
67
59
44
63
59
60
62
72
65
63
79
47
62
72
51
58
54
66
64
60
45
62
58
53
72
64
36
66
52
56
59
48
57
53
59
55
54
58
58
68
50
56
44
46
54
64
49
48
61
55
39
65
64
60
50
60
53
53
69
62
61
58
56
59
47
45
58
68
61
66
57
43
67
66
56
55
64
68
52
53
63
60
56
66
50
53
71
63
58
59
38
54
57
65
55
49
51
55
50
50
62
60
62
47
47
50
61
64
53
65
60
60
68
56
51
63
52
57
52
56
57
56
48
61
70
65
41
59
40
59
54
63
55
48
54
53
54
57
62
47
64
60
62
70
65
46
60
55
45
54
73
63
45
54
61
51
52
64
60
65
54
52
60
63
48
62
67
50
58
57
51
50
53
51
61
41
63
45
55
57
63
60
50
52
54
53
54
67
54
64
50
65
69
69
64
62
54
55
65
70
57
60
57
65
85
57
62
59
52
39
48
56
71
40
56
60
67
64
67
56
51
50
57
58
53
40
57
54
60
57
67
67
56
66
51
68
56
50
68
54
52
52
54
60
62
64
69
47
41
53
56
51
64
51
57
53
56
61
48
49
68
53
49
56
70
67
53
49
57
60
72
56
49
49
64
58
69
52
62
38
62
50
64
64
55
42
45
57
67
41
55
54
54
59
63
46
47
53
58
62
60
55
81
56
47
56
59
56
54
53
53
52
60
60
49
51
67
62
65
72
63
69
61
60
41
63
44
59
67
54
53
60
67
54
66
65
60
54
60
55
61
54
61
49
64
60
56
50
46
40
71
60
59
56
60
57
66
56
63
60
65
60
53
50
51
52
56
58
69
63
55
62
54
62
55
63
62
66
78
64
62
56
67
57
63
40
48
63
40
45
53
64
57
54
61
69
59
70
58
60
56
56
59
74
55
48
61
51
57
55
52
63
61
57
74
67
60
51
56
51
51
56
57
57
75
52
71
52
51
56
58
54
51
63
76
43
54
64
70
60
54
73
55
75
58
63
60
54
61
44
53
58
49
52
63
60
61
62
55
68
56
35
52
57
59
61
61
63
54
62
58
68
47
54
67
72
57
68
61
66
58
63
62
59
60
57
58
47
56
59
49
56
62
58
52
50
68
61
68
55
52
40
50
52
52
64
53
46
44
56
74
61
46
44
51
66
60
54
59
65
50
50
58
58
63
54
66
55
40
57
54
63
67
56
56
51
59
54
59
65
68
58
46
60
61
61
59
56
45
44
52
64
56
48
63
57
46
56
47
51
50
67
63
69
50
64
55
50
72
56
55
61
43
62
61
53
60
63
47
58
68
67
43
61
49
48
61
45
73
51
57
46
60
67
71
51
61
63
56
65
52
63
62
56
56
61
60
72
48
50
55
48
61
57
58
57
53
59
53
66
50
56
58
55
53
61
53
59
53
57
57
63
64
61
73
50
39
69
65
62
70
58
72
57
46
51
54
49
78
62
62
43
54
63
62
50
53
51
53
65
49
61
46
68
57
55
51
62
63
63
45
58
59
61
62
75
64
58
44
56
60
61
44
69
51
72
54
45
53
53
61
72
59
64
60
62
54
65
68
51
59
57
61
53
45
62
55
60
50
61
73
41
56
69
49
64
61
57
59
52
58
69
49
49
68
60
53
55
53
67
54
66
68
56
71
49
60
40
60
53
68
68
78
57
66
59
55
52
57
58
66
62
56
66
56
68
47
68
63
58
61
57
58
60
61
58
54
51
54
62
54
48
65
53
55
69
67
75
62
65
51
59
58
50
50
57
52
61
70
55
52
63
70
65
54
61
56
50
56
65
47
52
33
61
61
69
49
60
53
56
55
66
53
50
56
47
46
41
28
57
54
40
52
55
68
69
55
58
61
47
58
52
56
53
56
55
69
59
63
73
58
64
68
53
63
53
63
62
59
49
62
49
58
62
59
65
56
61
58
54
49
63
62
56
64
61
50
54
52
60
61
50
47
54
46
57
58
50
58
39
57
70
63
58
53
63
58
60
54
45
53
72
55
65
53
58
65
52
41
59
70
55
61
65
59
53
58
50
52
48
61
64
56
53
61
50
54
65
75
59
52
68
55
60
60
59
64
55
66
53
56
66
65
54
52
73
57
60
70
67
71
59
64
48
50
64
45
49
51
55
52
51
51
58
66
60
61
58
68
54
46
82
59
52
55
69
63
57
56
61
52
66
56
58
64
69
49
56
56
49
56
57
63
44
56
53
51
63
51
60
66
55
64
63
57
64
72
65
57
55
64
65
52
56
56
71
50
45
60
62
62
65
60
57
60
59
62
62
57
58
54
53
49
51
61
64
57
50
70
51
65
46
50
68
59
55
65
74
49
68
65
58
58
47
60
52
55
53
65
65
49
43
51
71
65
59
56
49
57
58
47
54
57
49
51
55
55
62
77
58
58
56
63
64
59
57
65
75
49
56
57
52
76
72
59
56
74
57
54
72
51
62
58
49
69
47
52
47
66
65
61
53
60
60
65
63
66
66
56
53
47
59
52
71
51
56
65
62
64
62
63
56
56
65
68
78
60
50
56
62
66
45
53
56
64
57
54
57
65
59
37
62
54
61
55
57
47
62
67
58
60
48
51
65
57
61
60
76
60
56
56
62
46
58
58
66
60
57
66
54
60
55
67
65
59
59
66
65
58
57
63
61
50
64
67
57
57
52
57
56
66
66
63
54
57
59
52
51
55
58
71
64
73
59
64
73
61
51
71
59
91
64
53
48
52
60
55
59
52
60
53
56
56
73
63
70
75
53
55
72
73
65
52
61
56
56
69
71
63
60
57
56
51
46
52
64
51
66
59
50
62
56
61
62
65
72
66
62
61
55
57
57
63
57
47
58
64
50
63
71
55
58
64
50
61
50
73
52
61
67
52
51
58
52
60
70
65
65
58
62
60
58
63
54
58
64
54
44
65
63
67
62
48
67
67
56
60
80
52
47
53
67
60
53
59
54
54
54
64
63
66
77
65
60
65
58
69
76
79
60
48
71
69
64
43
58
76
68
65
67
61
69
71
61
64
60
64
62
53
67
77
64
60
75
64
53
66
60
55
62
63
69
58
57
62
69
66
59
67
59
44
52
43
62
61
61
67
56
57
71
63
61
69
64
69
80
75
58
59
54
54
51
70
61
61
62
58
65
65
60
50
79
64
63
69
69
62
69
61
62
69
67
75
66
60
60
72
63
62
50
78
53
66
58
54
73
67
59
57
63
63
59
51
74
53
62
72
60
61
58
78
66
73
69
66
69
54
62
64
74
69
59
67
61
72
56
68
62
74
53
67
72
63
56
66
66
69
81
69
59
55
63
70
90
60
61
74
65
58
63
66
67
60
48
86
82
64
60
62
68
62
60
66
50
73
65
56
74
72
61
68
81
67
59
63
54
44
70
65
70
58
65
65
55
68
55
52
72
66
71
63
55
71
63
54
67
62
73
80
64
63
48
67
65
79
73
66
59
61
61
51
63
60
80
63
63
66
65
63
78
77
79
75
67
73
74
68
75
74
65
61
54
77
60
77
68
53
58
58
52
70
61
73
78
64
73
61
85
65
63
70
63
54
63
50
70
76
72
62
62
62
63
66
75
75
81
64
74
62
75
74
64
82
77
76
68
58
70
73
61
75
74
71
65
69
73
62
72
79
59
59
62
75
80
61
77
56
59
67
73
57
75
78
57
62
62
67
59
64
72
87
56
71
65
53
87
75
70
62
68
65
60
70
66
59
67
60
56
62
71
84
71
58
56
66
87
66
65
62
71
62
82
67
69
73
77
66
57
77
54
63
69
67
74
72
64
84
75
61
77
78
68
61
66
84
60
66
82
62
71
72
62
69
69
67
66
58
75
59
77
59
73
65
72
67
64
80
75
55
63
77
59
67
66
67
56
59
64
58
70
65
68
71
62
69
71
78
58
62
71
62
61
70
57
79
67
65
77
64
64
76
78
71
65
61
62
65
74
72
59
61
68
76
74
68
61
81
61
69
77
59
52
69
67
66
89
65
67
73
57
84
70
77
73
75
68
55
81
76
53
75
66
79
78
71
57
70
65
69
63
69
61
60
50
75
67
60
59
63
71
73
64
66
57
75
63
71
83
85
61
67
67
54
70
76
70
61
67
65
69
69
72
92
78
66
70
61
60
62
59
59
70
75
76
77
88
75
73
66
59
68
64
73
79
74
62
69
55
65
75
70
80
71
63
55
65
57
71
77
66
85
66
72
59
62
87
77
59
67
64
63
83
73
69
68
58
65
77
55
64
68
73
72
63
59
65
92
66
68
62
75
68
82
64
74
64
58
75
62
57
72
71
72
64
65
74
61
72
69
66
57
90
72
67
74
77
74
75
71
72
61
72
63
70
69
76
57
82
80
65
53
65
54
57
63
66
64
60
68
54
65
66
62
66
76
81
69
70
63
64
69
58
77
61
55
61
84
70
72
82
49
74
76
68
65
73
68
67
63
72
51
72
67
65
73
71
75
65
46
54
60
59
66
66
91
62
79
63
67
58
77
72
58
61
59
70
74
73
69
61
64
60
72
63
69
61
62
57
75
69
73
69
60
65
76
58
66
55
62
75
70
60
72
89
75
68
61
59
71
79
80
75
69
79
79
63
78
64
60
62
69
61
73
68
56
56
60
57
79
55
51
66
76
76
68
57
64
60
63
56
68
63
60
69
56
68
60
56
56
53
61
74
63
78
72
77
66
58
58
60
57
59
36
63
55
55
54
61
63
65
60
68
51
65
74
65
66
59
54
79
59
61
63
60
56
63
77
66
52
77
60
79
76
54
70
51
59
60
47
63
63
59
59
68
58
68
72
68
57
63
64
58
47
60
52
58
72
51
53
65
65
62
66
64
73
71
54
63
50
61
59
52
69
51
51
53
68
85
60
55
53
74
64
55
57
56
52
53
52
75
38
65
66
59
43
56
56
59
52
71
59
62
67
54
49
48
47
54
41
70
44
47
51
55
54
62
61
66
54
53
42
48
59
54
61
60
57
46
54
45
63
61
54
61
56
59
43
39
59
61
51
52
68
55
59
54
55
54
59
44
56
45
44
41
51
53
49
56
45
45
45
60
61
48
44
64
52
44
44
48
38
59
48
50
55
48
43
42
49
47
50
47
51
50
57
58
44
50
51
51
57
45
39
56
49
55
61
51
53
47
52
41
55
52
33
53
51
55
45
52
52
54
31
46
48
42
55
51
44
52
42
42
52
57
46
51
57
40
57
40
46
46
55
42
32
48
46
41
44
45
55
50
47
49
54
50
47
54
45
42
45
41
36
51
52
52
61
46
42
41
47
46
48
36
43
52
56
48
46
57
50
55
47
35
44
40
41
50
45
44
41
45
28
54
49
54
49
41
52
52
43
42
50
47
36
38
48
55
46
44
49
53
49
40
42
43
51
43
43
56
33
41
33
42
47
41
45
50
46
47
45
42
53
62
43
38
52
31
46
45
47
50
48
34
28
51
45
44
32
40
43
43
45
41
53
42
41
47
55
35
38
57
40
55
43
49
36
50
45
41
50
48
43
50
34
38
49
43
32
50
41
29
40
49
41
49
37
40
51
43
37
39
46
55
47
34
49
50
57
41
40
49
44
42
44
54
58
32
50
55
54
38
38
39
41
44
47
39
33
56
42
57
39
37
39
41
44
44
40
48
48
44
49
60
49
53
58
48
47
37
44
45
51
47
50
43
48
38
39
41
46
28
43
38
40
39
40
46
48
42
37
40
41
33
36
42
49
52
33
48
29
44
41
37
38
42
39
48
48
41
36
39
45
49
45
44
46
52
48
51
39
43
51
45
53
48
37
41
41
48
53
52
39
41
32
41
45
53
41
41
51
51
48
48
45
50
48
38
31
35
38
40
46
41
42
45
36
39
44
42
40
45
37
39
46
51
39
37
44
54
40
36
37
33
42
43
48
45
35
56
42
42
46
46
40
39
46
44
51
43
40
41
55
26
40
28
48
49
41
36
51
37
30
40
38
48
39
49
38
56
37
55
43
41
42
45
47
40
34
42
39
44
39
41
39
44
45
34
53
35
38
35
50
38
33
51
42
36
42
41
55
48
48
44
38
42
47
35
46
41
38
36
50
39
47
27
42
40
50
37
51
48
43
36
35
48
45
54
40
35
42
49
38
39
46
38
42
54
46
36
45
47
48
46
42
31
43
43
33
42
46
41
41
40
35
53
38
45
41
42
37
35
43
43
53
55
29
49
47
35
43
39
51
50
40
34
48
44
50
44
35
43
29
44
42
45
43
47
52
39
42
40
31
52
48
36
43
34
39
44
40
35
38
42
43
40
45
35
38
38
48
35
44
45
44
37
36
40
42
38
44
39
46
54
37
41
28
35
40
42
44
42
46
41
37
47
56
44
44
47
30
36
42
34
36
30
37
39
41
40
41
49
38
28
51
41
36
31
44
40
44
36
36
45
45
52
45
28
41
42
38
37
48
39
27
47
35
39
51
38
50
43
45
22
42
40
43
35
45
41
38
40
41
35
34
47
37
53
31
32
33
35
42
42
39
43
59
54
31
46
39
30
39
38
31
33
39
41
37
36
34
45
34
48
40
27
42
45
36
49
40
42
44
51
41
41
37
39
44
52
39
29
37
44
38
50
50
40
34
37
42
43
22
38
34
48
46
38
44
49
43
39
49
39
43
43
41
31
31
33
34
40
40
61
37
34
51
50
43
37
41
43
51
46
63
46
42
38
43
46
50
41
42
53
32
62
46
43
67
44
49
46
48
45
46
46
55
46
43
44
41
53
55
48
54
50
47
48
54
52
55
52
51
41
55
45
42
58
45
41
54
45
54
57
53
46
55
59
65
55
51
57
56
60
51
54
58
53
63
52
52
61
73
55
65
50
60
59
63
68
46
56
60
48
61
73
62
53
64
67
64
62
74
56
56
71
48
54
65
69
58
53
71
72
59
68
68
72
81
67
76
67
72
76
80
75
78
87
62
79
86
68
68
69
80
71
85
66
91
87
77
78
58
81
85
65
75
93
91
70
82
86
101
91
80
79
85
94
102
93
100
89
98
95
92
88
92
102
93
90
101
67
88
96
114
92
98
110
79
88
103
97
103
94
106
120
110
111
117
89
120
124
103
94
108
93
109
102
123
103
105
116
120
110
110
104
107
118
107
102
109
105
118
120
116
106
115
109
123
119
117
119
100
117
115
122
130
128
128
118
124
131
117
112
120
141
110
149
138
133
126
140
134
125
148
131
125
141
111
148
133
125
133
152
131
138
141
165
148
146
128
155
136
130
126
136
146
136
137
149
136
147
134
173
151
135
144
133
145
148
173
150
128
150
140
160
138
150
122
153
147
171
137
155
149
147
135
157
137
143
164
163
145
150
169
176
131
166
169
185
142
142
156
158
150
162
155
166
166
161
176
164
171
164
171
168
158
166
151
160
180
158
158
165
179
179
143
139
159
167
184
150
155
169
166
138
185
157
134
166
140
147
166
164
145
156
165
135
151
160
165
165
180
163
161
162
188
162
182
175
169
163
172
141
173
141
166
151
157
154
162
156
157
122
154
152
155
151
172
152
160
139
161
132
124
140
160
156
124
140
138
156
137
134
150
124
129
123
149
141
117
150
147
131
143
131
128
151
121
120
141
131
136
156
126
108
125
133
133
132
119
113
124
118
133
133
132
123
131
132
130
112
115
127
119
114
116
98
94
122
102
112
137
105
94
120
99
134
132
105
137
101
86
120
108
106
125
105
120
103
103
105
96
98
99
100
99
81
109
93
91
114
86
100
92
78
102
80
93
79
89
75
83
87
88
92
84
94
88
87
71
78
78
83
83
81
75
89
70
78
77
59
64
80
73
82
56
68
61
67
67
69
69
62
71
75
65
71
60
62
64
66
57
66
56
49
63
63
58
66
63
58
64
50
56
67
56
39
74
61
47
49
58
47
49
48
54
50
69
45
47
50
55
54
52
44
46
39
28
39
40
55
52
44
48
45
43
30
40
46
42
34
38
35
36
31
36
29
41
37
34
45
33
50
31
46
26
31
41
31
24
33
42
31
34
42
32
28
32
36
24
29
30
28
26
31
30
21
28
29
31
21
26
20
24
34
19
29
28
30
23
28
28
20
22
33
30
21
21
29
35
15
16
18
16
23
22
19
23
27
20
32
27
14
21
24
21
19
19
29
24
18
22
22
15
16
23
16
16
10
29
22
17
12
25
14
15
21
10
21
15
22
14
15
18
19
26
19
15
24
10
13
17
21
13
26
15
20
21
16
13
22
16
15
15
25
23
23
14
19
17
21
17
17
20
14
18
20
17
17
20
15
18
15
22
17
14
24
20
12
10
20
17
11
14
20
30
17
20
15
18
20
23
22
18
13
18
23
18
25
17
15
14
19
19
17
13
15
28
28
15
20
13
30
18
22
21
31
18
18
22
24
18
21
18
21
28
22
25
26
22
17
16
14
22
20
24
26
17
26
13
16
21
30
25
31
24
27
26
23
24
25
25
23
31
31
28
27
19
32
28
25
26
35
25
28
16
24
31
33
37
27
24
32
32
24
36
33
40
30
34
27
30
22
30
27
29
28
29
22
43
37
30
41
28
32
33
32
34
23
40
32
33
42
48
33
33
29
35
41
37
31
46
40
33
44
64
37
38
40
28
38
37
33
56
44
36
52
45
33
29
34
55
39
46
38
49
52
42
43
42
38
42
48
46
34
33
51
51
46
51
52
61
49
54
46
49
49
57
61
56
56
39
51
46
72
64
48
49
49
49
57
54
47
56
69
53
68
55
51
59
55
61
72
73
45
54
74
48
52
64
72
61
69
66
73
68
79
67
69
68
78
74
59
74
68
62
66
77
74
73
69
80
82
67
73
78
73
104
82
77
69
70
94
79
92
85
77
86
71
81
94
84
89
76
86
85
81
99
89
85
74
93
80
80
77
67
91
79
92
95
72
86
101
100
96
83
79
113
83
104
92
100
92
108
90
100
92
124
93
83
98
103
92
102
105
118
87
92
101
94
111
91
95
106
94
115
95
98
114
105
93
111
121
119
86
99
120
109
108
99
131
113
125
110
123
114
121
120
114
114
106
105
111
103
122
112
113
120
107
122
93
108
102
109
111
120
128
132
122
112
125
118
128
123
122
135
119
120
106
120
123
123
142
110
128
130
129
122
106
120
132
123
116
103
115
114
111
105
113
110
107
138
136
132
126
135
125
123
124
107
115
113
111
121
132
119
107
125
127
133
136
130
110
126
134
130
123
133
117
127
124
131
134
150
144
101
103
117
134
116
114
127
118
134
134
123
124
109
129
129
126
130
118
106
149
111
103
114
120
121
97
126
131
116
123
109
114
113
121
116
123
113
110
116
115
113
125
97
108
106
102
105
141
123
101
114
117
116
103
101
100
124
86
123
111
111
90
123
91
112
114
105
107
104
114
93
107
104
92
110
102
97
108
112
107
105
107
94
91
91
93
93
88
98
102
78
104
92
80
102
105
90
73
98
107
103
102
80
93
88
87
80
86
93
92
98
89
62
63
98
87
88
92
94
81
83
78
95
71
77
87
66
79
74
79
79
68
83
79
73
63
55
80
84
76
75
84
68
61
71
74
56
72
77
66
68
51
87
79
63
70
69
69
58
50
77
60
78
46
63
68
61
60
56
49
68
41
46
61
48
60
65
37
61
50
47
56
56
53
50
41
59
44
37
49
46
58
56
42
46
43
54
37
54
41
45
39
41
57
37
37
39
37
42
42
39
28
45
35
42
49
31
37
41
30
45
30
36
32
33
38
35
32
33
35
32
32
31
28
28
41
30
38
25
26
32
26
23
20
24
27
20
27
25
25
30
35
30
25
23
28
20
21
16
18
28
25
21
21
26
9
18
26
16
9
18
23
20
19
21
18
15
22
18
27
24
31
24
20
27
19
25
21
24
19
15
17
22
21
15
15
13
14
16
14
12
11
9
22
16
25
8
21
12
10
14
17
11
11
7
15
8
10
14
10
12
10
10
10
11
9
13
11
11
7
15
11
10
7
12
12
12
8
20
11
8
3
8
10
12
10
12
10
8
4
11
11
8
9
11
8
6
13
9
11
8
10
10
15
8
6
6
7
6
12
10
8
7
10
5
7
10
10
10
14
5
9
9
8
5
5
7
7
8
8
10
7
4
3
7
7
8
9
9
5
7
6
4
9
8
6
7
10
4
9
7
5
4
9
2
5
8
4
5
7
5
8
2
5
11
8
7
5
3
7
5
8
6
9
5
3
4
5
6
8
7
4
3
11
10
6
4
3
5
4
6
10
3
2
5
6
3
9
6
9
6
6
7
6
5
4
6
8
9
7
4
5
3
6
4
2
5
4
7
4
5
8
4
5
6
3
8
5
4
7
6
9
6
5
6
6
8
5
3
8
6
1
3
6
5
5
12
7
8
5
6
5
3
4
4
1
4
4
7
7
7
8
7
8
6
4
3
8
3
7
7
4
6
3
3
6
8
7
7
5
4
5
4
9
8
4
7
5
6
6
4
4
5
7
4
6
3
4
5
6
8
5
5
5
5
4
3
7
2
9
3
3
6
1
8
5
7
7
4
7
7
2
4
13
8
5
5
8
3
9
5
7
8
6
3
7
5
7
6
7
6
6
7
7
3
4
7
5
7
6
6
4
8
5
6
6
8
5
4
7
5
1
6
8
11
5
5
2
7
4
3
5
4
4
1
2
4
6
7
3
0
2
3
6
4
4
6
3
7
11
4
4
6
10
7
6
2
3
3
7
6
10
3
5
4
1
4
5
6
7
9
3
7
9
5
11
8
9
6
6
6
5
4
7
6
6
2
4
6
7
4
8
7
5
3
5
5
4
4
2
9
6
0
2
6
6
4
8
6
4
7
5
4
3
2
6
8
5
1
5
2
5
2
5
8
4
10
10
6
0
2
7
7
5
6
5
2
3
5
4
3
7
11
5
5
7
2
6
6
8
5
3
1
2
4
2
4
3
6
3
4
9
4
5
6
6
3
3
3
3
4
4
4
3
1
6
3
4
2
3
6
3
5
2
5
3
2
5
4
5
5
1
5
3
4
4
1
5
1
5
5
3
7
3
5
5
6
3
5
4
2
2
2
2
5
3
7
3
5
4
3
8
4
5
3
4
4
9
7
7
2
7
2
2
5
1
4
5
6
4
4
5
3
1
2
7
3
2
8
3
3
4
5
6
7
3
7
10
4
2
4
1
1
5
5
6
2
4
6
4
4
5
4
7
5
4
6
2
4
3
1
5
3
5
3
3
1
4
4
3
1
3
3
5
5
2
6
2
4
6
3
3
4
6
2
5
1
6
8
3
4
4
8
6
3
0
3
3
4
2
5
3
7
6
0
5
4
5
2
2
7
3
4
1
2
5
2
2
3
4
5
5
3
2
3
1
3
9
1
4
2
5
0
3
8
3
1
5
4
1
5
2
3
4
7
2
5
1
3
3
4
2
1
2
0
2
0
5
6
2
4
6
3
3
6
2
6
5
2
0
5
3
4
2
5
4
6
3
5
3
4
2
2
1
3
1
3
2
6
2
3
4
1
5
6
6
2
4
2
1
1
4
6
6
3
6
4
1
4
3
1
3
3
3
4
5
3
5
0
4
5
2
2
7
3
2
2
4
3
4
4
6
5
5
7
2
6
4
1
4
4
2
2
5
2
4
2
5
4
5
3
2
5
3
4
5
7
3
4
4
2
4
3
2
8
8
4
2
5
5
2
2
4
0
6
5
3
3
1
3
3
6
7
5
0
0
8
5
8
3
7
4
4
4
2
7
1
3
3
3
3
7
4
1
82
80
85
82
79
83
83
86
94
92
89
92
79
87
75
81
76
79
67
84
79
90
95
98
79
92
81
77
84
85
73
84
82
105
85
83
61
81
108
86
73
79
84
84
82
92
77
81
69
85
82
75
86
85
62
68
90
82
77
97
77
81
84
75
102
69
81
82
82
72
61
93
83
84
87
64
84
93
73
86
80
87
81
65
67
76
101
76
74
88
77
74
90
68
72
85
84
80
91
86
85
89
93
83
69
89
81
94
82
89
83
69
84
90
88
103
75
84
85
77
70
84
73
76
81
77
62
29
