0
0
0
0
0
0
0
0
0
0
0
0
0
0
0
0
0
0
0
0
0
0
0
0
0
0
0
0
0
0
0
0
0
0
0
0
0
0
0
0
0
0
0
0
0
0
0
0
0
0
0
0
0
0
0
0
0
0
0
0
0
0
0
0
0
0
0
0
0
0
0
0
0
0
0
0
0
0
0
0
1
0
0
0
0
0
0
0
0
0
0
0
0
0
0
0
0
0
0
0
0
0
0
0
0
0
0
0
0
0
0
0
0
0
0
0
0
0
0
0
0
0
0
0
0
0
0
0
0
0
0
0
0
0
0
0
0
0
0
0
0
0
0
0
0
0
0
0
0
0
0
0
0
0
0
0
0
0
0
0
0
0
1
5
28
85
120
119
125
131
127
123
129
119
123
119
135
117
112
108
124
130
124
110
111
116
114
146
105
128
119
134
118
136
127
132
108
126
116
138
124
141
110
154
130
136
141
137
132
146
134
137
128
146
125
124
134
151
118
126
141
128
137
149
141
144
149
154
125
135
132
143
132
134
153
156
156
147
136
144
131
163
113
148
119
127
155
140
145
127
161
145
148
148
156
153
140
123
142
134
143
160
150
149
145
147
151
158
135
157
125
153
132
141
170
146
157
173
144
173
139
149
169
144
137
146
166
176
139
142
177
163
170
159
169
149
169
163
166
162
141
170
176
150
139
160
171
144
173
127
138
143
157
139
177
173
154
149
172
173
141
169
176
153
158
178
146
143
179
155
167
177
156
156
173
155
159
160
167
167
150
146
164
177
154
157
174
160
150
187
158
166
159
162
146
165
165
188
169
170
172
174
170
150
159
178
157
173
167
163
158
172
159
163
163
144
139
157
172
167
165
161
166
151
146
136
174
190
156
159
138
191
173
170
165
180
163
160
153
171
159
164
143
175
157
160
175
152
171
149
161
132
143
142
158
176
167
149
174
157
148
160
163
157
161
146
144
156
156
155
168
146
167
147
137
146
169
134
174
140
167
153
153
172
155
143
174
153
174
143
168
151
153
147
167
156
163
145
131
153
154
164
146
145
156
133
164
168
144
128
143
155
133
131
141
147
127
145
159
152
156
146
136
135
144
149
160
153
162
137
131
169
150
153
154
119
141
142
155
151
144
154
123
150
123
135
149
146
132
136
157
152
123
151
157
133
143
147
113
148
142
141
137
111
151
145
145
143
123
135
130
151
161
135
142
128
129
144
132
135
142
146
127
123
130
121
134
134
150
145
129
146
146
142
125
140
151
156
124
108
138
141
130
140
147
135
124
138
130
141
129
139
136
138
125
122
144
131
121
104
107
137
132
111
137
124
129
136
131
130
103
141
137
91
124
124
123
118
122
127
135
119
112
122
113
128
123
130
113
110
118
117
109
111
115
107
127
153
120
131
110
117
98
99
111
108
123
114
105
96
117
111
147
127
115
114
107
112
113
106
122
117
114
116
125
114
103
138
118
117
103
90
112
101
125
101
118
121
121
106
119
121
120
116
98
112
107
115
112
103
98
126
106
117
95
110
86
105
113
94
106
127
98
104
100
111
126
103
105
95
113
99
107
101
105
108
123
99
101
88
97
88
102
95
99
102
102
112
82
100
95
125
99
97
102
118
100
111
108
87
103
104
121
91
112
97
104
91
88
125
96
88
86
95
116
86
120
98
105
97
100
92
95
107
99
91
93
102
93
101
97
103
90
100
91
76
75
82
76
102
95
95
95
85
103
99
82
93
87
87
86
92
84
87
88
90
90
89
79
86
93
77
90
91
66
87
86
97
84
105
84
78
89
84
84
70
81
101
85
84
81
96
70
71
92
78
88
85
73
71
87
85
79
79
82
86
88
99
88
86
86
98
91
74
83
69
71
74
86
78
84
90
95
87
93
84
75
80
76
75
79
79
94
75
76
80
67
76
76
68
84
79
70
83
77
90
80
83
78
80
78
90
69
70
63
84
79
84
75
73
79
77
71
79
82
63
85
65
76
79
56
80
84
83
64
73
71
75
74
72
84
73
83
66
65
68
77
82
88
71
66
87
68
64
65
65
58
71
62
70
78
68
76
86
66
74
76
84
76
75
65
55
63
55
81
71
76
60
74
74
72
57
73
66
69
72
67
68
67
82
75
76
80
73
77
72
74
69
61
63
65
69
50
70
62
61
65
59
61
56
80
75
66
64
67
64
61
59
75
65
65
71
63
62
66
87
68
45
59
68
60
76
82
75
52
83
53
61
69
69
80
66
75
60
56
71
72
44
51
53
64
65
61
73
62
66
71
69
52
64
64
61
62
48
56
55
70
68
62
75
79
49
53
55
56
68
47
59
43
64
71
66
46
47
61
61
73
71
55
51
72
70
66
56
60
55
54
41
61
63
63
50
67
54
61
53
55
48
55
70
54
52
75
60
53
67
57
48
52
43
57
62
60
46
55
47
55
70
60
58
58
68
50
50
54
57
43
58
41
48
51
33
56
62
51
53
57
54
54
63
47
50
34
53
54
52
38
54
48
55
41
61
52
48
48
56
67
42
55
53
65
53
47
52
56
56
51
58
40
54
41
62
51
53
52
56
40
53
45
52
51
52
40
52
40
43
55
44
47
52
45
68
55
60
53
49
46
50
43
44
51
54
50
59
51
53
64
55
44
53
43
45
45
52
55
49
53
37
35
47
50
49
51
45
42
46
53
51
47
41
45
37
43
55
49
43
41
42
48
60
62
53
47
36
47
42
46
59
48
36
37
43
50
39
50
42
40
38
40
46
45
50
33
42
47
39
43
56
41
48
48
34
51
58
38
48
59
50
37
37
48
44
42
48
34
50
36
42
31
34
41
45
40
38
52
59
44
39
36
44
40
47
35
44
50
51
38
51
41
34
44
40
35
36
37
38
41
44
38
33
46
43
36
50
32
35
40
45
47
35
44
38
38
41
35
35
40
52
36
46
33
40
28
39
36
39
38
43
33
35
33
43
44
46
42
34
45
44
35
43
42
33
42
36
30
40
36
42
42
43
35
50
31
29
40
41
38
44
27
38
38
43
44
38
29
53
35
46
39
32
42
32
43
29
39
24
35
38
44
36
34
40
35
37
40
33
35
36
35
41
45
43
26
29
36
36
41
38
45
35
44
38
42
33
38
30
42
36
41
30
33
39
38
39
35
37
39
37
28
48
37
43
45
36
44
31
38
40
34
29
45
33
34
36
32
43
44
40
34
29
33
30
31
30
30
38
35
41
34
39
34
30
23
28
33
32
41
43
30
35
28
31
35
44
41
39
27
36
44
36
41
28
31
30
24
32
36
34
33
25
36
42
24
26
36
35
36
33
28
33
44
31
30
40
25
28
33
31
29
23
30
27
29
26
29
37
35
30
27
48
26
42
23
26
39
38
28
34
34
31
31
37
34
35
28
29
39
39
42
27
32
38
28
35
35
41
32
30
25
29
29
34
27
42
27
33
24
39
28
30
27
31
40
30
29
18
26
30
39
33
39
31
35
36
32
23
24
33
28
32
30
22
23
34
27
30
25
35
29
37
36
21
35
27
26
28
30
31
36
31
32
32
37
23
32
31
32
34
32
36
25
30
27
19
32
28
30
33
34
25
28
25
29
29
35
29
27
24
28
28
37
33
33
35
35
26
25
25
32
32
23
32
27
30
35
36
28
27
26
27
25
30
31
29
22
29
35
29
32
38
34
27
28
17
23
31
29
24
29
33
29
29
37
30
28
26
31
25
20
41
29
24
28
32
27
31
25
25
32
33
29
33
24
29
26
24
28
29
22
29
28
28
30
25
30
31
31
30
31
23
18
25
30
22
40
32
20
28
30
18
26
28
26
35
31
37
20
32
35
27
36
27
34
24
23
23
33
30
21
26
23
29
36
23
36
37
29
30
27
39
22
33
19
28
23
25
30
31
38
22
23
26
30
34
28
34
31
27
29
28
33
26
36
23
27
27
27
25
33
41
26
26
23
25
15
28
25
26
29
25
28
27
28
34
31
29
28
24
29
41
29
30
25
32
26
29
31
19
32
27
35
26
30
25
31
24
25
25
23
28
21
29
25
27
17
24
27
25
27
24
25
30
29
20
26
37
27
27
33
28
29
32
18
20
25
26
29
27
21
26
41
28
19
20
19
24
26
36
26
19
18
24
30
22
24
20
18
29
24
34
21
24
16
24
33
26
19
33
33
32
30
29
23
16
26
24
19
28
26
34
21
31
24
23
26
30
26
22
29
22
21
20
24
26
23
14
21
15
20
30
16
26
30
22
25
23
34
27
19
18
24
32
23
21
25
20
28
23
29
22
35
30
26
26
28
31
21
20
29
35
25
25
26
23
24
22
22
30
25
27
29
29
25
22
25
31
25
26
25
21
29
21
20
29
22
25
22
12
20
22
31
24
21
23
17
20
24
24
19
25
22
17
17
28
22
18
27
23
27
19
19
25
24
19
20
24
24
14
20
24
23
12
17
22
23
27
21
17
26
28
24
16
25
18
20
20
21
24
32
19
27
27
37
25
17
23
25
23
18
18
13
18
23
20
28
24
25
22
28
21
30
29
26
21
20
22
29
18
15
23
17
28
30
16
25
28
19
22
19
20
24
24
23
23
31
20
20
19
25
17
21
17
16
21
28
27
29
19
28
24
26
21
25
21
28
22
26
24
13
22
19
19
19
23
16
25
20
14
20
22
20
26
19
27
17
31
34
26
15
29
20
18
28
23
21
17
21
27
25
17
20
29
21
27
19
17
14
15
24
16
19
19
28
21
20
26
20
15
19
19
15
19
22
23
28
13
24
26
26
12
31
23
20
20
20
20
18
28
17
28
18
17
29
17
16
20
12
18
15
19
17
17
20
23
13
24
25
19
22
20
20
25
21
28
28
28
21
9
24
18
24
27
20
28
23
15
20
24
16
19
22
16
35
17
17
29
23
20
19
17
14
24
16
16
15
13
23
20
16
19
22
19
12
17
17
21
19
15
23
23
16
24
20
16
20
30
17
20
18
20
15
22
18
16
12
19
17
16
13
19
18
22
15
22
24
25
24
16
19
31
20
15
22
17
22
29
16
17
19
21
19
16
20
17
12
18
19
19
20
14
18
17
22
19
25
20
17
20
24
23
12
19
23
16
23
27
22
20
25
16
20
18
19
19
15
12
20
17
20
17
17
20
15
26
16
20
18
19
24
22
22
18
18
21
13
17
18
21
19
20
18
16
20
14
23
23
19
24
27
24
15
25
20
23
16
29
19
22
10
18
18
29
19
22
15
20
21
26
25
27
24
14
21
17
27
23
16
19
18
21
20
19
19
22
14
21
20
13
21
24
21
16
19
19
18
18
18
18
18
19
23
13
28
16
18
22
18
21
9
21
14
19
16
18
15
15
22
22
20
17
13
17
18
15
21
17
15
12
20
22
13
22
23
19
17
14
15
22
19
11
16
18
21
18
17
12
14
23
21
14
19
21
16
18
21
14
18
27
22
21
16
9
18
23
14
21
26
14
14
22
14
14
18
16
28
25
13
15
25
20
16
19
16
14
13
21
22
19
14
22
21
23
24
13
16
20
14
12
23
5
15
16
20
15
17
19
21
15
13
19
24
25
19
14
11
17
14
25
9
15
26
19
20
20
17
25
20
19
20
17
17
16
16
14
20
15
11
18
19
17
18
23
14
21
20
24
16
16
14
16
17
21
21
18
23
19
17
19
12
11
16
19
23
19
18
19
18
30
18
15
14
18
12
18
15
13
19
22
14
23
14
16
24
17
12
22
18
15
20
20
19
18
19
24
12
25
14
21
16
19
19
17
18
17
17
10
23
16
18
17
22
18
14
12
16
9
21
7
22
17
14
20
27
24
17
17
15
18
12
15
23
22
15
17
12
16
15
15
20
18
19
16
19
18
20
13
30
17
22
15
20
19
20
14
17
16
14
20
19
12
19
21
23
21
15
15
20
21
8
18
13
18
20
14
14
17
13
15
16
11
19
19
20
14
17
21
18
21
14
16
16
20
12
24
23
23
21
23
16
19
11
15
14
18
21
17
19
18
15
18
21
17
18
14
14
30
17
25
22
14
24
18
12
9
23
18
19
14
13
21
17
21
24
21
14
12
21
9
16
21
17
20
18
11
29
16
19
8
15
15
14
14
14
20
17
16
19
13
14
17
16
16
12
14
19
17
26
16
13
15
17
23
14
11
21
20
24
17
12
10
15
15
19
13
18
7
26
19
11
16
24
12
16
24
23
22
18
20
14
18
13
14
16
10
24
24
17
15
20
18
22
16
14
25
23
17
14
16
22
16
21
12
23
21
19
12
8
20
18
13
19
22
21
24
17
13
18
19
17
15
9
18
23
24
17
15
10
23
18
14
17
25
15
15
21
26
16
11
9
17
16
17
21
18
20
17
16
18
19
12
15
19
20
17
18
10
20
15
11
19
17
19
17
16
22
18
17
15
18
15
12
16
13
16
24
18
21
19
14
17
18
14
13
16
14
14
9
13
13
20
16
13
18
12
20
11
26
14
17
13
24
18
22
17
19
17
20
12
13
24
25
17
8
14
20
21
16
20
13
13
20
12
19
21
22
21
12
10
12
11
21
10
11
14
13
18
19
15
12
14
16
20
17
13
14
13
22
23
21
19
17
15
15
24
8
14
10
12
19
17
16
19
16
11
16
7
24
14
16
16
16
22
15
14
13
18
11
14
20
14
20
15
20
17
14
20
17
12
13
19
20
14
14
14
19
13
13
14
14
17
15
14
19
14
21
11
12
19
19
12
15
17
8
20
19
22
15
20
21
15
19
21
14
15
18
23
11
13
19
16
9
14
12
14
26
19
13
16
17
20
15
17
20
19
16
17
22
19
19
9
16
23
18
15
16
16
18
13
19
14
25
9
18
18
15
16
18
16
13
16
9
17
9
15
18
21
14
27
12
20
13
11
12
17
15
10
19
12
15
18
14
8
14
11
17
18
15
11
17
10
13
21
15
10
15
19
14
15
14
12
9
17
10
17
16
12
15
18
10
18
19
19
11
15
12
21
14
16
16
17
21
19
11
22
14
15
7
12
17
12
22
12
19
14
19
17
21
18
14
13
18
16
19
15
16
24
13
20
7
20
21
12
16
13
15
19
15
11
10
18
14
13
13
18
14
15
16
24
16
23
18
11
14
15
15
14
15
13
15
9
15
15
23
15
10
19
19
17
21
14
17
16
15
11
19
21
19
21
12
14
16
16
16
16
19
13
21
14
13
18
14
17
13
14
10
22
16
13
17
22
15
13
23
15
15
13
19
10
12
17
10
14
16
21
20
16
12
6
11
13
22
10
13
19
26
19
12
15
14
7
10
15
15
16
8
14
13
19
15
19
13
12
13
11
12
14
14
11
13
23
12
29
17
8
23
20
18
17
11
24
12
19
22
14
14
12
11
9
7
18
20
25
14
14
11
19
12
17
14
15
14
9
12
17
23
9
14
18
23
18
14
12
15
8
15
17
16
13
20
20
21
13
17
25
18
17
11
18
14
12
14
7
14
18
17
15
18
14
14
14
13
10
11
19
18
15
16
9
10
16
9
9
18
16
20
14
14
11
16
14
10
17
25
11
14
15
16
11
8
17
7
16
20
9
9
20
14
10
16
9
16
11
15
9
9
13
14
17
13
12
14
17
16
13
15
15
18
13
10
16
16
14
12
12
19
14
10
21
10
10
12
13
15
13
14
11
15
17
19
20
17
19
19
17
19
16
14
15
17
13
15
14
18
10
20
19
17
18
9
17
10
11
16
14
12
8
11
14
16
13
21
18
14
11
12
13
8
11
14
17
13
12
17
15
9
13
12
12
15
16
22
13
15
13
15
11
19
17
14
9
12
9
9
9
13
8
14
10
12
13
15
12
14
10
16
13
17
9
11
10
13
16
9
16
21
19
12
13
10
16
18
13
20
16
16
18
17
14
17
8
21
11
15
14
11
14
15
14
10
17
12
20
7
11
14
16
19
11
14
11
14
11
14
19
12
13
15
9
13
14
14
10
17
14
12
15
9
11
16
11
12
4
12
13
17
14
16
15
13
15
13
12
14
15
11
17
14
11
16
11
15
9
14
16
19
15
12
16
19
12
8
14
16
16
13
15
12
18
15
16
8
24
14
27
13
12
16
19
13
15
8
11
16
14
20
21
13
11
18
13
7
7
16
14
19
14
16
15
8
14
8
19
13
11
11
13
10
11
14
8
11
11
15
13
11
8
20
19
5
15
13
13
18
9
14
16
15
10
10
13
12
14
13
13
16
11
10
13
18
13
15
20
17
17
12
13
9
12
9
14
13
7
9
11
16
9
10
21
11
22
14
11
9
12
14
13
8
13
9
9
16
16
9
11
19
18
16
18
10
18
16
18
10
13
17
26
16
11
10
15
19
21
14
12
13
18
11
12
16
16
12
13
16
8
13
18
13
12
13
3
13
18
17
15
11
10
14
9
19
11
14
12
6
12
14
16
14
6
17
20
9
13
13
6
11
5
14
11
10
12
8
10
15
7
17
12
16
6
12
13
14
18
21
12
6
13
11
13
12
10
11
19
16
16
10
11
11
21
13
13
10
11
8
15
15
16
14
16
12
10
10
14
13
18
8
10
9
8
11
12
11
11
15
19
10
12
13
17
16
12
18
13
16
12
14
14
13
12
13
16
9
9
14
14
12
13
17
9
15
21
14
16
9
10
12
14
9
15
13
18
11
17
15
18
14
9
15
15
8
7
9
10
9
12
13
20
12
14
10
9
15
16
12
14
6
15
9
13
10
13
15
11
14
15
13
13
16
7
6
18
17
13
11
4
14
4
11
9
7
10
12
17
12
15
20
12
12
13
12
17
15
15
10
12
11
14
7
14
14
19
10
9
16
17
13
19
10
9
13
17
19
11
14
13
17
9
13
9
8
8
12
12
14
16
13
17
10
6
10
9
14
12
10
6
10
11
7
9
19
6
10
12
10
16
15
20
12
15
12
13
8
8
11
10
13
9
12
10
11
10
10
9
15
16
6
12
11
12
12
12
12
15
9
10
7
8
9
10
9
16
7
9
9
7
10
9
13
8
10
14
15
14
17
12
14
13
10
8
12
13
13
12
6
9
13
8
11
23
15
16
13
9
8
12
5
13
18
15
13
9
11
11
7
10
13
13
11
14
8
19
17
10
6
11
10
15
10
15
14
13
9
17
6
18
13
11
6
7
15
10
9
13
8
12
13
8
11
13
14
7
9
17
6
9
13
9
11
7
15
9
20
14
10
9
12
20
9
11
11
11
15
8
11
10
8
13
16
10
9
12
12
12
15
8
15
11
5
13
17
20
14
13
8
16
5
11
17
10
10
9
12
12
9
8
10
14
13
9
9
9
8
9
10
8
10
18
13
10
16
16
11
15
18
12
11
9
9
11
8
12
6
12
7
10
16
8
3
8
11
15
16
8
11
8
11
6
11
11
16
8
11
11
11
14
8
6
13
12
11
8
8
6
8
15
12
13
11
12
13
13
3
8
15
12
12
8
5
13
6
10
11
15
11
15
13
7
15
10
13
9
11
5
13
13
13
10
10
9
14
8
11
14
8
12
10
6
3
15
13
8
10
12
9
12
16
12
10
19
10
4
12
10
10
13
11
8
12
6
14
14
12
10
15
8
10
15
12
5
10
9
6
17
6
13
16
10
11
9
13
15
7
10
10
5
9
10
9
10
14
15
15
5
12
11
10
11
11
5
13
13
10
13
9
11
8
12
7
13
13
5
14
10
16
3
13
17
12
14
9
7
15
15
13
11
7
16
6
12
11
10
13
8
8
7
14
11
9
9
9
12
13
8
13
11
12
13
11
7
9
11
17
5
6
10
10
10
10
8
11
9
14
15
6
12
14
12
8
12
9
7
9
9
6
8
12
8
9
6
10
14
8
13
10
7
9
9
11
13
7
4
6
13
15
11
12
15
8
12
6
5
14
7
11
16
10
10
8
7
8
18
10
8
14
5
9
11
10
5
12
7
14
14
9
7
9
12
16
15
7
11
11
8
6
9
7
14
14
12
13
13
7
11
8
7
8
12
13
10
15
9
10
7
10
13
5
9
14
9
17
8
8
12
7
12
9
12
13
8
5
9
12
8
9
8
11
16
13
12
8
9
13
10
5
12
8
5
10
8
15
12
15
8
9
8
9
8
8
10
15
16
10
11
6
13
8
7
8
7
11
9
11
7
14
5
9
6
12
10
13
13
8
9
9
8
9
13
12
9
7
13
10
6
11
6
9
9
9
6
7
6
6
9
11
7
7
13
8
7
5
7
5
11
8
16
16
12
10
12
7
9
13
7
7
14
10
13
10
7
10
10
13
12
16
7
14
13
7
8
9
17
7
19
14
7
9
8
9
12
12
9
10
12
8
8
9
12
12
13
8
10
3
10
10
6
10
11
15
9
10
10
12
11
6
13
11
7
12
9
9
8
6
9
8
12
13
10
15
10
14
9
10
10
5
11
12
9
10
13
11
4
10
7
8
7
12
12
7
9
5
9
11
9
9
22
9
11
10
6
6
11
7
11
7
9
7
3
6
7
12
7
11
14
9
7
6
9
8
10
8
5
9
10
11
10
8
13
10
10
5
6
13
9
6
9
9
9
9
9
8
11
9
4
10
9
10
5
11
9
8
15
9
13
5
10
9
7
7
10
8
12
7
5
8
9
8
7
6
9
8
5
4
9
10
6
7
8
11
6
8
7
3
6
4
7
12
9
8
10
7
8
9
10
9
12
8
8
10
14
7
7
3
8
12
9
6
12
8
10
10
10
8
10
6
8
9
8
9
8
8
12
8
5
12
12
6
4
14
8
12
5
9
10
12
10
10
9
13
6
10
10
5
10
14
18
12
10
1
6
5
9
14
11
12
10
4
7
11
9
9
14
6
5
10
4
9
2
7
7
8
10
11
7
10
5
3
6
10
8
8
14
9
8
6
11
3
4
6
12
3
16
8
5
5
8
9
7
7
12
10
8
11
13
6
10
12
2
3
9
5
5
6
6
11
7
3
13
13
10
7
3
4
11
11
6
9
9
10
8
12
8
9
8
10
3
4
6
7
7
7
4
6
11
9
5
8
11
10
6
4
4
12
9
7
7
5
6
8
4
6
12
7
9
6
6
11
13
10
7
9
10
10
5
6
11
5
6
9
9
8
6
11
10
8
5
9
5
8
14
6
10
5
3
8
9
6
5
5
14
7
6
7
10
7
4
5
5
6
7
11
10
6
7
9
6
10
7
6
11
7
16
7
8
5
7
7
5
9
6
11
5
3
9
9
11
7
6
6
11
14
5
4
8
6
6
7
9
13
6
2
6
6
8
13
11
8
8
3
6
8
11
9
6
8
1
7
9
11
6
6
6
10
12
5
8
9
8
10
7
3
7
7
7
6
9
4
6
8
8
13
7
5
5
7
8
5
7
5
5
8
4
7
8
4
8
3
7
11
6
6
12
5
10
7
5
7
2
7
5
4
4
11
5
6
8
10
7
9
7
5
7
9
10
9
8
4
13
8
9
8
10
5
6
8
8
7
4
9
4
10
8
6
8
3
8
10
5
7
5
11
6
11
5
3
6
7
4
9
6
5
5
7
4
6
7
6
14
9
4
4
7
4
5
4
7
5
10
2
6
6
8
8
2
9
6
8
6
11
5
9
7
8
11
13
5
6
10
10
6
9
3
7
8
7
5
7
3
3
7
7
6
5
14
6
9
11
8
3
5
11
8
3
3
13
3
7
4
4
2
6
9
8
7
9
2
4
10
6
12
5
4
7
12
7
3
4
9
10
7
7
8
7
8
4
8
9
11
5
10
10
9
5
3
3
7
4
4
9
8
8
5
3
6
5
6
5
4
5
6
4
5
8
9
6
3
4
9
5
7
5
5
11
4
6
7
10
8
5
4
10
7
3
3
7
2
8
9
7
6
8
2
5
6
7
5
5
5
11
5
5
6
5
7
3
4
3
7
7
8
4
7
9
7
7
10
5
6
9
7
9
9
7
7
9
4
7
4
7
8
7
7
10
10
4
8
4
11
9
5
8
9
7
7
6
9
0
7
6
3
7
5
4
5
11
2
6
7
2
5
9
4
8
9
5
5
3
9
3
7
7
7
5
5
6
4
3
8
3
7
6
5
6
11
4
7
7
10
6
9
4
5
6
6
3
6
9
5
5
9
7
4
8
6
3
5
7
7
6
5
4
7
6
3
5
7
3
7
8
9
5
3
6
3
6
8
10
8
9
3
5
5
5
1
7
4
6
6
3
2
10
2
7
10
4
3
3
9
1
8
7
3
8
9
3
5
8
3
3
8
3
9
3
4
8
6
3
4
5
2
5
8
7
8
6
5
8
1
4
3
3
2
3
3
7
3
7
5
5
7
7
4
7
6
4
8
6
2
4
6
7
5
6
4
5
6
3
5
7
8
7
3
5
4
4
5
6
6
6
6
7
4
3
7
4
4
5
7
5
6
3
8
7
2
7
7
9
3
6
7
3
3
2
2
4
5
6
3
5
4
6
3
5
4
6
5
2
5
8
2
9
1
3
2
6
7
3
5
9
5
4
11
5
6
5
7
7
3
8
4
9
7
8
0
2
7
3
4
6
6
4
6
2
3
3
5
6
5
2
8
3
2
5
5
5
4
8
7
3
4
4
6
4
2
5
8
3
5
4
7
5
5
4
6
8
9
5
4
4
9
10
2
5
3
4
2
8
3
8
5
7
8
4
1
2
4
5
5
5
8
8
2
6
10
2
4
5
6
3
3
4
2
6
3
6
1
8
3
5
4
2
4
8
6
4
6
4
4
3
3
6
7
5
8
4
7
7
5
6
4
6
6
3
5
2
2
6
3
4
7
6
7
4
3
4
1
6
6
5
7
10
4
7
2
7
5
5
9
6
5
4
4
4
6
6
1
7
8
4
10
2
2
7
3
5
2
3
3
9
2
4
8
3
4
2
3
5
9
4
7
2
4
4
3
1
7
1
3
1
5
4
3
7
4
4
5
6
1
2
6
4
5
3
6
6
3
4
4
5
4
2
6
5
3
5
6
2
5
5
8
5
6
2
2
7
6
7
4
2
10
5
4
3
4
3
2
5
4
9
9
6
4
9
2
2
0
8
4
2
6
5
4
2
5
5
3
8
6
3
9
8
7
5
6
2
5
7
4
2
1
5
9
5
4
1
2
6
5
3
6
5
5
4
3
3
6
2
4
5
4
5
3
5
5
4
8
4
6
2
3
6
5
3
1
5
3
3
5
4
8
1
6
4
2
4
6
6
3
7
4
4
1
2
12
6
3
3
3
4
6
9
4
5
2
3
3
5
6
3
6
4
2
3
7
4
2
6
5
4
3
2
2
5
6
5
2
5
0
1
1
3
2
2
5
2
3
5
4
4
2
5
3
1
4
5
4
4
8
0
5
2
3
3
3
7
4
5
3
4
1
4
4
3
5
8
5
1
0
4
2
6
3
6
1
0
2
3
4
1
4
6
2
9
2
1
1
2
7
4
2
3
1
2
3
4
5
3
3
8
2
3
1
5
6
3
4
0
6
3
2
5
6
3
7
4
6
3
4
4
7
2
3
7
3
5
4
4
8
2
6
4
1
2
4
0
1
5
1
1
6
1
1
5
2
5
2
6
6
1
4
3
2
2
3
1
3
5
5
1
2
1
3
4
8
4
4
2
2
3
3
2
4
3
2
3
6
3
3
3
2
6
5
3
1
4
2
5
5
7
3
1
1
3
4
3
4
1
2
4
2
1
2
5
3
3
2
4
4
4
4
4
7
4
4
3
4
5
4
2
3
1
5
1
3
2
1
3
5
3
3
3
4
4
1
3
1
0
3
2
2
3
3
1
2
4
4
0
0
3
1
4
2
1
2
4
3
3
5
4
2
1
6
2
1
7
4
3
4
0
3
1
2
4
0
0
5
3
1
6
0
2
2
3
0
4
5
0
1
5
1
2
1
5
2
2
5
1
6
5
4
3
3
6
4
3
2
3
2
3
1
1
2
3
4
2
0
2
2
6
3
1
2
2
4
0
2
0
7
3
0
3
3
4
1
1
4
4
2
2
3
0
2
1
3
1
5
7
1
2
1
3
5
1
4
4
1
1
0
0
4
4
4
5
2
1
3
3
4
1
0
3
3
3
0
0
1
3
4
7
4
3
3
1
1
1
3
1
1
3
2
2
5
3
2
2
5
3
2
1
1
4
4
3
2
6
2
5
4
2
4
2
7
1
0
2
4
5
0
2
2
4
2
5
1
4
8
4
3
4
4
3
1
2
5
2
1
2
4
1
3
3
2
2
1
3
3
1
1
1
5
2
1
2
3
0
1
2
1
1
2
0
2
1
3
4
0
2
2
3
4
2
0
4
0
2
3
3
0
3
2
3
4
4
2
0
1
2
3
4
4
8
2
4
2
3
2
3
3
2
2
3
2
4
2
2
0
0
0
1
1
1
1
0
1
2
0
4
2
1
4
2
2
5
4
4
1
3
2
0
1
0
2
4
2
5
2
1
4
5
1
0
2
0
2
0
1
0
2
2
3
2
2
1
2
2
1
3
1
0
3
4
0
3
4
1
0
1
2
2
5
2
3
2
1
1
0
1
5
2
1
1
2
3
1
2
3
2
2
2
3
1
3
1
0
3
2
2
1
3
0
0
4
1
6
1
0
4
1
3
0
2
1
3
1
1
2
0
2
5
0
2
1
1
0
1
0
2
2
1
1
0
1
0
1
3
5
0
2
2
2
3
1
4
1
2
1
0
1
2
3
2
4
2
0
3
3
5
3
3
3
4
1
1
2
3
2
1
2
0
1
2
1
1
2
3
0
1
1
3
0
2
1
1
1
1
3
0
2
2
0
1
2
1
0
0
1
1
1
1
2
3
2
2
0
1
5
2
1
4
1
2
3
4
1
2
5
3
2
2
1
3
1
0
3
1
4
1
0
1
3
0
4
2
1
1
3
0
1
2
2
1
0
2
2
1
3
2
3
1
2
5
0
2
1
1
1
1
2
1
1
2
0
1
2
1
2
3
1
4
1
1
0
0
3
0
1
0
2
1
1
2
1
1
2
0
1
2
1
0
1
2
1
0
1
0
0
0
3
2
2
0
3
2
3
1
0
1
0
2
1
1
2
2
1
2
4
1
2
4
1
4
0
1
1
0
1
4
0
0
1
0
2
1
0
1
1
1
2
1
2
0
3
2
4
1
1
1
2
0
0
4
1
0
0
0
0
0
1
1
1
5
1
0
0
1
0
0
3
0
0
2
0
0
1
1
1
0
2
1
3
0
1
2
1
1
1
0
1
1
1
2
0
2
1
1
3
0
1
2
1
1
1
2
0
0
0
0
2
2
2
3
1
0
1
0
2
1
0
0
0
4
3
0
1
0
1
1
2
0
3
1
0
1
3
1
0
0
0
0
2
2
1
1
1
2
1
0
0
0
3
1
0
0
0
1
2
1
0
0
1
5
0
0
1
0
2
0
3
2
0
0
1
1
0
1
1
0
1
2
0
0
0
2
0
1
2
0
1
0
5
0
1
1
3
0
0
2
1
0
0
3
0
0
2
0
0
2
3
0
0
1
3
2
0
0
1
1
0
1
1
2
1
3
3
1
1
0
0
2
1
1
1
0
1
1
0
2
0
1
1
1
0
1
1
2
1
2
1
2
0
0
0
1
0
1
0
0
2
1
2
2
1
1
0
1
0
0
0
0
0
4
0
0
0
2
0
2
1
1
1
2
0
0
1
2
3
0
2
1
1
0
1
1
1
0
0
0
2
0
2
0
1
0
2
2
1
0
1
1
0
0
0
1
0
1
1
2
2
1
0
0
3
1
0
0
0
0
0
0
0
0
0
0
1
1
1
0
2
0
1
2
0
4
0
3
0
1
1
0
0
0
2
0
2
0
2
1
2
3
0
0
0
2
1
0
1
2
0
1
1
1
2
0
0
1
0
1
0
2
0
1
2
0
2
1
1
0
0
0
3
3
1
0
1
0
0
1
0
0
0
0
3
1
2
3
0
1
0
0
1
1
2
1
1
0
0
1
1
0
1
1
0
0
1
0
0
1
1
1
0
2
1
1
1
0
0
1
0
2
1
0
0
1
0
0
1
1
0
2
2
1
1
1
1
2
1
0
1
0
0
0
1
1
1
2
0
0
2
3
0
2
0
0
2
0
4
1
2
2
1
0
0
0
1
0
0
0
1
2
0
0
0
0
0
0
0
0
1
0
2
2
1
0
1
0
5
2
1
2
1
0
1
0
0
1
0
1
2
2
1
2
3
0
0
0
0
0
1
1
2
1
1
1
0
1
1
0
1
0
2
2
0
0
1
1
0
0
5
1
1
0
1
1
0
0
1
2
2
1
0
0
0
0
1
0
1
3
0
0
1
0
0
0
0
0
2
0
0
0
0
0
0
0
0
3
0
0
0
0
4
0
2
1
3
1
0
1
2
0
0
0
0
1
0
2
3
1
1
1
1
0
0
1
1
1
0
1
1
1
1
1
0
0
0
0
0
0
1
2
1
0
1
2
1
1
2
0
0
0
0
0
3
1
1
0
0
0
2
1
0
0
0
1
1
1
0
0
1
3
1
1
1
0
1
0
2
1
1
2
1
1
1
1
0
0
0
0
0
1
2
0
0
0
1
1
0
0
0
0
0
1
0
0
0
0
0
1
3
1
0
1
0
1
0
2
1
2
2
0
0
0
2
0
0
1
0
0
0
0
0
0
0
1
1
1
0
0
0
2
0
1
0
0
0
1
0
1
0
0
0
0
0
0
1
0
0
1
0
1
0
1
1
0
0
2
0
0
0
1
0
0
0
0
0
1
0
0
1
1
0
0
1
0
1
0
0
0
0
0
0
0
0
0
0
0
2
0
1
0
0
1
0
1
0
0
0
0
1
0
1
0
0
0
1
0
1
0
0
0
0
1
0
0
0
0
0
0
0
0
0
1
1
1
0
0
2
0
0
0
0
1
1
0
0
1
0
1
0
0
0
0
0
0
1
0
1
0
0
0
0
1
0
0
0
0
2
1
0
1
0
0
0
0
0
0
1
1
0
1
1
0
0
0
0
0
0
1
1
0
1
1
1
0
0
0
0
0
1
0
0
0
1
0
0
0
0
0
0
0
0
0
0
0
0
1
0
0
1
0
0
0
0
0
0
0
0
1
0
1
0
0
0
0
0
0
0
0
0
1
0
0
0
0
0
0
0
0
0
0
0
0
0
0
1
0
0
0
0
0
0
0
0
0
0
0
0
0
0
0
0
0
0
0
0
0
0
0
0
0
0
0
0
0
1
0
0
0
1
0
0
0
0
0
0
0
0
0
1
1
1
0
0
0
0
0
0
0
0
0
0
0
0
0
1
0
0
0
0
1
0
0
0
0
0
0
0
0
0
0
0
0
0
1
2
0
0
0
0
0
0
0
0
0
0
0
0
0
0
0
0
0
0
0
0
0
0
0
1
0
0
1
0
0
0
0
1
0
0
1
0
0
0
0
0
0
0
0
0
0
0
0
0
0
0
0
0
2
0
0
0
0
3
0
0
0
0
0
0
0
0
1
0
0
0
0
0
0
0
0
0
0
0
0
0
1
0
1
0
0
1
0
0
0
0
0
1
0
0
1
0
1
0
0
0
0
0
0
0
0
0
0
0
0
0
0
0
0
0
0
0
0
0
0
0
0
0
0
0
0
0
0
0
0
1
0
1
0
0
0
0
1
0
0
0
1
0
0
0
0
0
0
0
0
0
0
0
0
0
0
0
1
0
0
0
0
0
0
0
0
0
0
0
0
1
0
1
0
0
0
0
1
0
0
1
0
0
0
0
0
0
0
0
2
0
0
0
0
1
0
0
0
0
1
0
0
0
0
0
0
0
0
0
0
0
0
0
0
0
0
0
0
1
0
0
0
0
0
0
0
0
1
1
1
0
1
0
0
1
1
0
1
0
0
0
0
0
0
0
0
0
0
0
0
0
0
0
0
1
0
0
0
0
0
0
0
0
0
0
0
0
0
0
0
0
0
0
0
0
0
0
1
0
0
0
0
1
0
1
0
0
0
0
0
0
0
0
0
0
0
1
0
0
0
1
0
0
0
0
0
0
0
0
0
0
0
0
1
0
0
0
0
0
0
0
1
0
0
0
0
0
0
0
0
0
0
0
0
0
0
0
0
0
0
0
0
0
0
0
0
0
0
0
0
0
0
0
3
2
4
3
3
0
3
1
1
1
3
4
1
2
4
6
4
2
3
5
3
4
0
4
3
1
3
2
5
4
1
1
0
5
1
6
1
2
4
3
1
3
1
3
2
2
5
5
4
2
1
1
1
3
1
0
1
2
1
3
6
4
1
0
1
5
0
1
1
3
3
2
0
2
5
2
2
4
3
3
1
4
1
2
4
0
1
1
2
1
0
3
3
3
3
0
4
2
2
1
1
2
1
2
0
0
3
1
4
1
2
1
1
1
3
4
0
2
0
1
1
1
1
1
3
0
1
0
