1
0
0
0
0
0
0
0
0
0
0
0
0
0
0
1
0
0
0
0
1
0
0
0
0
0
0
0
0
0
0
1
0
0
0
0
0
0
0
0
0
1
0
0
0
0
0
0
0
0
0
0
0
0
0
0
0
0
0
0
0
1
0
0
0
0
1
0
0
0
1
1
0
0
0
0
0
1
0
0
0
0
0
0
0
0
0
0
0
1
0
0
0
0
0
0
0
1
0
0
0
0
0
0
0
0
0
1
1
0
0
0
0
1
0
0
0
0
0
0
0
0
0
0
0
0
0
0
0
0
1
0
0
0
0
0
0
0
1
0
0
1
0
0
0
0
1
2
0
0
0
0
2
1
0
1
0
0
0
0
0
3
9
58
205
450
647
747
738
753
733
744
723
738
764
732
687
686
744
718
765
724
702
702
715
724
738
719
688
745
718
679
711
723
689
756
771
737
738
703
730
759
809
744
731
754
761
781
800
758
764
777
725
741
792
765
775
732
751
752
740
786
814
742
836
824
740
769
783
848
804
784
805
758
749
745
818
836
845
819
796
819
789
790
818
835
846
853
855
805
811
834
860
856
812
785
870
831
845
848
825
842
782
870
869
828
791
811
797
817
833
876
827
816
845
864
870
858
848
864
865
867
892
924
867
844
881
829
832
870
897
908
886
895
913
900
919
882
883
861
914
884
876
898
873
912
807
907
858
889
888
939
874
876
927
916
853
940
894
911
914
904
882
894
921
931
967
920
894
934
929
949
887
891
887
949
889
980
905
887
942
956
935
916
931
882
913
975
951
981
901
958
937
989
939
894
899
939
903
939
908
952
946
979
947
935
945
930
909
921
890
932
893
953
882
947
972
956
921
996
972
914
965
939
957
969
969
979
981
959
971
969
933
934
960
943
921
914
963
908
924
926
947
956
949
934
953
905
941
889
946
871
909
883
900
913
894
917
872
880
914
949
912
925
902
917
914
935
962
933
944
922
928
909
912
938
886
920
933
936
915
915
870
925
929
962
967
887
861
896
887
864
900
918
926
900
885
881
894
901
903
881
924
918
844
900
854
855
881
888
910
856
865
890
901
841
915
857
914
829
857
820
879
862
839
862
840
858
921
865
846
865
874
867
901
854
848
824
850
829
864
853
863
804
814
822
822
846
859
784
807
868
821
803
811
858
832
855
818
819
838
793
839
783
794
798
829
854
826
842
828
805
820
762
798
797
785
804
813
803
823
781
795
832
816
783
821
795
838
797
787
789
741
791
752
827
826
868
838
798
807
764
763
764
835
748
832
782
825
770
782
712
879
755
763
816
770
750
764
777
763
788
729
751
762
739
831
740
723
714
751
737
763
766
748
711
732
656
748
710
728
721
764
699
723
712
722
704
718
719
691
687
751
704
695
709
717
744
768
682
693
722
652
738
721
706
732
730
698
672
697
749
644
724
673
692
684
681
704
712
725
697
701
717
685
666
681
705
711
705
666
661
693
683
660
727
666
697
716
662
654
686
621
688
687
702
662
722
609
670
652
675
659
648
622
631
617
641
631
622
645
637
665
630
677
690
683
648
640
667
657
648
611
644
638
600
709
666
643
616
612
645
620
651
630
674
611
616
624
607
634
628
625
600
622
602
639
631
619
567
668
591
607
600
554
598
608
590
558
628
595
559
549
585
572
575
571
609
647
596
637
582
561
574
602
615
576
568
601
602
624
560
590
582
567
546
602
575
547
560
544
592
577
560
527
588
573
571
544
535
522
542
577
517
563
564
516
572
553
557
503
538
585
498
517
547
529
492
561
555
541
505
551
578
496
486
518
484
541
499
524
530
530
567
537
511
527
508
526
524
544
506
508
527
546
552
519
529
539
478
500
514
504
528
505
481
501
513
534
502
478
498
514
501
487
488
489
495
487
460
488
489
493
479
492
487
507
469
465
495
467
481
458
487
527
474
496
512
460
472
488
463
470
486
493
511
470
488
445
489
454
470
413
479
498
422
493
454
454
471
475
456
456
428
440
482
479
485
459
461
436
448
418
470
457
441
485
444
432
456
443
406
412
439
434
418
447
454
404
442
443
422
447
413
452
453
458
435
409
436
458
450
417
475
456
427
460
423
425
423
419
408
402
455
405
449
417
390
395
434
401
427
440
404
408
407
449
434
416
403
398
446
445
414
400
407
422
432
401
375
436
384
433
412
411
379
387
427
383
411
392
412
426
345
462
378
427
386
401
399
437
395
417
384
367
384
379
402
361
418
395
421
363
377
390
376
353
397
371
393
355
352
369
329
389
394
389
377
382
348
379
369
376
389
343
383
366
372
390
372
389
377
360
392
391
348
324
353
393
343
349
359
368
354
339
384
335
329
403
359
398
352
383
315
361
361
357
321
338
370
351
348
336
331
342
379
352
343
348
355
359
312
352
324
290
353
330
338
355
343
321
380
356
351
355
354
371
354
316
343
339
331
343
340
328
334
338
356
325
315
322
357
339
314
293
308
340
308
345
321
316
312
326
346
315
321
338
318
311
341
298
321
307
320
310
298
308
305
351
319
347
344
362
288
325
352
346
317
289
295
327
319
307
302
306
329
297
318
322
280
328
320
334
304
314
272
304
307
297
319
306
290
301
312
330
282
296
314
294
323
310
329
306
275
278
323
281
296
292
285
323
277
288
301
287
296
292
271
315
298
291
312
281
301
298
259
291
285
270
285
306
277
337
301
273
299
309
312
286
295
258
293
319
264
294
273
291
268
295
313
300
294
264
265
265
333
266
280
282
252
296
279
249
301
291
311
278
277
284
253
273
276
261
286
258
273
271
281
256
229
274
253
263
299
282
287
267
292
263
277
253
281
291
255
280
266
277
260
266
264
262
260
272
256
256
245
249
276
275
282
257
259
319
265
247
272
256
251
260
262
268
264
275
251
265
258
284
266
252
271
252
277
269
248
246
254
257
242
230
241
278
244
230
275
259
253
274
268
247
239
256
230
266
254
224
259
261
238
245
247
249
269
263
251
231
234
230
267
228
263
226
245
261
272
233
231
244
249
227
228
254
230
234
236
249
261
237
229
266
240
231
241
213
269
262
247
238
237
253
234
226
248
252
228
242
253
223
250
218
243
211
247
245
248
270
221
243
233
245
261
215
250
217
251
226
207
211
257
233
238
211
225
236
241
217
221
234
198
242
225
237
209
225
220
223
209
218
218
241
236
232
245
236
200
194
233
214
205
217
211
226
217
208
207
216
226
221
247
235
201
210
229
226
203
204
220
219
228
251
223
191
207
229
213
195
219
202
234
195
203
211
185
202
223
212
222
215
204
213
205
209
211
203
226
198
221
232
208
213
219
195
242
192
205
195
185
197
222
200
214
208
177
229
207
211
202
218
229
213
198
185
207
207
185
203
186
213
196
202
210
179
180
212
204
179
190
171
183
238
212
194
222
197
221
200
206
219
173
212
212
184
197
229
206
211
202
184
197
176
207
216
189
191
204
200
194
201
183
184
156
208
179
201
195
207
197
177
174
193
193
210
185
142
174
193
174
153
163
196
185
177
154
181
201
203
199
196
176
202
201
204
191
197
201
197
196
202
189
198
171
218
195
200
167
191
189
158
167
188
170
195
191
179
211
170
185
190
173
182
182
162
184
154
170
187
182
191
192
152
188
177
198
160
169
179
193
171
182
197
196
186
160
199
166
173
181
171
186
162
191
181
178
176
188
187
173
163
182
186
188
185
169
180
171
160
164
162
183
179
173
197
192
140
181
175
157
214
172
181
175
176
159
156
166
174
171
186
160
193
180
163
169
151
177
166
162
184
167
156
156
149
164
176
183
189
190
163
168
168
155
176
160
193
170
162
169
205
170
168
179
173
153
158
190
151
171
167
178
188
164
189
181
170
155
166
170
135
173
151
191
180
197
183
200
169
175
149
163
175
167
157
184
165
162
165
159
138
159
162
185
171
167
175
155
171
167
172
180
165
183
172
156
152
187
158
152
174
161
160
140
162
170
163
152
157
156
168
164
176
156
143
163
170
164
158
142
149
154
159
208
172
146
169
161
169
171
155
177
160
167
151
172
164
156
174
163
164
147
170
146
160
144
165
181
145
170
123
169
169
149
162
151
154
170
173
165
177
158
161
153
154
135
154
146
168
161
162
171
164
169
147
157
165
139
164
164
172
147
157
150
153
153
171
154
166
154
144
163
143
178
183
186
146
165
157
151
155
155
145
141
148
143
149
162
154
165
159
151
164
187
150
148
158
154
129
173
140
147
143
174
136
156
171
169
158
145
147
143
145
149
153
157
129
147
137
191
144
150
172
141
174
160
141
127
134
159
144
144
139
128
145
165
140
154
141
147
157
152
161
156
145
150
140
161
159
150
139
157
127
144
156
169
149
154
143
145
142
121
142
174
163
159
160
151
143
152
146
138
168
165
147
137
166
139
146
140
149
163
149
136
159
154
120
167
150
140
148
141
173
153
151
142
160
144
128
128
144
155
145
130
161
150
128
151
143
154
130
157
139
137
164
137
130
176
134
126
151
144
142
120
134
156
130
145
147
145
134
144
159
127
139
135
134
129
137
132
139
157
139
134
143
143
158
144
124
118
140
106
143
150
147
131
145
162
137
121
144
132
154
154
119
135
140
132
135
137
114
125
130
149
122
144
133
135
126
150
134
139
131
149
133
130
126
124
128
129
131
148
156
135
130
139
151
133
133
120
147
132
129
134
139
125
116
138
142
132
126
142
126
134
122
137
116
121
132
128
141
129
113
142
141
147
147
137
123
104
138
124
126
141
132
133
149
120
130
115
139
157
136
130
112
126
121
134
135
125
133
114
113
124
130
140
127
135
122
128
127
122
148
133
134
164
130
122
139
148
122
133
145
133
123
143
149
121
148
133
129
129
132
138
120
132
143
154
113
121
126
148
138
119
140
120
117
135
129
131
147
126
125
118
141
111
109
131
148
131
125
128
119
123
121
135
130
116
112
141
115
118
148
139
112
129
110
131
142
136
127
158
115
128
128
113
120
123
118
110
121
139
117
125
132
123
156
137
137
119
105
122
109
126
127
141
122
144
130
124
123
146
115
108
118
119
124
121
127
117
133
122
134
121
126
130
136
121
138
112
131
118
121
126
134
126
139
132
129
139
139
133
125
108
123
122
118
130
111
141
109
120
127
123
138
116
124
110
117
144
138
110
116
141
130
131
133
131
118
129
129
118
117
125
104
95
138
113
103
133
122
126
117
131
119
113
112
121
137
118
109
127
124
137
120
109
103
130
135
105
131
149
146
127
118
140
121
114
120
131
125
122
131
123
116
123
113
104
98
114
108
105
118
136
111
113
131
103
122
115
110
122
114
124
134
117
125
120
114
136
122
108
125
142
134
125
128
133
104
124
139
98
115
129
133
113
124
113
119
112
116
102
118
135
131
115
112
130
115
126
106
116
153
109
139
126
117
108
140
123
116
130
137
137
117
120
124
117
98
131
114
132
122
117
128
114
122
105
111
115
126
115
112
98
109
89
139
116
128
133
123
121
114
123
119
119
115
130
109
106
100
115
120
123
107
101
114
106
126
115
107
119
87
108
115
111
117
140
105
112
121
115
112
105
110
116
138
109
129
126
117
105
123
115
109
111
95
131
116
103
110
127
111
105
94
112
129
113
104
108
100
111
118
122
130
120
107
110
137
134
116
117
126
106
114
126
116
120
106
111
133
119
101
119
117
132
118
117
112
126
119
134
129
120
110
116
105
118
100
105
127
118
108
106
118
129
113
117
118
109
104
119
107
116
120
135
123
121
114
115
124
112
116
103
100
107
125
111
120
111
98
115
112
105
110
110
135
122
129
109
114
125
119
101
123
118
122
100
124
109
105
114
130
96
116
109
115
118
97
119
121
106
114
104
129
103
94
102
126
111
81
82
118
106
115
110
96
114
105
123
117
105
100
97
117
119
102
104
110
108
113
116
106
110
109
118
108
117
95
102
112
122
102
104
118
89
114
108
139
110
104
121
105
124
122
118
106
116
117
109
106
122
111
118
104
112
108
134
94
118
107
101
102
119
113
129
107
96
104
117
103
94
104
103
110
132
100
110
131
117
115
104
113
104
112
103
87
110
84
101
116
127
109
97
116
105
101
115
123
91
116
95
110
131
110
119
106
97
99
101
94
118
117
118
99
101
121
105
103
127
109
94
106
115
83
101
120
99
123
100
114
128
95
89
121
96
130
115
112
94
100
108
118
97
127
115
115
105
106
129
95
122
100
106
93
99
108
117
103
101
118
110
132
90
94
104
98
93
93
103
124
121
110
88
114
112
108
123
98
98
102
110
106
88
107
106
122
129
93
107
105
99
93
113
97
100
106
110
118
119
113
120
122
98
127
99
112
87
81
120
113
111
112
97
99
97
94
99
86
115
115
118
108
118
110
87
93
92
98
105
114
96
84
99
89
107
95
111
126
107
98
103
86
105
93
96
104
104
95
90
109
131
115
104
105
99
82
102
99
99
109
98
119
105
105
122
100
92
102
102
102
98
109
113
91
87
128
98
91
104
101
91
112
112
94
119
105
99
109
95
125
102
105
98
98
109
99
91
101
110
98
103
111
111
100
89
100
105
114
105
100
99
111
90
93
105
89
101
98
118
112
97
83
101
99
124
122
113
119
104
97
107
94
102
85
105
104
86
94
93
96
107
99
99
113
84
90
83
91
94
115
100
104
120
96
113
108
99
113
107
92
116
112
98
98
98
118
100
108
94
106
89
93
95
86
98
119
92
92
106
98
96
87
97
93
104
104
109
100
87
115
99
102
90
97
100
116
91
94
116
79
93
90
81
86
112
98
115
91
97
84
97
102
113
98
94
85
91
91
113
95
97
109
90
102
92
100
91
101
95
112
96
111
114
98
91
97
90
104
92
82
118
83
101
107
95
112
97
103
83
96
96
102
98
98
91
105
105
102
95
94
89
92
97
101
86
110
101
101
96
93
96
129
111
94
98
103
97
102
96
107
112
98
117
94
102
98
91
87
87
101
98
88
100
94
110
105
112
112
101
91
101
97
85
90
99
95
85
93
102
112
108
102
98
93
106
101
98
115
101
93
101
113
111
90
87
92
88
101
83
110
93
83
91
92
128
103
97
89
115
87
93
98
102
103
96
113
107
98
105
109
117
97
91
97
101
97
108
94
105
108
87
95
90
99
88
100
82
89
116
93
86
115
111
99
85
91
109
94
83
88
89
105
118
108
96
93
89
93
101
99
86
100
90
92
88
85
89
105
99
88
112
101
105
100
108
97
86
99
84
115
96
98
91
102
87
122
105
91
99
92
101
93
113
90
108
95
99
98
105
99
102
111
101
97
79
121
94
86
101
94
99
104
90
75
108
80
118
116
91
92
93
82
88
99
89
76
79
98
80
93
82
82
89
104
91
101
89
83
116
102
84
109
92
88
100
89
98
96
91
91
99
91
117
94
84
95
91
103
72
106
91
90
95
95
91
87
96
116
81
84
92
80
108
112
89
91
89
109
99
101
84
95
100
86
95
103
93
90
88
89
98
86
99
95
96
105
91
98
93
76
80
92
95
85
115
90
107
104
89
88
102
94
106
92
97
97
92
98
103
94
103
101
82
100
101
94
93
85
87
92
103
73
92
99
89
101
93
71
79
85
79
81
94
84
103
99
81
100
69
105
95
78
80
81
110
86
95
83
99
89
100
94
88
87
97
85
88
75
89
99
88
109
89
99
96
81
90
84
89
102
90
101
102
109
98
79
104
65
87
89
84
90
75
106
79
91
96
89
107
92
89
93
83
91
105
80
87
93
68
88
85
103
99
91
102
115
96
91
81
98
98
98
90
81
84
99
71
115
99
92
94
102
91
87
83
88
88
87
92
93
89
84
88
93
94
72
78
93
88
94
90
91
84
102
96
93
74
101
88
89
75
79
83
94
91
90
79
86
88
98
89
96
83
76
81
100
94
93
118
91
103
78
80
86
87
99
88
91
102
86
93
96
95
79
81
86
98
92
84
86
91
76
115
79
71
99
66
76
81
87
81
91
85
83
108
93
86
93
89
68
91
69
76
78
90
85
83
88
78
103
85
79
82
84
89
99
86
70
94
82
86
83
102
83
90
94
78
93
107
86
97
82
70
89
76
84
102
99
84
85
84
93
94
112
88
91
78
81
93
86
97
89
74
89
104
79
81
102
97
96
97
89
71
97
98
97
84
108
101
102
83
73
81
92
74
91
104
103
99
89
90
89
92
81
71
91
93
78
88
87
94
94
82
82
77
71
75
91
75
87
82
83
93
99
74
90
86
94
94
67
58
76
80
81
77
79
94
81
83
87
101
99
88
82
73
98
56
87
66
80
88
74
78
83
71
96
95
87
81
77
89
71
80
68
85
99
82
82
78
100
75
89
85
86
78
72
89
72
89
87
88
80
76
81
94
88
83
88
66
81
75
90
80
89
87
82
75
81
73
81
84
82
77
80
74
61
71
96
64
92
83
84
81
87
76
78
72
85
87
96
78
92
90
88
93
83
75
81
88
80
79
77
89
84
88
94
87
68
76
85
82
75
80
93
78
80
84
70
83
88
92
79
76
102
75
84
76
88
74
84
87
91
66
84
87
83
77
80
88
87
73
80
77
83
88
86
83
90
89
88
96
79
79
89
79
70
87
97
76
84
79
84
79
77
95
62
78
85
83
74
80
70
80
78
82
90
87
85
71
87
83
71
71
89
67
74
74
78
88
91
74
77
88
94
68
82
61
79
85
86
74
67
56
87
82
72
92
81
82
67
76
72
72
78
86
77
70
73
81
87
61
82
66
91
82
75
73
88
83
64
66
91
85
70
76
72
69
81
71
84
81
81
72
82
61
75
82
78
62
85
74
77
83
92
69
75
80
65
83
83
76
84
75
77
77
75
68
82
77
92
75
64
76
82
68
78
87
76
72
80
90
68
84
73
68
86
84
75
89
92
63
76
78
72
75
79
77
65
76
67
86
89
64
79
80
84
73
85
83
71
87
69
84
68
73
77
90
66
83
60
73
75
80
85
75
78
76
87
67
85
75
67
78
89
76
73
69
69
87
74
81
72
82
84
90
83
68
63
91
79
70
82
71
70
66
82
71
75
86
89
85
68
88
79
70
78
85
74
81
90
73
83
71
71
84
93
68
55
62
83
76
68
69
71
67
71
75
69
83
68
79
60
72
69
67
91
62
73
67
74
85
76
78
72
65
63
64
74
76
72
70
70
63
81
56
76
63
76
70
88
70
72
70
74
73
70
78
78
74
63
69
78
70
67
67
79
65
83
78
76
57
55
76
70
60
82
93
74
62
78
75
73
75
69
64
69
58
75
72
72
70
71
59
70
63
59
75
75
65
75
60
64
63
79
65
82
71
79
76
59
75
74
70
71
73
74
68
64
88
64
72
53
93
66
58
72
84
60
73
67
71
76
79
77
78
68
67
74
91
69
88
57
64
68
60
59
81
75
78
58
58
62
61
62
78
66
65
81
62
68
60
68
82
63
71
83
77
68
57
66
77
80
65
75
67
83
80
68
60
72
55
55
69
72
71
58
90
88
66
70
55
54
89
72
67
67
76
64
85
63
75
78
69
77
71
76
65
72
67
78
81
67
78
77
66
55
65
61
74
65
62
61
63
69
70
77
56
65
82
75
52
81
67
74
74
68
78
71
68
66
65
54
59
78
84
68
71
52
64
79
57
69
70
75
78
64
80
71
78
64
84
83
70
68
70
81
75
77
62
78
79
42
78
63
65
61
65
77
68
62
65
79
63
68
72
74
71
66
57
70
80
83
73
80
63
60
63
57
61
79
58
65
66
63
70
72
67
76
70
60
70
56
57
73
57
70
60
74
62
73
82
65
60
69
65
59
79
64
54
76
62
69
62
65
65
72
56
79
70
55
59
68
68
63
79
76
58
72
70
78
65
66
71
67
77
88
69
53
56
67
67
53
76
68
75
70
74
66
63
63
73
65
74
66
86
85
78
53
59
57
67
62
52
59
73
84
73
55
72
67
43
65
68
56
80
66
49
75
65
55
60
66
70
71
60
61
77
73
64
54
73
57
57
77
62
66
71
63
71
76
78
67
68
76
69
50
53
62
86
67
60
56
85
68
67
65
72
65
74
63
83
73
84
47
66
57
69
58
71
52
77
69
73
62
56
54
72
63
64
68
73
57
63
57
51
64
57
64
60
70
54
76
61
56
67
72
66
79
64
54
54
68
71
46
66
68
51
74
65
68
57
66
68
63
55
57
73
57
62
69
77
70
77
52
69
67
67
61
45
58
58
59
58
72
56
60
50
84
72
64
64
56
89
65
68
61
57
65
60
54
52
44
62
62
64
59
59
75
47
71
58
66
53
57
68
70
50
65
74
60
56
71
69
60
59
68
46
54
66
79
66
60
80
61
62
69
44
58
69
62
63
53
58
67
60
60
47
50
83
48
57
52
64
52
48
46
53
60
53
63
60
64
55
63
60
56
70
72
63
56
64
56
72
70
57
69
68
53
65
57
53
55
58
63
57
60
65
50
63
60
64
49
60
62
68
55
60
75
63
61
67
64
48
44
73
55
59
51
68
57
60
63
68
49
53
58
61
68
54
61
68
61
57
48
54
59
55
60
73
52
51
54
66
61
41
62
72
40
62
54
61
53
71
59
62
66
57
56
51
57
46
47
63
58
49
60
61
57
47
61
63
68
69
63
50
53
56
45
57
64
75
60
65
63
52
57
55
53
65
61
66
59
66
43
57
66
56
66
48
63
58
74
56
46
52
55
59
56
66
53
58
60
47
56
56
62
65
52
58
44
81
54
58
50
48
63
53
48
51
57
67
61
62
67
58
53
53
52
60
49
59
67
55
56
70
58
64
50
49
55
48
65
63
51
49
51
55
55
54
73
46
67
48
57
56
44
76
57
59
62
53
57
58
60
51
51
60
58
64
61
43
62
65
72
62
43
65
54
53
60
50
70
59
50
52
50
45
42
64
62
67
55
47
53
48
50
50
44
64
63
65
54
64
59
62
63
55
64
57
61
62
42
46
53
47
59
68
74
39
58
53
57
49
60
55
61
66
50
57
73
55
63
50
58
52
57
60
45
51
69
55
57
64
68
49
45
46
57
40
46
54
53
64
53
49
56
62
64
54
52
58
50
52
62
57
60
45
53
57
52
51
61
56
49
52
48
60
62
50
51
60
55
47
56
53
55
58
45
51
48
51
40
62
64
49
59
52
48
61
57
56
63
42
63
54
44
55
44
51
48
61
49
47
47
52
50
67
50
59
50
49
55
57
53
53
47
49
45
51
40
62
52
57
47
45
44
52
52
53
46
51
46
43
59
45
54
50
41
45
63
55
59
62
54
67
47
55
55
49
59
49
45
58
64
36
60
69
58
47
59
48
46
48
53
38
50
62
70
55
47
49
53
43
55
49
49
53
49
43
57
55
39
55
46
48
45
45
47
54
48
50
61
56
53
50
64
46
54
42
50
50
46
56
54
51
40
45
53
39
57
47
57
44
44
43
48
43
38
49
41
41
39
49
49
54
50
42
64
55
70
47
55
46
55
53
56
57
39
48
41
48
47
42
59
54
57
43
47
45
39
46
46
56
47
51
49
37
52
56
52
53
41
53
55
40
35
42
37
31
42
48
42
45
34
41
50
39
48
56
63
49
52
56
51
49
46
53
41
46
60
58
50
42
36
45
43
48
49
52
55
49
38
55
50
55
48
46
49
50
54
47
45
48
38
48
45
43
53
57
45
51
49
44
53
54
37
39
50
47
62
52
47
39
48
48
53
43
53
56
58
51
55
44
45
47
44
57
42
48
53
41
40
44
51
42
46
46
53
42
52
47
52
28
50
50
57
44
56
61
52
52
45
34
42
42
47
51
45
43
49
40
50
55
47
47
44
53
55
42
30
39
40
53
46
52
48
35
43
41
42
40
63
39
47
48
45
55
41
37
44
44
54
43
52
30
44
45
58
39
35
47
46
47
48
40
43
41
46
31
42
27
43
45
46
54
38
53
42
43
59
45
49
47
48
50
47
43
35
42
54
45
45
39
44
42
29
49
35
41
49
40
42
34
53
48
48
50
41
47
43
44
35
39
52
30
60
47
46
43
44
42
50
34
45
44
42
41
32
50
42
46
37
42
43
43
51
39
46
40
47
36
41
37
41
46
35
36
48
40
37
39
48
48
43
40
43
43
31
48
55
45
49
37
39
41
46
41
35
42
30
45
45
42
33
40
38
44
42
44
28
39
33
41
43
44
44
45
32
43
46
39
29
34
38
32
36
37
36
44
31
39
37
35
40
40
37
44
37
42
52
32
42
30
44
37
34
40
44
40
42
30
39
41
38
39
41
39
42
34
44
42
52
30
39
37
36
24
24
43
37
40
29
30
39
35
44
34
38
34
43
36
39
49
39
40
33
50
38
34
42
27
40
51
45
37
31
49
42
39
46
42
34
39
41
35
30
39
36
43
31
38
46
42
36
26
37
61
41
40
48
37
30
50
42
39
32
29
34
37
41
29
39
37
35
43
29
42
43
37
30
30
36
40
30
41
41
34
37
34
33
32
33
44
41
38
45
36
33
38
35
29
45
47
37
37
33
25
33
36
25
34
35
35
41
48
33
31
33
30
40
41
37
40
44
40
38
39
38
28
43
41
27
45
24
30
33
34
36
38
32
35
27
32
46
32
35
38
30
36
24
30
30
37
31
49
46
34
49
39
33
37
30
29
39
42
30
34
28
33
34
35
44
47
30
25
30
37
32
31
25
29
36
25
36
30
32
28
51
23
41
23
35
26
29
32
27
24
37
31
36
34
32
32
30
33
29
34
31
35
29
43
34
30
29
36
36
33
38
35
33
32
37
36
35
39
41
36
35
26
38
32
29
38
36
30
29
48
38
28
40
35
38
27
34
45
33
32
27
28
35
25
24
42
28
40
27
37
37
37
30
24
33
29
35
30
30
36
29
39
28
36
40
30
38
35
28
30
29
40
51
30
28
35
38
38
25
34
28
33
29
29
23
31
38
32
35
27
30
38
33
33
33
29
38
47
27
36
29
35
40
39
33
15
33
29
34
41
21
33
32
42
24
31
39
39
18
34
33
29
33
40
34
35
30
37
24
30
25
40
29
34
40
28
30
29
36
36
25
31
32
30
37
35
22
29
21
37
38
31
24
29
30
34
38
31
36
34
29
26
22
30
31
32
22
15
20
24
37
25
35
24
33
32
27
22
27
33
30
39
20
38
32
33
37
23
28
33
38
32
35
27
31
34
31
29
27
30
27
38
27
32
30
34
35
34
32
27
30
30
27
27
27
35
22
33
25
28
34
34
22
31
29
35
26
35
32
29
30
28
25
37
28
29
26
22
36
23
28
23
30
31
26
26
26
27
26
30
33
25
23
36
27
44
37
26
19
28
30
32
26
27
21
38
22
31
26
24
29
27
37
27
36
21
28
31
32
27
32
29
35
27
24
27
33
14
29
24
37
31
27
33
23
31
24
30
14
29
27
31
29
27
18
28
28
20
29
28
26
36
24
25
35
23
23
31
27
21
24
31
22
33
31
31
25
18
30
35
26
27
25
19
16
28
29
28
20
27
24
24
25
23
25
29
24
35
20
21
19
30
21
23
30
27
21
27
30
28
29
21
26
29
35
27
29
27
32
24
28
23
22
28
27
32
30
29
24
20
18
23
21
28
27
26
23
20
24
28
25
31
22
31
21
27
13
27
21
28
33
18
22
16
21
24
20
16
28
27
28
17
23
17
26
34
26
18
22
22
18
16
22
31
28
31
25
22
29
31
31
29
24
32
21
23
24
26
21
27
21
20
15
20
25
34
22
25
16
21
29
31
24
23
26
26
26
17
37
25
23
22
24
27
18
29
20
16
28
28
31
29
22
28
24
26
23
19
17
23
15
23
11
23
17
31
23
21
24
19
21
28
20
38
20
21
19
21
21
22
24
24
17
24
23
19
29
33
28
25
12
20
24
29
17
29
23
23
18
20
24
22
16
15
22
25
33
24
23
20
24
21
15
32
22
26
28
19
19
20
22
31
20
23
24
33
26
18
18
22
22
14
26
22
18
28
22
21
26
22
20
20
20
26
26
16
23
21
25
21
18
16
26
31
26
24
27
22
20
22
15
24
20
21
29
27
16
21
16
11
14
16
19
15
20
14
28
24
20
15
23
33
17
26
23
25
14
16
27
13
20
21
20
18
26
18
21
17
14
11
22
20
24
21
11
34
16
20
21
21
16
27
16
13
25
21
18
19
27
18
22
25
23
19
26
20
16
13
23
16
20
15
22
23
15
20
18
25
25
16
22
22
23
15
23
17
13
22
16
18
19
27
22
26
22
24
12
16
19
16
20
20
10
13
21
26
20
17
23
21
19
28
16
16
19
17
26
24
18
16
17
22
16
18
17
13
13
19
20
20
21
12
22
14
20
21
12
17
19
15
24
20
22
16
17
16
14
20
19
19
16
15
14
19
21
22
20
11
18
14
19
11
9
22
14
20
38
23
20
8
6
15
19
24
19
20
8
9
18
17
15
11
16
19
13
22
20
18
16
15
18
13
20
21
22
23
20
14
17
21
15
12
17
16
18
16
15
15
24
19
15
8
19
17
19
17
12
20
11
11
27
21
20
13
21
17
14
13
18
21
19
19
21
16
19
14
12
20
17
10
17
11
14
12
23
15
18
12
16
19
14
15
18
17
14
19
16
10
12
17
11
14
13
22
15
13
12
10
19
11
13
20
14
18
18
17
10
14
17
15
17
15
9
20
18
15
19
15
12
15
11
10
13
15
19
16
14
10
15
14
16
23
13
8
18
16
15
14
11
15
11
16
17
17
7
14
8
10
21
14
16
10
14
9
23
23
17
18
16
14
10
17
12
10
14
14
15
16
15
15
20
21
6
13
11
10
9
13
15
9
16
15
24
12
20
20
16
6
14
11
13
9
11
22
9
18
7
11
16
14
8
13
18
13
22
17
10
8
8
6
4
18
24
17
14
15
11
15
9
7
10
15
17
12
9
21
16
13
13
17
8
15
20
13
7
14
16
11
10
11
12
15
12
19
13
10
15
8
17
12
12
13
12
13
12
11
18
14
12
13
16
7
13
12
13
12
12
12
16
8
12
15
11
15
12
9
17
11
16
15
23
12
13
10
22
20
16
11
11
7
12
13
10
13
6
14
12
13
13
7
15
10
10
10
12
13
14
11
12
14
14
11
18
19
12
10
11
11
12
9
10
10
11
13
11
11
6
12
13
12
11
16
13
12
9
15
18
13
11
8
11
15
14
15
12
12
11
14
11
7
9
8
19
19
13
14
15
13
11
14
8
8
4
11
13
12
8
6
12
11
13
9
12
13
11
9
10
8
7
5
7
9
7
12
12
9
9
15
14
10
12
13
12
9
8
16
11
12
11
6
9
12
9
12
9
13
11
9
7
13
11
17
8
11
18
20
7
6
8
5
6
9
9
9
6
4
10
12
4
13
6
12
13
8
15
9
7
4
8
8
14
12
13
14
14
7
10
6
10
10
11
6
10
8
12
9
9
9
9
13
7
13
10
6
8
9
9
12
13
7
8
10
13
10
7
10
10
7
5
9
13
9
6
10
8
12
11
8
9
13
9
8
8
16
5
12
5
5
7
6
15
7
10
5
11
13
13
7
8
13
13
10
8
6
8
11
12
9
11
8
9
6
11
8
10
7
13
14
7
6
9
11
8
19
4
6
8
3
5
14
12
8
8
6
8
7
8
8
9
7
6
9
8
6
7
6
6
7
11
16
12
5
12
7
13
8
10
7
11
10
10
14
11
9
7
8
4
11
12
8
8
9
8
6
7
3
9
3
8
10
5
8
7
5
5
5
4
7
5
6
6
8
7
3
5
6
10
4
9
5
11
6
14
5
3
5
7
8
9
5
6
8
11
7
7
4
8
4
8
6
5
6
6
4
1
8
11
8
7
7
5
11
7
9
14
19
11
6
7
10
6
7
18
2
11
6
11
9
4
9
9
8
12
5
6
6
5
7
9
9
2
10
10
4
7
10
7
11
5
8
5
5
8
4
6
6
5
8
10
1
4
8
9
9
4
6
7
9
6
8
6
7
5
3
6
7
6
4
6
4
8
5
4
7
6
4
6
5
4
6
5
9
5
4
10
3
1
5
5
8
4
4
6
9
10
9
4
6
4
10
5
12
13
8
8
4
5
5
8
6
6
9
4
9
6
8
4
4
6
8
8
11
6
6
10
9
6
9
7
6
3
8
5
7
9
3
4
4
3
8
1
8
5
7
5
6
10
7
7
7
4
8
1
3
5
8
6
3
7
7
5
8
5
6
9
6
7
8
4
7
3
4
4
5
10
8
8
12
2
11
11
3
6
7
5
8
7
7
5
8
6
1
3
5
6
5
6
4
6
6
6
9
8
8
6
4
3
7
7
5
7
5
6
5
5
3
5
6
9
4
8
3
5
6
5
6
6
2
8
4
6
4
5
9
2
4
11
4
7
10
8
13
7
5
7
3
9
4
8
5
8
4
5
2
3
3
4
3
11
9
3
5
2
3
4
6
7
2
0
5
2
5
1
3
6
6
5
6
5
6
6
7
7
3
8
6
7
3
7
8
4
8
4
4
5
7
4
7
6
8
2
7
3
6
4
6
1
8
5
5
4
4
4
7
7
10
5
11
6
1
3
4
11
4
4
5
2
5
6
5
3
4
5
4
6
12
5
3
7
5
4
2
2
7
4
1
10
8
1
6
6
6
1
7
5
8
5
5
4
5
1
10
2
4
9
4
5
4
7
5
6
10
5
0
10
9
7
5
2
4
4
4
3
1
4
7
5
3
5
10
2
2
5
6
6
4
4
5
6
7
2
7
2
5
6
7
2
10
2
4
3
7
8
6
5
7
3
5
7
6
3
7
3
4
1
12
5
6
9
5
6
6
2
4
6
3
8
6
6
5
9
3
9
8
2
5
6
3
5
9
5
1
8
3
3
8
6
6
4
4
1
5
7
4
5
4
8
5
5
5
1
6
3
5
2
4
8
6
6
4
0
5
3
4
5
2
6
9
4
8
4
4
5
6
6
4
6
7
3
4
3
4
3
8
4
4
2
8
9
3
5
3
5
7
5
2
3
2
5
4
4
1
2
3
3
5
4
6
3
7
6
4
2
5
4
1
4
7
3
5
7
2
7
7
3
1
6
8
3
3
6
6
3
2
7
7
6
3
4
5
4
7
4
7
3
4
6
5
1
4
4
6
3
4
4
3
3
4
2
3
3
8
2
1
6
2
4
5
3
1
7
2
1
5
3
4
3
3
8
2
4
6
5
5
5
4
0
4
2
3
1
3
4
1
5
2
3
2
2
2
4
3
3
2
4
3
3
2
5
1
4
6
3
5
4
1
4
3
2
4
3
5
7
2
3
2
1
2
1
2
6
4
3
2
3
5
2
1
3
1
2
3
3
2
0
1
2
1
1
4
1
5
2
6
3
3
3
2
2
3
3
1
2
3
5
4
3
0
2
5
1
2
0
4
2
2
4
2
3
3
2
2
3
3
1
0
3
1
2
3
6
2
0
0
2
1
5
1
0
4
3
2
2
2
1
0
2
2
1
3
1
3
2
3
2
0
0
2
2
4
1
2
2
3
0
2
1
4
2
3
3
0
1
0
2
1
1
0
2
1
2
0
2
0
2
1
2
0
3
1
3
1
3
3
0
1
4
0
0
0
1
3
0
2
4
1
2
1
1
3
3
4
3
1
4
5
2
5
2
0
2
1
0
1
0
0
0
2
4
0
1
2
1
1
1
0
0
0
3
1
0
0
1
0
3
1
2
1
3
1
3
3
0
2
1
2
1
3
4
3
0
0
0
1
3
3
0
0
3
3
0
0
0
0
0
1
2
1
0
0
4
0
0
1
2
1
0
0
3
2
0
0
0
5
2
0
0
1
1
1
2
1
1
1
1
0
2
1
1
2
2
1
1
2
4
2
1
1
0
1
2
0
1
2
1
0
0
1
2
1
1
2
0
2
1
2
0
3
1
3
0
1
1
1
1
0
1
1
1
0
2
0
2
1
1
1
1
1
1
0
3
2
0
0
0
1
1
3
1
0
3
1
0
2
2
1
1
1
1
0
2
1
0
0
3
3
1
0
0
0
0
2
2
2
2
3
2
1
0
1
1
1
1
1
0
2
1
3
3
0
0
2
2
1
0
0
0
2
1
1
13
15
11
16
11
16
13
9
11
15
8
15
16
13
13
7
12
10
19
7
16
13
18
17
15
10
19
17
11
18
12
17
19
13
19
13
15
14
9
13
12
5
14
20
15
15
11
23
19
20
12
14
16
14
11
18
12
17
12
17
8
16
14
14
14
12
8
9
12
21
16
18
16
11
20
15
9
12
13
18
18
16
15
10
18
18
11
12
11
10
18
13
14
15
12
18
18
16
10
16
17
15
17
14
12
13
9
22
12
15
14
9
9
10
14
14
11
17
18
16
14
20
9
13
11
20
17
6
