0
0
0
0
0
0
0
0
0
0
0
1
0
0
0
0
0
0
0
0
0
0
0
0
0
0
0
0
0
0
0
0
0
0
0
0
0
0
0
0
0
0
0
0
0
0
0
0
0
1
0
0
0
0
0
0
0
0
0
0
0
1
1
0
0
0
0
0
0
0
0
1
0
0
0
0
0
0
0
0
0
0
0
0
0
0
0
0
0
0
0
0
0
1
0
0
1
0
0
0
0
0
0
0
0
0
0
0
0
0
0
0
0
0
0
0
0
0
1
0
0
0
0
0
0
1
0
0
0
0
0
0
0
0
0
0
1
0
0
1
0
0
1
1
0
0
0
0
0
1
1
0
3
5
7
3
7
5
8
44
95
209
229
221
229
235
242
232
227
202
217
203
201
198
194
193
176
192
208
198
185
161
156
153
141
164
168
155
145
142
156
141
141
150
119
136
118
139
132
111
122
117
119
125
111
140
112
117
110
91
106
125
105
104
102
110
111
98
118
113
112
91
90
95
98
96
93
113
87
90
98
98
91
98
79
80
113
89
92
92
98
115
98
106
84
107
92
91
105
104
78
88
102
110
81
72
87
93
99
106
87
82
99
105
96
99
88
89
103
87
73
93
79
95
107
105
90
101
111
104
99
83
92
101
86
85
92
114
78
107
113
97
95
84
80
94
91
92
88
96
75
95
92
71
93
89
101
103
77
95
86
88
86
99
75
103
95
122
79
88
82
108
91
101
90
97
87
83
81
99
90
92
102
105
97
105
95
82
83
93
120
77
89
89
81
100
97
99
93
88
99
91
110
75
99
99
97
94
95
94
85
96
69
107
80
99
106
79
114
101
109
111
87
82
98
87
105
99
89
99
85
94
87
99
106
89
93
81
84
89
102
97
94
106
101
78
87
93
89
85
106
94
92
79
94
87
104
112
84
105
102
94
102
98
99
86
95
88
90
99
98
89
108
100
89
84
91
88
114
97
96
94
90
90
87
102
77
90
104
103
100
99
107
104
83
83
103
99
89
85
112
91
108
88
96
96
79
100
76
97
65
107
103
95
98
85
90
89
87
110
91
85
90
77
104
99
84
95
91
72
89
99
94
107
96
93
118
110
107
90
92
86
103
120
81
104
89
83
96
87
102
94
90
102
98
99
86
103
104
111
103
85
95
90
87
91
98
95
97
90
80
94
94
88
93
101
92
89
94
92
105
81
93
95
79
91
101
89
88
93
72
93
108
118
103
102
82
81
84
112
108
77
91
94
94
99
88
90
99
91
97
102
98
82
80
95
78
90
72
90
109
86
102
94
97
128
95
84
87
98
89
101
99
86
82
88
100
86
93
92
85
102
94
100
86
108
106
87
91
92
100
95
91
85
93
104
72
108
97
101
102
92
92
95
74
91
84
104
82
89
105
105
87
84
104
108
112
103
105
105
95
100
97
111
84
77
95
81
91
87
113
101
97
98
101
103
85
95
97
93
98
93
94
108
98
88
94
91
96
103
113
101
125
102
83
104
106
90
87
83
107
97
106
91
94
100
105
81
92
110
90
103
82
102
91
105
108
95
75
91
99
88
105
98
96
104
107
99
109
96
109
111
87
102
90
94
105
95
113
97
124
83
94
90
107
90
95
101
89
103
85
82
95
90
79
109
110
96
91
93
89
106
104
98
102
81
98
97
98
95
100
96
89
94
111
103
97
107
88
94
113
101
96
86
85
104
93
83
100
101
92
102
88
97
104
98
97
97
92
115
101
100
114
87
94
109
93
98
83
109
97
115
109
110
102
109
98
84
98
76
86
114
97
99
108
104
100
97
106
111
92
113
110
85
97
104
101
109
105
94
99
109
102
103
93
95
85
80
113
111
91
104
113
106
95
82
115
121
97
89
110
96
117
94
110
103
100
115
104
91
118
109
108
102
86
103
104
96
119
109
109
93
100
118
93
101
107
91
113
98
82
91
98
99
99
114
116
99
91
110
97
113
100
119
96
92
101
110
104
103
107
112
98
106
104
118
109
106
93
102
97
122
109
85
104
115
99
101
97
116
125
126
111
108
107
101
108
99
89
115
116
112
112
100
118
133
115
118
132
105
94
113
124
105
107
114
108
108
111
105
93
124
124
111
107
102
100
103
97
118
104
98
98
119
98
90
113
136
130
113
128
125
127
122
131
151
102
114
140
117
112
128
139
104
111
109
144
108
114
125
122
131
121
139
121
113
142
116
129
133
125
117
130
100
133
129
124
132
137
153
107
131
128
139
126
133
99
112
123
131
135
112
132
151
119
140
126
122
141
132
121
136
133
155
129
150
128
171
135
145
140
140
152
129
129
146
143
147
146
142
125
153
145
122
155
147
125
128
136
145
143
135
152
152
141
147
156
126
157
163
134
139
156
158
143
133
140
147
133
137
142
138
127
128
147
128
135
156
141
175
141
143
171
121
145
154
142
135
131
152
144
148
145
159
143
113
126
134
144
153
148
140
114
133
134
133
121
143
138
131
128
129
119
117
118
137
145
137
119
136
146
128
153
138
127
113
124
114
141
114
114
135
125
129
121
133
135
110
131
126
121
117
114
123
126
133
135
124
121
121
103
108
112
104
125
110
112
121
119
123
101
117
119
109
126
130
103
112
116
117
105
125
120
113
110
108
120
129
107
127
107
118
120
135
112
142
105
120
111
98
120
112
113
108
110
122
125
108
113
118
110
95
114
111
117
102
111
136
125
109
110
102
121
108
101
109
86
86
108
109
88
120
107
116
140
98
94
109
95
107
104
113
102
106
98
110
115
120
95
103
103
105
102
100
110
107
96
104
107
113
105
107
107
91
115
114
88
115
104
94
105
103
108
88
105
117
95
112
91
92
112
108
95
98
111
113
94
98
107
103
116
92
132
120
129
103
106
87
106
103
111
109
96
97
91
117
120
102
102
107
104
102
98
98
102
98
106
93
98
106
102
106
92
74
105
89
93
99
101
108
101
109
109
74
105
105
104
90
106
94
100
102
95
89
97
95
103
95
100
92
95
110
89
103
95
97
98
89
105
85
100
91
112
98
83
100
106
101
90
80
84
88
91
79
106
83
92
97
95
108
89
100
77
92
89
93
83
89
81
113
80
92
80
111
113
84
98
85
102
77
93
104
90
101
86
87
96
96
88
75
90
81
95
84
95
98
107
83
98
83
111
80
78
89
110
94
87
105
85
102
89
87
83
83
78
87
90
84
94
63
91
92
107
77
105
86
92
95
101
106
82
85
83
87
89
78
84
102
80
82
98
91
95
84
85
102
75
73
75
79
94
93
75
85
98
92
88
92
98
85
91
105
86
100
79
96
103
92
92
77
82
91
80
92
93
96
76
90
95
93
83
103
94
83
97
88
106
112
82
76
83
82
106
74
91
82
84
62
77
91
81
79
99
86
93
95
92
83
85
81
97
72
99
95
91
78
62
87
87
87
103
80
79
77
89
89
102
94
99
102
92
93
74
81
89
87
102
91
89
91
89
96
87
84
74
79
80
92
86
90
80
76
96
97
82
79
94
72
98
79
77
95
84
67
83
84
88
85
70
73
91
74
90
81
86
80
75
97
88
92
93
92
106
90
102
83
90
96
86
72
74
99
73
81
73
82
87
82
94
85
79
91
80
93
66
78
73
68
72
74
77
78
76
74
84
79
74
78
89
93
84
88
83
81
85
92
84
85
88
71
76
86
76
78
67
73
67
76
82
81
80
83
90
90
97
85
86
89
64
109
77
96
96
88
78
90
76
75
70
89
76
81
85
80
69
77
80
100
83
76
98
68
78
84
74
77
90
104
81
81
80
76
81
86
82
75
79
82
68
72
82
77
78
75
86
83
70
70
88
70
76
65
66
72
80
86
88
79
93
81
79
64
93
80
80
79
92
78
76
61
100
75
80
83
89
87
86
89
92
96
74
79
71
63
77
90
69
79
84
77
74
94
85
90
83
71
81
95
100
67
62
69
82
72
79
83
86
81
88
78
77
83
66
81
89
92
57
59
80
66
83
65
67
81
85
78
75
74
85
72
66
75
83
83
83
84
71
64
97
90
89
88
73
86
109
79
73
69
92
78
79
76
80
86
59
89
74
69
80
84
76
89
88
85
81
97
86
63
73
84
71
70
67
77
75
75
78
79
81
83
76
76
92
82
72
84
83
80
75
81
68
70
83
89
75
77
94
73
91
85
77
95
88
95
84
82
62
73
75
72
92
77
68
82
84
75
71
81
83
63
77
69
57
83
94
68
83
80
81
83
88
83
79
81
81
63
72
84
67
84
96
87
89
64
106
69
82
81
78
87
73
77
60
76
77
72
80
70
78
65
81
73
72
89
87
79
77
80
79
75
76
74
75
76
85
79
85
86
85
69
71
85
83
86
90
66
71
76
80
81
77
71
74
65
79
90
79
75
87
85
97
93
87
82
84
70
77
79
55
84
78
76
78
75
90
68
88
63
85
64
79
87
76
80
76
69
81
92
76
64
65
69
95
78
77
74
81
83
75
77
90
72
69
76
68
86
76
70
96
80
76
76
67
90
79
68
73
84
68
80
75
69
90
74
83
73
86
67
85
86
80
92
68
94
87
81
88
89
85
67
78
66
75
90
67
75
76
65
89
92
74
67
80
68
73
83
82
88
73
72
75
78
79
102
72
70
59
86
79
91
97
73
79
69
88
94
80
81
93
72
78
80
76
70
76
77
83
70
76
83
63
86
84
85
73
78
72
100
60
99
87
91
69
75
54
81
75
74
95
72
84
74
64
79
76
94
77
80
81
72
72
63
81
70
84
92
72
74
80
71
82
70
68
81
69
84
81
69
76
78
78
82
75
85
80
77
96
92
88
70
79
98
90
76
93
80
70
97
53
62
78
62
91
70
82
66
87
98
73
78
77
84
78
78
79
79
82
76
78
85
73
85
91
88
81
79
73
85
82
82
79
80
86
84
74
91
79
88
91
60
79
85
91
81
71
81
86
88
81
92
74
77
82
75
86
84
77
89
80
70
85
81
72
67
87
79
82
76
84
80
83
72
64
94
62
75
80
80
65
99
85
78
79
93
79
74
77
79
74
78
98
81
74
75
81
87
75
71
83
72
61
80
67
71
68
79
78
86
74
68
79
75
80
84
75
77
81
89
75
98
82
68
71
78
94
79
73
82
84
86
97
83
71
78
89
76
88
88
102
84
78
74
84
83
96
87
95
79
94
82
89
94
79
89
80
80
69
81
88
107
74
88
90
83
73
77
79
76
81
75
79
93
70
76
84
90
82
70
87
66
81
79
77
95
58
63
84
77
83
100
69
80
80
78
82
80
90
82
63
79
71
78
68
64
86
72
78
76
72
75
74
82
69
73
84
57
62
78
70
70
66
68
80
85
75
59
63
74
60
69
74
69
89
70
64
91
81
77
68
78
66
61
89
66
64
67
69
73
72
71
73
66
71
69
57
63
62
66
62
70
70
79
52
60
57
77
66
70
67
62
74
75
74
68
71
79
75
56
86
69
59
65
57
66
62
88
75
68
63
61
63
58
56
72
56
69
61
70
75
58
65
57
72
72
52
59
80
61
53
51
53
62
57
65
69
56
49
46
41
68
55
55
69
60
62
66
53
59
43
62
56
64
54
63
62
67
61
48
49
56
64
61
57
46
56
67
56
59
54
48
49
55
55
62
52
63
61
46
51
47
53
43
63
56
60
50
41
59
54
49
50
51
51
48
50
41
44
51
35
41
49
58
52
41
36
46
54
32
55
42
45
41
40
33
39
52
51
44
33
43
44
50
50
35
46
49
36
51
32
37
41
37
26
35
45
43
30
41
34
39
34
49
41
37
34
34
36
27
37
43
40
38
27
41
34
40
35
36
34
31
40
50
45
42
36
33
33
33
46
39
35
26
30
34
39
42
38
28
39
27
35
39
40
33
28
43
33
34
28
38
33
36
35
41
38
27
29
24
27
29
27
24
32
20
29
24
33
24
21
32
25
32
26
34
26
34
30
16
24
24
28
21
32
21
25
32
32
24
38
27
25
32
29
30
19
22
16
18
29
27
24
27
22
29
22
25
29
25
26
24
25
31
29
24
28
24
37
26
19
31
20
19
36
21
31
27
19
17
21
22
27
24
21
20
21
22
23
21
35
23
17
28
25
28
14
25
17
21
22
17
29
21
32
23
16
17
28
24
24
22
24
30
23
19
24
32
25
21
36
24
18
25
36
22
21
22
18
21
22
22
24
20
14
20
19
23
18
20
30
22
22
21
21
15
21
24
27
20
17
19
28
15
28
19
28
16
18
13
19
22
14
16
25
21
22
12
22
21
21
16
22
26
20
16
25
24
22
21
20
13
23
19
18
10
22
24
26
17
23
11
29
22
26
17
22
16
22
16
18
24
11
19
10
16
25
13
18
15
17
18
14
19
17
14
18
18
11
18
19
21
19
18
18
14
17
17
12
25
15
24
28
27
22
16
13
20
22
19
20
19
19
16
18
17
17
14
14
18
25
25
12
21
11
28
22
20
15
16
16
14
12
24
22
19
16
27
13
12
18
13
21
19
16
19
22
23
18
17
17
18
20
16
18
12
13
23
21
15
21
12
9
17
15
13
23
12
15
21
27
20
21
11
14
15
16
17
15
19
14
14
17
14
21
15
20
9
15
14
15
22
16
14
21
14
14
16
23
19
20
20
19
17
15
12
17
12
18
18
21
23
12
14
17
17
20
17
12
21
21
20
17
12
11
22
16
12
14
24
14
20
14
14
16
14
15
14
14
17
22
15
15
8
21
17
12
21
21
13
21
17
13
21
19
18
27
24
25
24
13
23
19
19
24
15
16
27
28
25
22
17
13
15
13
15
9
22
14
17
24
17
18
16
25
15
10
18
19
22
23
25
23
22
20
14
26
30
22
28
18
16
19
22
21
24
22
20
14
19
21
18
16
20
25
25
24
17
27
22
17
22
22
17
22
16
10
18
22
21
13
31
22
16
14
25
20
23
22
24
23
26
18
15
28
18
25
19
25
18
20
24
21
19
33
22
34
19
17
24
26
27
23
24
26
25
35
25
24
24
18
28
22
26
31
17
25
26
34
26
29
21
28
31
27
26
15
18
29
21
35
35
32
34
29
31
31
28
35
33
31
32
35
32
30
29
35
31
39
33
31
32
39
30
28
26
36
36
29
35
28
30
30
41
41
31
33
45
35
19
35
40
35
38
41
52
44
38
30
36
55
36
42
47
42
47
43
41
50
36
47
45
36
44
37
46
37
47
34
44
42
41
43
47
51
50
58
53
44
60
47
53
55
41
49
56
56
68
55
53
59
55
56
54
53
57
58
45
61
64
47
54
67
51
62
64
67
58
76
48
69
61
54
74
73
58
69
77
72
62
70
75
68
77
66
73
82
50
81
75
76
74
66
58
73
80
82
89
106
81
73
76
86
92
93
92
86
90
93
72
90
114
81
99
103
83
102
104
98
105
93
105
110
109
88
120
123
104
112
125
106
111
108
89
102
127
121
124
126
119
124
104
111
133
124
119
125
137
137
129
121
133
135
149
144
139
159
168
140
158
147
134
160
163
193
149
145
139
156
153
176
193
166
173
154
157
186
174
180
170
185
190
192
182
196
186
166
210
191
187
177
213
222
225
204
219
190
215
208
202
202
224
235
218
227
199
224
208
247
224
256
217
252
255
232
245
231
218
239
212
254
244
236
278
251
263
258
256
263
298
249
295
281
271
251
268
306
315
273
269
287
272
291
310
294
290
302
314
298
328
332
314
338
363
319
306
322
350
331
320
333
345
343
354
345
339
330
380
333
374
349
365
360
396
376
386
360
400
366
392
346
401
372
367
370
387
352
432
363
414
387
382
400
440
407
393
380
418
427
391
409
385
414
414
421
448
392
433
408
422
418
450
367
405
442
402
403
431
404
437
421
444
434
428
404
440
458
447
419
434
454
451
404
441
430
415
435
425
453
425
404
413
433
435
411
458
471
424
435
448
488
394
431
447
453
440
439
416
449
458
456
460
426
469
446
453
438
419
470
451
471
433
410
392
464
402
462
396
440
437
442
433
398
404
389
440
408
395
377
409
388
417
401
375
423
404
398
388
414
379
414
419
390
404
387
410
379
395
375
383
388
380
380
364
354
402
383
351
374
380
352
356
387
358
345
342
339
353
318
347
343
336
320
333
334
342
353
328
347
287
343
315
275
316
319
303
290
305
285
295
277
301
285
246
294
282
280
252
253
258
282
245
248
261
244
231
273
221
222
230
248
260
229
234
201
227
220
230
212
211
222
187
214
181
190
202
181
167
193
174
170
199
183
178
185
177
153
160
193
152
173
140
154
169
156
152
144
142
139
167
143
145
132
130
129
152
140
158
145
126
131
128
126
104
124
111
105
105
113
106
98
107
87
109
80
124
94
89
89
90
96
81
93
90
82
69
68
86
71
77
83
69
85
64
82
58
63
64
57
64
72
56
54
59
56
53
52
62
48
55
53
51
59
63
44
45
47
32
34
37
53
45
39
49
33
39
29
43
33
42
36
27
27
39
30
29
33
25
25
27
22
26
35
38
24
36
26
17
20
16
21
21
27
18
28
19
17
22
17
28
15
17
17
15
15
12
17
10
18
17
20
16
11
14
16
9
7
16
12
10
16
11
10
8
12
9
5
11
11
10
13
12
6
8
14
7
7
7
9
8
10
4
9
4
6
10
3
8
7
4
4
8
9
8
2
3
4
4
7
4
4
10
7
2
4
8
6
4
2
7
1
3
3
8
1
6
5
6
2
2
4
1
5
5
4
7
2
6
1
7
5
3
6
4
4
6
1
3
7
6
4
0
4
4
4
2
1
2
4
4
5
4
2
5
4
2
1
4
2
5
1
4
2
5
4
2
5
1
7
0
4
6
4
4
2
3
6
3
1
4
2
0
4
7
6
6
1
2
5
4
3
4
1
1
2
3
5
5
4
3
5
2
2
1
5
6
1
2
1
3
2
3
0
0
1
6
2
3
4
0
1
2
2
2
2
2
7
4
2
2
1
4
5
5
5
3
4
1
2
2
3
3
2
2
10
8
4
2
3
1
2
3
4
1
3
3
3
3
3
4
3
2
4
2
2
2
2
0
3
3
3
2
1
2
3
4
3
4
3
4
3
5
2
5
0
2
1
4
3
1
1
2
0
3
1
3
3
2
2
1
3
2
3
3
2
3
2
1
1
3
3
3
1
3
3
2
1
3
1
2
3
2
2
4
4
4
4
3
5
3
4
2
1
3
3
0
1
5
3
1
6
1
1
3
3
2
2
3
3
5
4
1
4
3
4
3
3
0
3
3
4
2
1
2
0
3
0
4
3
2
2
3
2
1
2
2
2
4
0
2
2
3
1
5
0
5
1
3
1
2
1
3
2
1
0
3
1
1
3
1
3
0
1
3
2
0
0
3
2
7
4
2
1
0
3
7
3
2
2
2
1
3
2
2
3
1
3
3
3
3
3
2
2
4
3
4
1
5
3
1
6
1
3
2
3
1
2
0
1
4
4
3
2
3
4
2
3
2
1
3
1
1
3
2
1
0
0
3
0
1
2
4
2
1
5
1
3
2
2
2
3
3
1
1
2
3
3
3
1
2
3
1
5
3
3
2
4
3
2
1
4
2
2
1
2
4
3
5
2
5
3
1
3
1
3
1
1
2
2
3
4
3
0
1
2
0
1
2
2
2
2
2
3
0
2
4
1
4
3
3
2
5
3
3
1
4
2
4
3
0
2
2
4
1
5
1
3
4
1
2
4
5
4
5
4
2
1
2
2
1
4
3
2
3
0
2
1
1
0
1
2
1
1
2
2
2
3
5
3
1
3
3
5
3
2
0
3
2
1
0
2
2
2
2
0
1
6
3
4
4
1
0
0
3
5
1
2
1
0
0
1
1
1
0
3
2
2
0
2
2
2
3
2
1
2
3
0
0
4
3
0
4
2
1
5
4
2
4
0
5
1
3
3
8
3
2
2
5
4
3
0
3
7
1
0
1
4
1
2
5
1
2
3
3
3
1
4
2
2
1
0
2
3
1
0
1
5
1
2
5
1
2
1
2
3
3
1
4
2
4
0
1
0
3
3
1
2
1
6
3
2
3
2
2
0
2
3
2
1
2
2
1
2
3
1
3
1
3
6
2
1
1
1
2
3
2
3
0
1
2
2
1
3
6
1
4
2
2
1
2
4
2
0
2
2
1
1
1
1
2
3
2
0
2
4
4
2
2
4
1
1
2
2
4
0
1
2
1
1
1
2
1
0
0
3
1
3
3
1
3
1
1
1
3
0
3
1
3
5
1
4
3
1
1
2
2
4
3
4
3
2
3
0
2
1
3
2
1
2
1
3
1
0
4
3
1
0
2
5
3
2
3
2
3
1
0
2
1
1
4
1
2
2
3
3
1
0
4
1
1
1
2
1
3
0
0
2
2
2
2
3
2
5
3
1
2
2
2
5
1
1
4
1
4
2
0
2
2
0
1
0
3
1
3
0
1
0
2
1
3
3
4
0
4
2
1
0
1
2
1
3
2
0
2
4
3
1
2
4
0
2
1
1
3
2
2
1
2
2
2
0
2
3
3
3
0
1
1
1
2
1
2
4
1
0
1
1
0
2
3
1
2
1
3
0
0
2
0
3
5
0
0
0
1
2
2
3
1
2
1
0
3
0
3
1
3
5
1
2
1
1
1
0
2
3
1
2
0
0
0
1
1
1
0
1
4
4
1
1
2
1
1
2
5
0
2
4
1
3
0
0
5
1
3
2
1
2
3
3
2
1
0
1
2
3
0
2
0
2
0
2
4
4
0
2
1
1
3
1
4
3
2
0
0
0
4
0
3
1
3
3
1
1
5
0
1
4
0
0
2
3
3
4
5
2
0
1
0
3
1
1
3
2
4
0
1
2
9
4
1
7
1
2
0
2
1
1
2
1
2
1
2
1
3
3
1
0
0
2
1
4
2
1
1
2
0
1
1
0
1
2
2
3
2
2
4
1
0
3
3
0
2
1
1
0
2
0
3
1
2
2
4
3
2
5
2
0
1
2
1
2
5
0
2
2
1
0
5
3
0
0
1
0
1
1
2
4
2
3
3
1
1
3
1
1
2
1
0
3
0
1
1
2
2
0
2
0
1
0
2
1
2
6
2
3
2
1
0
1
1
1
1
0
2
1
2
1
2
2
2
3
1
5
1
1
0
3
0
0
1
4
2
1
3
1
2
3
1
0
2
1
0
2
2
3
4
0
0
1
1
0
2
5
3
3
4
3
1
1
2
0
2
1
2
0
2
1
3
1
1
3
1
0
4
1
0
0
0
1
0
6
1
2
4
0
1
1
0
0
3
1
4
0
4
2
1
1
1
3
0
1
0
3
1
1
0
1
3
0
2
2
2
0
2
1
1
0
0
1
4
1
2
2
3
1
3
1
2
0
0
2
2
5
0
4
3
1
0
1
0
1
1
1
1
3
1
0
0
0
0
1
4
4
1
1
0
0
2
2
0
1
1
2
0
1
2
3
0
2
0
3
1
4
0
2
1
2
1
3
1
0
2
2
1
1
1
2
2
0
0
1
0
4
0
0
5
2
0
2
4
2
3
1
0
2
1
3
0
1
1
0
2
2
0
0
2
1
1
1
1
1
0
2
1
1
1
3
0
1
0
1
1
1
0
2
0
4
2
0
0
1
1
3
2
4
3
2
0
1
2
2
2
0
1
0
1
1
2
0
2
3
1
1
2
1
1
1
1
2
3
1
1
1
1
2
1
4
1
0
0
1
0
2
3
1
1
0
1
1
2
1
3
3
4
0
2
1
2
1
0
1
2
2
1
1
3
0
3
1
4
2
2
1
2
1
2
0
1
0
1
0
1
0
0
0
2
2
1
1
0
1
0
1
0
0
1
0
2
1
3
1
2
2
3
2
0
0
2
1
0
0
1
1
1
0
1
0
0
1
3
1
1
0
2
1
1
1
0
2
1
3
1
1
0
3
2
0
0
1
0
2
2
0
3
1
1
0
2
1
1
1
1
0
2
0
1
0
0
0
1
1
2
2
1
2
4
1
0
0
1
3
1
0
2
2
1
5
2
2
1
2
2
1
1
1
2
1
0
0
1
2
0
2
2
0
0
1
1
0
0
3
2
0
2
1
1
2
2
1
1
1
2
1
2
0
2
1
3
1
1
0
2
2
0
1
2
1
2
0
1
0
0
1
0
3
2
1
1
2
3
1
0
3
0
1
0
1
0
1
2
1
2
3
1
2
2
1
0
1
3
0
1
1
0
0
2
2
0
1
2
0
1
1
2
0
0
3
0
0
0
4
0
1
1
2
1
3
0
0
0
2
0
2
2
0
0
0
1
1
2
2
2
1
1
0
3
0
0
0
2
1
0
1
2
3
1
0
1
0
1
3
2
1
1
1
1
0
1
1
0
1
2
0
1
1
1
2
2
1
0
0
3
3
2
0
1
2
0
1
1
2
0
0
1
1
0
1
4
0
3
2
0
1
1
1
1
1
1
2
1
1
2
0
2
1
1
0
1
3
0
1
0
0
0
1
3
1
0
1
0
0
1
1
2
2
1
1
2
4
2
0
1
1
0
1
1
2
2
0
0
1
2
3
1
1
1
1
3
1
0
2
3
1
0
0
0
2
2
0
2
0
0
0
1
0
0
3
1
2
0
2
1
0
2
0
2
0
2
3
1
0
1
1
1
0
0
1
1
2
0
0
2
1
0
2
0
2
1
2
1
1
1
0
1
0
0
0
3
0
1
1
1
3
2
0
0
2
0
0
0
1
1
1
4
1
0
1
1
3
2
1
0
0
1
1
1
0
1
0
2
0
0
2
0
0
2
0
1
1
1
0
2
1
1
0
2
1
0
0
0
1
0
2
2
1
1
0
0
2
0
0
1
0
1
1
3
1
1
0
1
2
1
0
1
1
1
4
4
4
0
2
1
0
1
1
1
1
0
0
0
0
2
0
0
1
0
2
2
0
1
1
1
0
2
0
0
1
2
1
0
1
2
0
0
1
1
1
0
2
3
0
0
1
1
0
0
0
0
2
3
1
0
3
1
1
2
1
0
1
2
1
0
2
2
0
1
0
0
1
1
0
1
1
1
0
2
1
0
1
1
1
0
2
0
4
0
0
1
1
0
1
1
3
0
0
2
1
3
1
1
0
1
1
3
2
3
0
0
0
1
1
0
1
1
0
2
0
1
1
0
0
3
0
0
2
0
0
2
2
1
0
0
0
3
0
2
1
1
2
1
2
1
0
1
1
3
2
1
1
0
1
2
0
2
0
0
2
1
1
1
3
2
1
1
2
0
3
1
1
1
1
0
1
0
1
1
0
0
1
2
2
1
0
1
0
3
1
1
1
3
1
1
0
1
1
4
0
1
2
1
1
0
1
1
1
0
0
1
1
1
0
1
1
1
0
0
0
1
0
0
3
2
0
1
0
1
2
2
0
3
0
0
0
2
0
1
2
1
0
1
0
3
1
1
1
0
0
0
1
1
1
0
0
0
0
1
1
2
1
0
0
0
1
0
2
1
1
1
1
0
1
0
2
2
2
1
1
2
2
1
1
0
1
0
1
0
0
1
3
0
0
1
0
0
0
1
1
0
0
1
0
1
2
0
1
1
2
1
0
2
0
0
1
0
4
2
1
0
0
1
0
0
0
2
1
1
2
1
0
1
3
1
1
3
2
0
2
0
2
0
1
3
2
2
0
0
0
0
1
0
0
0
2
0
1
1
1
0
2
1
0
1
2
1
0
0
0
0
2
5
1
1
1
1
1
2
2
2
4
0
0
0
2
2
1
0
0
0
0
0
0
0
2
2
0
1
0
0
0
0
1
1
1
2
0
0
0
1
0
0
2
0
0
1
0
2
2
0
1
0
3
0
1
0
0
2
1
0
0
3
2
1
3
0
0
1
1
0
0
0
2
0
1
0
0
1
1
0
0
2
0
2
0
0
0
0
1
1
1
1
3
1
0
1
0
3
2
0
0
0
0
0
3
1
0
2
0
0
0
0
0
0
1
2
0
1
2
0
0
0
0
3
2
1
0
1
1
1
1
0
1
0
2
0
1
3
0
0
1
0
1
1
2
0
2
1
1
1
0
1
2
0
1
0
0
2
1
1
1
0
0
0
1
0
0
1
1
0
0
1
2
3
2
1
0
2
0
0
1
1
0
2
0
0
1
1
0
0
0
0
0
0
0
0
0
2
1
1
0
1
0
1
1
1
0
1
0
0
1
0
0
0
1
0
1
2
1
0
0
1
0
0
1
1
1
0
1
0
0
0
0
2
1
0
0
1
0
1
0
2
1
2
0
0
0
0
1
2
1
1
1
0
0
0
0
0
2
0
2
0
1
1
0
1
2
0
0
2
0
0
0
1
0
0
1
0
1
1
0
1
0
1
0
1
0
0
0
2
0
0
0
1
0
1
1
1
1
0
0
0
1
1
1
0
3
2
1
0
0
0
1
1
0
0
0
0
0
0
1
2
4
0
1
0
0
0
0
0
0
0
0
3
1
1
0
0
1
0
1
0
1
0
2
1
1
1
1
1
0
0
1
1
0
0
0
0
0
0
3
0
0
1
0
0
0
2
0
1
0
2
2
1
2
0
1
0
2
0
0
0
1
0
1
0
1
0
1
0
0
1
0
3
0
0
1
1
0
0
0
1
0
1
2
1
0
0
0
1
1
1
0
0
1
0
0
0
1
0
0
1
0
1
0
0
3
1
0
1
1
2
0
0
0
0
2
0
0
1
0
1
2
1
0
0
0
2
1
1
1
2
0
0
0
0
1
1
0
1
0
1
0
1
2
1
0
0
1
3
1
2
2
2
3
0
1
0
0
1
0
0
1
2
2
1
0
0
0
1
0
0
0
0
0
0
1
0
0
1
0
0
2
0
0
0
3
3
2
1
1
1
4
2
0
0
0
0
0
1
0
0
1
0
3
2
0
0
0
1
0
0
0
1
0
1
1
0
0
1
1
3
1
2
0
0
2
2
1
1
1
0
0
0
0
0
2
0
1
0
2
0
0
0
1
2
1
0
1
0
1
0
1
0
1
0
1
0
0
0
2
0
0
0
0
0
0
1
1
2
1
1
0
0
1
2
0
0
0
1
2
1
0
2
1
1
2
1
0
2
0
2
1
0
0
1
0
0
1
0
0
0
0
0
0
0
2
1
1
1
1
0
0
1
1
0
1
1
0
3
0
0
1
1
2
1
1
1
0
2
0
0
1
2
1
0
0
1
2
0
0
0
2
2
0
0
0
0
2
1
1
0
2
2
0
1
2
2
0
0
1
0
1
1
2
1
0
2
2
0
0
0
0
0
1
0
0
1
0
1
0
1
1
3
1
0
1
0
0
1
1
1
1
0
0
0
1
0
1
0
1
0
0
0
0
3
0
1
1
1
2
1
1
0
1
1
1
1
5
2
2
0
1
1
1
0
0
1
0
1
1
2
1
1
1
3
0
1
1
1
1
2
1
1
0
2
0
1
3
1
0
0
4
2
1
0
1
1
1
1
1
0
0
0
3
0
1
1
0
0
2
0
2
0
1
2
1
1
2
0
2
0
1
0
0
1
1
0
1
1
0
0
0
0
1
1
1
0
0
0
0
2
2
0
1
0
0
1
0
3
2
0
0
2
2
1
1
1
0
2
2
0
1
1
0
0
1
0
1
0
1
1
3
0
1
2
0
0
4
0
1
0
2
3
1
0
1
0
1
1
3
0
0
3
0
0
1
1
4
2
1
0
0
0
1
0
0
1
1
0
0
0
1
0
1
0
0
0
1
1
2
0
0
0
0
1
1
1
1
1
1
1
0
0
1
0
1
2
1
3
0
0
2
0
2
1
0
1
0
0
1
2
1
0
1
0
0
0
0
0
1
1
0
0
2
0
3
2
0
1
1
0
0
0
1
0
2
2
0
0
1
2
0
1
2
1
1
0
0
0
0
1
0
0
1
1
0
0
1
0
2
1
0
0
0
0
2
0
1
0
0
3
4
0
0
1
1
1
0
2
0
2
1
0
1
2
0
0
1
0
0
1
1
0
1
3
2
0
1
0
0
0
0
2
1
0
1
1
1
0
0
0
1
1
0
0
0
1
0
0
0
0
0
0
0
0
2
0
1
1
0
2
2
0
0
0
1
0
0
0
1
1
0
0
0
1
0
0
0
0
0
0
1
0
0
0
0
0
0
0
0
0
1
1
1
0
1
0
0
1
0
1
1
0
1
0
0
0
0
2
0
1
1
1
0
0
0
0
0
0
0
0
0
0
2
1
0
2
0
0
0
0
0
0
0
0
0
1
0
0
0
0
0
0
0
0
0
0
0
0
1
0
1
0
2
1
0
0
0
0
0
0
1
0
0
0
0
0
2
0
1
0
1
0
0
0
1
0
1
0
0
0
1
0
0
0
0
0
0
0
0
1
2
0
1
0
1
0
0
0
0
1
0
0
0
0
0
0
0
0
0
0
1
0
0
1
0
0
0
0
0
1
0
0
0
0
0
1
0
0
0
1
0
0
0
0
1
0
0
0
1
0
0
0
0
0
0
1
0
0
0
0
0
0
0
0
2
0
2
0
0
0
0
0
0
0
1
0
1
1
0
0
0
0
0
0
0
1
0
0
0
0
0
1
0
0
0
0
0
0
0
0
0
0
0
0
0
1
1
0
0
0
0
0
0
0
0
0
0
0
0
0
0
0
0
0
0
0
0
0
0
0
0
0
0
1
1
0
0
1
0
0
0
0
0
1
0
1
0
1
0
0
0
0
0
1
0
0
0
1
0
0
0
1
1
1
0
1
0
0
0
0
2
1
0
0
0
0
1
0
0
0
0
0
1
1
0
0
0
1
0
0
1
0
0
0
0
0
0
0
0
0
0
0
0
0
0
0
0
0
0
0
0
0
0
0
0
0
0
1
0
1
1
0
1
1
0
0
0
1
0
0
0
0
0
0
0
0
0
0
0
2
0
1
0
0
0
0
1
0
1
0
0
0
0
0
0
0
1
0
0
0
0
1
1
1
0
0
1
0
0
0
1
0
0
0
0
0
0
0
0
1
0
1
0
0
0
0
0
2
0
0
0
0
0
0
1
0
0
0
0
2
0
0
0
1
0
0
0
1
0
0
0
0
0
0
1
1
0
0
0
0
0
0
0
0
2
0
0
1
0
0
0
1
0
0
0
0
0
0
0
0
0
1
0
0
0
0
0
0
1
0
0
0
0
2
1
1
0
1
0
1
0
1
0
1
0
1
0
2
0
0
0
0
0
0
0
0
0
0
0
0
0
0
0
0
1
0
1
1
0
0
0
0
0
0
0
0
0
0
0
0
1
0
0
0
1
0
0
0
0
0
0
0
0
0
0
0
0
0
0
0
0
0
0
0
0
0
0
1
0
1
0
0
0
0
0
0
0
0
0
0
0
0
1
0
0
0
0
0
1
0
0
0
0
0
0
0
0
0
0
1
0
0
1
0
0
0
0
1
0
0
1
0
0
2
0
0
0
1
0
0
0
0
1
0
0
0
0
0
0
0
0
0
0
0
0
0
0
0
0
0
2
1
0
0
0
0
0
0
0
1
0
0
0
0
0
0
0
0
0
0
0
0
0
0
0
0
0
1
0
0
0
0
0
0
0
0
0
1
0
0
0
0
0
0
0
0
0
0
0
0
0
0
0
1
0
0
0
0
0
0
0
0
1
0
0
0
0
0
0
0
0
1
0
0
0
0
0
0
0
0
0
0
0
0
0
1
0
0
0
0
0
0
0
0
0
0
0
0
0
0
0
0
0
0
0
0
0
0
0
0
0
0
0
0
0
0
0
0
0
0
0
0
0
0
0
0
0
1
0
0
0
0
0
0
0
0
0
0
1
0
0
0
0
0
0
0
0
0
0
0
0
0
0
0
0
0
0
0
0
0
0
0
0
0
0
0
0
0
0
0
0
0
0
0
0
0
0
0
0
0
0
0
0
0
0
0
0
0
0
1
0
0
0
0
0
0
0
0
1
0
0
1
0
0
0
0
0
0
0
0
1
0
0
0
0
0
0
0
0
0
0
0
0
0
1
0
0
0
0
0
0
0
0
0
0
0
0
0
0
0
0
0
1
0
0
0
0
0
0
0
0
0
0
0
1
0
0
0
0
0
0
0
0
0
0
0
0
0
0
0
0
0
0
0
0
0
0
0
0
0
0
0
1
0
0
0
0
2
0
2
3
2
2
2
3
2
0
3
0
2
4
3
1
1
2
1
1
3
3
1
3
1
1
2
2
1
3
3
1
2
2
2
2
0
2
2
1
6
1
2
4
2
3
0
1
5
1
1
1
0
3
2
1
0
2
3
1
1
2
2
0
4
2
2
1
2
2
3
2
0
1
1
2
3
6
1
0
4
2
5
3
3
2
1
2
0
1
4
0
3
5
2
0
2
3
5
3
0
0
0
0
1
2
4
1
2
4
1
0
2
1
1
1
2
2
1
2
3
1
1
1
0
2
2
