0
0
0
0
0
0
0
0
0
0
0
0
0
0
0
0
0
0
0
0
0
0
0
0
0
0
1
0
0
0
0
0
0
0
0
0
0
0
0
0
0
0
0
0
0
0
0
0
0
0
0
0
0
1
0
0
0
0
0
0
0
0
0
0
0
0
0
0
0
1
0
0
0
0
0
0
0
0
0
0
0
0
0
0
0
0
1
0
0
0
0
0
1
0
0
0
1
0
0
0
0
0
0
0
1
1
0
0
0
0
0
0
0
0
0
0
0
0
0
0
0
0
0
0
1
0
0
0
1
0
0
0
0
0
0
1
0
0
0
0
0
0
0
0
0
0
0
1
1
0
0
0
0
0
0
0
0
0
1
0
0
0
1
1
27
86
185
292
348
316
337
332
329
305
286
329
290
300
281
303
286
275
271
267
266
252
232
237
270
226
253
227
208
223
233
225
203
167
201
201
228
209
224
162
197
169
176
171
178
197
161
171
182
185
172
143
159
154
158
157
170
188
174
173
157
158
149
144
143
160
145
137
167
158
146
138
165
142
142
141
154
163
142
143
151
133
149
149
134
147
170
150
132
156
154
140
154
154
145
144
162
153
148
156
127
157
157
155
148
141
143
133
140
139
140
155
129
138
159
168
162
132
135
134
149
167
145
145
130
141
140
143
157
159
154
152
144
149
149
158
148
138
151
136
148
132
145
134
150
154
158
158
162
146
130
145
184
123
174
156
139
157
159
126
158
156
127
146
154
137
168
167
180
158
162
153
155
141
160
150
150
143
132
178
127
151
157
153
134
138
169
157
157
171
137
142
147
169
156
146
148
156
153
146
163
140
175
159
165
179
145
151
136
165
166
169
153
143
175
150
169
174
156
149
161
152
163
144
143
157
153
155
168
151
159
180
151
171
133
169
164
151
164
168
147
151
170
171
179
176
140
153
155
144
180
147
170
167
161
153
146
165
137
124
170
154
139
165
154
181
155
163
158
166
153
142
167
174
156
139
154
157
157
167
175
180
143
153
174
170
174
156
151
148
168
157
151
154
152
147
162
164
146
150
158
166
159
155
133
150
137
163
161
161
171
163
166
184
172
170
149
150
152
142
177
153
151
176
154
131
163
146
176
172
141
146
149
147
143
139
149
150
183
122
128
174
172
170
156
151
167
153
167
137
178
159
158
160
166
159
156
176
154
170
176
148
160
175
151
157
198
157
157
182
171
163
158
158
183
158
157
154
175
161
181
165
148
155
131
155
140
145
175
157
160
169
174
158
156
159
142
182
187
157
157
154
160
177
163
178
147
154
170
167
169
142
158
153
192
175
151
160
139
151
166
175
171
175
182
151
163
161
160
175
171
169
157
163
175
162
169
149
143
182
182
170
183
130
191
173
153
167
152
171
183
149
158
175
166
171
181
159
154
174
178
170
160
174
172
164
184
161
175
177
166
171
181
174
139
168
171
148
185
155
174
167
161
159
196
197
175
160
156
157
192
170
141
154
164
182
160
146
167
179
179
156
175
189
164
171
172
193
154
191
186
173
154
173
177
164
166
162
195
164
183
173
168
190
168
157
159
176
186
164
166
175
172
159
189
191
167
159
156
169
174
203
183
169
172
173
177
180
159
173
187
182
171
186
182
215
194
193
158
179
182
191
189
202
164
163
202
168
190
173
193
163
175
163
168
187
178
177
175
190
183
187
151
178
176
192
165
194
168
203
179
195
181
202
164
178
163
201
172
175
149
207
162
170
193
194
186
185
169
168
149
172
183
169
204
166
181
162
178
162
168
197
186
178
184
186
186
164
173
185
186
170
192
188
177
160
194
195
184
205
172
163
195
166
169
162
184
162
176
164
184
190
168
185
189
202
187
156
159
161
192
189
167
178
194
175
181
172
214
183
184
174
186
190
212
203
171
169
182
214
200
192
205
190
200
184
179
197
190
189
221
210
197
180
179
174
181
188
194
171
186
194
179
184
202
186
192
194
224
184
209
207
194
181
190
186
184
202
203
202
194
188
213
206
209
188
201
186
206
215
202
194
199
203
220
202
215
185
173
215
227
174
173
187
205
204
197
183
212
202
235
192
202
243
204
220
204
207
213
196
195
198
210
223
207
180
212
246
222
205
212
206
220
212
231
203
224
233
215
222
205
206
195
210
206
202
198
259
207
240
248
211
224
217
242
216
224
227
227
222
243
218
246
218
221
234
224
209
224
248
222
239
221
235
255
244
240
225
248
256
238
226
237
215
223
225
225
215
233
249
270
235
241
252
247
246
277
253
243
248
235
288
245
231
262
247
250
255
229
280
254
237
260
276
257
252
238
259
232
269
237
292
270
266
257
238
256
256
262
273
264
272
279
251
261
246
258
255
243
300
236
273
289
272
295
268
303
244
277
259
241
235
273
249
256
309
264
290
264
270
260
255
251
276
301
294
266
244
275
271
260
253
243
239
264
259
230
271
279
249
268
281
259
257
277
255
251
275
257
270
249
245
249
249
254
239
268
256
227
242
243
255
268
256
257
246
241
218
246
255
275
227
245
220
265
240
259
247
229
258
244
260
245
248
243
235
227
249
251
263
241
230
235
232
229
256
220
233
221
225
232
221
218
244
250
240
227
220
243
240
247
220
236
235
224
208
238
239
250
228
229
225
242
200
211
202
241
233
238
215
210
222
210
225
246
221
225
235
236
228
197
221
227
240
223
192
185
226
186
218
264
206
211
214
211
210
209
201
208
198
215
196
199
216
209
172
248
217
221
183
211
230
210
211
198
216
219
184
193
191
173
226
222
190
220
183
183
192
207
207
217
195
234
185
184
207
197
224
198
187
193
195
196
191
218
213
212
194
206
210
210
193
209
195
200
191
172
223
182
189
196
209
185
175
185
220
208
194
195
187
208
212
190
198
208
201
189
195
202
175
181
214
207
188
170
205
212
181
189
181
178
204
173
180
174
187
198
184
174
188
212
176
160
199
175
211
181
185
163
190
186
179
154
158
160
173
181
181
168
205
163
175
195
167
205
182
171
181
180
173
196
191
209
154
162
170
157
171
182
190
198
183
167
170
195
178
176
172
190
153
170
202
168
148
168
148
173
173
174
183
153
180
178
181
168
164
168
157
199
173
169
167
161
194
170
174
189
178
179
177
168
167
181
144
143
168
185
138
174
153
161
153
162
156
164
149
159
157
176
167
169
165
147
154
168
170
180
167
141
173
159
205
156
164
175
155
173
174
180
156
170
161
169
164
146
136
170
158
189
161
160
151
159
154
164
139
128
148
173
141
155
163
162
158
176
161
163
170
158
159
161
163
149
150
180
128
163
167
168
159
152
153
181
165
165
161
152
169
179
167
156
160
164
145
142
167
155
165
157
146
133
168
157
183
134
157
171
173
155
155
149
160
140
160
166
142
138
156
161
136
149
166
162
145
143
178
152
153
169
151
154
138
151
124
144
152
147
137
149
133
152
151
157
150
163
123
152
147
140
139
157
141
153
184
169
168
156
145
161
165
146
166
143
163
134
135
147
153
129
146
147
170
153
184
130
136
157
139
141
151
147
156
163
143
141
136
137
140
152
139
143
132
160
151
148
149
147
141
164
121
147
160
151
141
127
138
142
129
128
156
140
136
129
123
152
172
132
137
110
126
129
119
127
150
129
126
140
136
159
138
122
129
149
132
148
144
123
136
134
139
140
125
108
150
127
135
147
128
152
147
150
129
147
151
154
146
148
134
117
125
141
152
143
142
152
134
138
132
138
140
149
136
128
139
136
118
167
143
128
129
134
142
132
126
126
116
131
126
138
146
134
137
139
137
141
147
156
143
127
147
131
140
133
139
145
134
139
136
133
146
134
123
134
138
154
138
132
123
135
139
148
134
122
134
160
126
131
130
134
143
160
124
136
154
138
128
134
114
131
146
143
165
140
145
143
117
144
130
139
140
150
127
134
131
148
139
155
127
123
136
154
118
132
142
157
136
131
135
157
117
137
137
130
142
140
120
102
144
155
141
133
114
136
135
148
120
152
140
122
136
108
135
131
134
117
117
138
134
131
142
112
125
128
141
140
139
128
128
137
140
141
123
116
123
132
115
154
132
134
136
147
126
138
127
132
122
128
153
143
148
101
116
128
123
132
137
147
114
135
127
122
139
122
143
138
145
110
151
133
157
113
133
128
147
137
127
115
133
134
129
142
133
126
152
139
116
127
133
103
132
153
131
125
132
149
127
128
130
122
127
126
114
134
114
129
140
151
108
130
127
130
122
134
133
121
95
124
137
132
122
140
121
134
127
138
136
136
138
136
138
116
115
128
126
145
141
133
145
136
131
143
116
121
111
120
132
129
155
119
134
124
119
116
133
121
114
129
124
157
135
136
111
153
127
135
145
136
133
123
120
135
110
118
120
144
103
159
121
124
110
132
149
124
137
108
118
127
123
145
130
143
120
110
128
135
134
149
123
145
109
126
127
125
140
119
132
145
107
110
152
126
145
107
121
122
133
129
143
117
129
132
128
122
120
146
121
122
133
132
136
124
123
125
140
134
116
133
126
121
112
128
132
116
139
128
137
127
123
124
119
125
122
132
131
147
124
114
112
138
133
126
122
117
117
124
125
118
114
124
143
124
152
111
132
125
145
129
137
170
97
129
128
128
144
155
122
121
108
135
143
137
144
135
119
120
155
116
120
143
119
126
171
152
129
147
124
123
110
146
131
128
151
124
150
118
146
129
146
115
149
119
138
144
123
131
123
122
134
147
133
132
122
139
117
131
119
132
142
140
142
128
132
136
118
124
131
144
126
110
116
150
125
135
140
139
127
134
117
115
126
141
131
135
136
140
137
143
134
120
135
130
118
125
134
133
138
135
119
147
139
135
134
141
145
129
106
130
124
128
148
137
138
126
129
139
140
136
115
123
131
122
115
126
117
111
144
142
141
135
117
133
121
137
116
134
127
131
129
122
134
147
116
115
127
116
144
156
131
130
131
122
139
132
105
151
148
123
137
134
120
146
146
130
129
152
122
130
134
124
134
127
141
133
133
116
126
117
110
125
117
134
133
130
124
124
142
125
128
127
138
127
120
125
132
117
133
120
128
103
126
125
132
115
114
156
111
115
113
128
139
130
131
121
115
133
128
124
125
145
126
110
131
136
129
136
134
140
143
128
117
123
141
111
140
120
131
118
121
134
124
121
120
130
113
129
129
114
121
141
154
124
129
104
135
121
115
115
136
140
128
117
127
124
143
111
119
131
133
142
125
156
136
107
133
115
133
123
118
125
127
119
133
121
121
106
113
149
94
134
123
134
135
103
109
109
125
130
138
124
124
105
115
136
133
124
117
129
129
107
141
122
124
109
116
124
134
118
115
132
113
119
98
131
138
101
109
93
125
121
99
111
116
115
101
100
135
129
111
125
123
127
120
111
112
115
115
116
112
131
110
107
115
121
105
120
129
90
115
106
115
92
120
135
114
121
118
102
85
133
101
101
109
103
102
139
114
129
104
101
106
91
111
116
101
102
98
110
94
113
102
99
107
102
103
102
84
88
103
98
86
102
96
82
111
106
93
101
96
100
112
106
82
81
94
100
82
101
79
95
106
83
104
88
81
77
79
93
101
122
102
94
72
68
84
99
74
79
97
74
74
90
88
75
95
103
105
96
91
81
79
96
83
97
77
83
71
77
82
90
95
77
81
72
76
93
75
77
85
69
66
71
80
71
63
67
59
49
71
74
77
58
56
81
60
57
77
59
71
83
71
71
50
70
61
56
65
62
72
79
64
64
51
72
66
77
51
69
66
70
50
56
62
62
63
59
60
60
66
77
57
58
55
56
49
60
43
67
63
42
52
59
66
52
60
62
54
53
52
60
59
49
50
47
43
48
54
56
46
41
57
59
41
45
49
38
67
58
65
54
58
49
45
61
43
42
41
40
45
57
53
49
41
50
39
34
52
47
54
46
58
45
47
43
40
46
45
43
49
48
46
32
51
46
42
42
43
57
45
45
47
41
36
46
53
42
41
49
45
37
47
31
27
44
43
37
43
39
41
29
37
44
39
40
31
31
40
40
38
44
36
38
49
39
49
33
35
40
27
35
40
31
35
40
43
42
40
39
45
44
45
31
26
40
41
35
41
37
41
36
37
45
40
35
33
33
28
29
39
42
36
31
40
39
29
34
32
35
39
36
36
38
40
31
30
40
33
31
30
32
31
38
36
33
30
31
37
44
37
34
20
37
30
47
20
30
30
32
34
25
27
29
52
34
36
25
36
40
41
34
28
30
31
36
33
25
32
27
39
32
44
28
33
29
33
32
26
29
21
32
31
31
40
37
33
30
32
31
27
36
29
31
36
27
35
28
22
30
31
31
34
30
26
23
41
23
30
19
26
31
26
32
24
34
27
27
27
32
24
37
19
29
23
28
32
38
38
28
34
35
21
38
18
30
31
26
26
26
28
34
32
29
34
22
36
22
21
30
23
30
16
32
28
31
25
25
24
24
25
32
24
25
40
33
32
24
32
33
23
25
33
25
31
28
30
38
24
23
25
23
23
26
25
21
31
39
29
27
34
20
32
27
32
23
25
32
25
25
32
28
27
27
28
20
21
32
25
33
29
26
27
23
18
37
24
32
23
20
29
39
26
30
31
30
30
31
31
26
33
29
22
34
29
31
27
30
30
28
15
27
20
39
26
32
27
23
25
38
26
23
30
27
33
20
21
25
27
30
28
27
21
31
41
22
19
28
31
33
29
35
26
27
25
26
29
27
22
27
25
23
35
38
30
43
22
29
28
28
36
42
18
32
31
32
23
30
21
31
20
35
27
22
20
43
30
24
35
31
28
29
27
28
39
23
23
36
29
24
30
27
34
23
33
29
27
22
28
40
29
30
31
34
36
30
40
36
26
31
35
25
27
34
34
33
33
33
28
35
37
44
36
36
40
39
33
27
31
29
32
31
32
43
37
43
40
42
31
23
26
38
37
34
38
47
40
38
35
43
35
28
41
47
39
28
41
32
25
48
41
43
41
44
39
39
34
45
40
43
37
44
40
27
35
38
46
51
42
44
48
51
45
44
35
39
36
40
31
61
45
43
37
51
51
47
43
53
60
43
44
56
33
50
40
49
38
38
35
46
73
36
50
56
58
55
50
50
50
61
52
64
68
63
45
55
67
49
57
50
54
62
56
65
68
70
45
52
65
66
60
73
51
56
51
62
71
83
67
61
67
54
55
83
60
64
67
72
63
73
67
61
75
76
73
83
73
72
70
81
78
87
73
89
80
70
83
89
90
80
84
110
85
88
108
99
86
94
80
107
87
91
94
87
91
90
100
100
102
97
112
111
115
111
108
107
117
111
109
96
105
134
104
123
113
133
121
129
117
119
134
105
130
138
108
121
134
134
127
114
129
127
144
118
122
140
147
143
163
134
148
159
146
169
155
160
157
164
169
171
188
175
161
180
160
173
184
181
156
159
195
165
205
202
178
186
176
209
191
191
207
198
225
207
245
226
217
208
221
239
254
196
227
246
250
223
243
233
246
250
245
278
269
237
288
271
295
258
277
253
285
304
271
313
284
255
295
297
303
288
291
261
344
303
301
301
310
308
335
318
321
322
326
337
358
313
361
374
359
332
341
407
390
366
394
400
383
362
378
414
401
427
409
410
431
406
463
398
408
407
413
450
423
440
440
418
438
430
465
457
454
468
425
462
473
467
474
494
444
469
504
488
474
525
499
500
552
558
521
542
517
518
533
507
517
549
529
512
546
570
562
512
548
575
558
551
587
598
547
573
604
626
628
592
582
594
597
608
621
634
612
572
600
670
633
640
654
683
679
663
656
671
634
682
643
644
692
642
675
703
656
677
644
647
650
648
741
674
694
659
657
695
740
737
710
732
709
703
667
751
683
733
704
730
703
738
685
714
743
693
736
726
692
747
711
679
699
711
716
727
730
707
698
723
695
721
774
716
708
763
734
693
712
699
708
673
674
715
727
700
737
634
699
703
684
687
692
715
682
734
707
696
684
681
682
663
686
701
682
690
716
699
627
671
640
683
645
645
673
641
627
718
650
666
627
632
644
680
633
611
641
606
635
649
608
618
577
584
605
601
583
613
587
588
577
533
535
562
579
532
609
537
564
535
486
532
571
522
528
514
544
509
468
512
443
520
503
517
495
497
473
488
417
494
529
430
472
404
459
436
440
457
442
415
418
404
386
410
407
398
389
395
373
367
379
364
363
385
366
304
386
376
371
333
352
331
338
320
313
306
325
274
316
287
324
272
270
288
296
260
276
260
272
275
275
229
265
237
238
230
228
246
235
230
238
218
210
213
213
221
194
210
181
178
202
180
181
197
184
186
169
164
162
180
174
161
177
146
172
146
172
118
139
158
151
124
98
137
109
132
121
114
134
116
118
106
122
120
90
91
111
97
98
98
98
95
96
89
97
85
93
73
65
61
86
69
73
86
84
76
71
75
70
57
64
63
60
66
43
61
52
58
53
55
50
44
45
41
34
43
50
63
37
42
52
41
33
36
40
34
39
34
34
40
33
34
39
30
44
33
35
32
27
26
29
32
22
32
20
21
25
34
19
21
27
14
16
19
24
13
21
15
27
18
22
17
23
17
15
17
20
21
18
17
13
13
16
15
16
17
8
19
18
13
7
8
8
7
15
9
9
12
13
7
9
12
13
13
13
10
7
10
13
9
6
11
7
7
4
7
5
15
8
6
7
11
10
8
6
6
11
6
8
11
10
3
11
3
4
2
9
11
10
6
8
8
5
8
10
7
4
4
4
2
4
8
6
2
11
2
13
2
7
5
5
7
8
4
5
6
3
2
7
4
3
6
5
5
4
6
8
4
3
8
6
5
2
5
3
2
7
8
2
6
6
5
7
5
3
7
5
5
4
3
5
10
6
10
4
15
2
7
4
6
4
10
5
5
7
4
3
4
5
6
6
5
6
3
5
3
7
5
6
2
5
3
5
4
5
10
5
6
5
3
5
3
4
4
9
4
7
5
2
8
7
0
4
9
6
5
4
3
3
5
2
3
7
3
2
6
4
2
4
7
5
5
3
2
6
4
3
4
3
6
5
2
4
4
5
4
4
3
3
4
3
4
5
2
4
7
3
6
5
4
2
4
3
2
2
4
2
4
4
4
5
6
3
4
1
4
2
6
7
6
3
5
2
2
3
4
3
7
6
2
2
5
3
2
6
4
5
4
5
2
5
8
1
6
2
5
3
1
3
5
6
2
5
4
8
5
7
5
2
7
4
4
2
3
2
5
5
8
4
4
7
4
5
6
2
7
0
5
3
3
3
6
6
5
2
2
3
4
0
5
5
4
1
3
2
7
4
4
6
4
2
3
3
2
5
5
1
1
1
1
1
3
4
3
0
4
3
5
5
4
0
2
1
7
3
3
3
6
6
5
4
5
3
2
5
3
6
1
1
4
3
2
4
2
3
4
2
4
3
2
7
7
1
3
6
6
1
6
2
4
5
3
2
2
8
4
7
7
1
1
4
3
4
4
5
4
1
3
7
1
5
7
4
5
3
3
1
0
4
6
8
3
2
3
4
4
4
3
3
3
5
5
3
6
0
2
4
2
5
6
1
3
5
3
5
6
1
6
4
2
4
2
4
3
5
5
2
3
2
1
4
6
4
1
4
2
4
2
3
3
3
5
2
6
4
6
7
3
5
4
4
2
4
7
4
3
2
4
4
6
4
2
3
8
7
3
0
4
0
2
3
2
6
2
4
4
2
1
5
5
0
3
0
3
2
1
6
6
1
4
3
3
4
5
3
3
4
2
3
4
2
3
1
4
4
1
4
3
1
3
4
4
5
2
5
4
6
2
4
3
0
2
3
2
5
5
4
3
7
2
4
6
1
4
1
6
1
7
5
1
4
4
2
2
6
7
1
4
1
4
5
2
3
2
4
5
3
5
2
3
6
2
3
3
3
3
4
7
2
0
3
2
4
2
3
4
5
1
3
2
4
5
2
6
5
3
3
6
5
2
6
1
3
5
3
6
1
1
3
4
1
1
2
1
1
2
3
4
5
2
6
3
2
1
1
2
3
5
2
3
4
2
1
3
3
8
3
3
2
4
3
3
5
4
3
3
3
4
4
6
5
6
1
5
2
7
4
3
2
4
7
2
5
2
2
3
1
8
4
6
4
2
4
5
4
0
3
4
6
0
3
6
2
1
6
4
2
5
4
6
3
3
4
3
2
1
2
1
4
3
5
3
7
7
3
3
3
3
6
1
4
3
2
3
1
3
1
3
1
2
4
3
4
5
4
1
4
2
0
1
3
0
1
4
5
0
5
1
2
2
2
0
6
0
2
1
0
4
5
2
3
1
2
6
5
3
5
2
4
3
5
6
3
2
6
4
1
1
3
0
8
2
2
3
4
1
3
3
6
3
4
2
2
3
3
2
3
3
5
3
3
2
2
3
0
4
2
5
3
2
4
5
1
1
3
1
1
5
8
5
1
1
4
4
5
4
2
2
3
2
4
2
2
3
1
4
1
4
3
4
5
3
7
2
2
3
0
1
1
2
3
1
4
5
4
3
3
2
3
2
3
6
3
3
2
0
1
4
4
1
2
2
4
4
2
1
2
5
2
4
2
1
4
0
2
1
3
6
1
4
5
2
2
3
1
3
1
4
1
4
1
2
1
3
3
0
2
2
5
2
5
3
1
4
4
3
2
5
3
4
2
1
3
5
3
3
1
0
1
3
2
4
4
1
1
1
0
1
2
2
0
3
5
3
3
3
5
2
1
3
3
3
4
1
1
3
1
4
4
4
5
2
0
0
3
3
4
2
3
1
0
3
2
3
1
2
4
5
4
0
3
1
2
2
3
3
2
3
0
3
3
6
1
3
3
1
5
3
0
2
8
2
3
2
3
1
1
2
3
4
3
0
2
2
2
2
2
1
2
2
0
4
7
3
2
3
1
0
5
2
3
2
4
4
3
6
1
1
3
3
2
6
3
1
1
2
4
1
4
2
1
2
1
2
4
3
2
2
2
3
3
3
3
1
2
3
3
1
1
5
2
3
0
2
3
1
0
2
2
3
2
3
1
2
3
2
1
3
3
1
2
0
3
0
3
4
4
4
4
1
1
3
2
4
2
0
2
6
0
2
4
1
4
3
5
2
2
1
2
5
1
4
2
0
2
1
2
4
3
5
2
0
3
2
2
1
3
1
2
3
3
3
1
1
1
4
0
2
1
4
1
5
1
1
2
1
1
1
3
3
1
1
5
0
3
0
2
5
0
2
2
0
1
1
1
0
3
1
4
0
2
4
3
2
1
3
3
3
3
3
0
2
3
1
4
2
1
1
3
1
2
0
3
0
3
2
3
2
1
5
3
5
0
2
0
4
2
2
1
3
2
3
1
2
3
2
1
3
0
2
0
2
5
3
3
2
1
4
1
4
3
1
1
3
5
0
1
1
2
1
1
1
0
4
2
2
0
3
2
2
1
0
1
2
4
3
1
1
2
3
0
1
0
3
1
1
3
3
2
2
1
1
2
0
7
3
3
3
1
1
1
2
3
0
2
3
3
4
0
3
3
2
3
4
1
2
2
1
2
2
1
4
3
3
1
3
2
3
0
1
1
2
3
3
3
1
3
4
4
3
2
1
1
1
3
2
1
2
1
1
0
3
3
3
0
1
0
0
0
1
0
0
2
2
3
2
1
0
0
4
2
4
1
2
1
1
0
5
1
1
4
7
0
2
1
3
1
4
2
2
0
0
1
3
1
0
4
0
0
1
0
0
1
0
3
3
2
0
1
2
1
1
4
0
1
1
1
3
2
2
0
2
3
1
4
2
1
3
0
2
3
1
1
2
1
2
3
2
2
0
0
1
3
3
2
1
1
0
1
1
0
2
1
1
0
1
2
0
0
0
0
3
1
0
0
1
0
2
0
1
1
2
2
0
3
2
2
3
1
3
0
1
0
1
2
1
1
3
3
1
0
0
5
0
1
2
1
2
0
4
2
0
2
4
0
2
0
1
4
1
0
1
1
4
1
1
1
1
0
2
1
1
0
3
0
0
1
1
2
3
2
2
1
2
0
4
0
2
2
3
3
0
4
0
1
6
4
2
0
1
1
0
1
1
1
1
1
1
2
2
0
1
1
0
4
2
2
1
0
1
1
4
2
0
3
0
1
1
0
2
3
1
2
2
1
5
2
0
3
4
2
2
3
0
1
2
1
0
0
1
1
2
3
3
4
2
0
4
1
2
1
2
1
3
1
1
4
0
1
0
0
0
2
3
1
3
2
0
0
5
1
2
0
4
3
2
1
0
1
1
1
0
2
1
1
0
2
2
1
4
2
3
0
2
0
1
1
3
1
4
3
2
3
2
2
1
3
2
0
0
4
2
3
2
5
0
0
1
1
2
0
1
3
2
2
1
1
5
3
0
3
0
0
1
2
0
0
0
1
0
2
1
2
1
0
3
1
2
2
1
3
2
2
2
1
1
1
0
1
1
2
2
1
2
1
1
0
1
0
1
4
4
1
1
1
1
1
0
1
0
2
0
3
1
1
1
0
2
0
3
1
0
3
2
1
2
2
1
3
0
2
3
1
3
3
1
1
2
1
1
1
0
1
1
3
2
1
1
3
3
4
1
1
2
1
2
1
2
1
2
3
0
1
1
2
0
2
0
1
0
1
3
1
1
0
0
2
0
0
3
3
5
1
1
0
0
4
5
4
0
1
0
2
1
0
1
1
0
1
0
1
0
0
1
2
1
1
2
2
1
1
2
0
1
1
4
2
3
3
4
1
1
2
4
2
3
2
2
1
1
1
2
1
4
1
1
1
2
3
0
0
0
0
2
3
1
2
1
1
2
1
1
3
0
2
0
3
0
2
1
0
0
2
1
2
1
3
0
2
2
0
2
2
2
2
4
2
2
1
0
1
1
2
3
2
0
0
2
2
0
0
1
2
0
2
3
0
1
0
1
1
0
0
0
0
0
0
2
2
1
5
0
1
1
4
0
3
2
2
0
1
4
0
3
1
1
4
1
1
1
0
3
0
1
0
1
2
2
1
0
2
2
1
0
3
0
0
1
6
2
2
1
4
3
3
1
2
1
0
1
1
0
4
3
2
2
3
2
1
3
1
0
3
2
2
1
2
3
0
0
1
0
2
0
0
0
0
3
0
0
0
2
2
3
1
3
1
0
2
2
1
1
1
1
0
2
0
3
1
1
3
1
0
2
1
3
1
1
1
2
0
1
0
2
0
2
0
0
0
0
1
2
1
1
0
1
1
0
0
3
1
4
0
0
4
2
4
2
2
0
0
1
0
0
2
1
2
1
2
3
0
1
1
2
2
0
0
2
2
1
0
1
3
1
0
0
3
4
0
2
1
1
1
1
2
1
0
1
0
1
1
3
1
1
1
4
1
0
0
1
0
0
1
2
3
1
0
1
1
1
1
1
1
1
5
2
5
1
0
0
2
2
0
1
2
2
2
0
0
1
1
0
2
1
0
0
2
0
2
0
2
0
0
1
0
3
1
0
2
1
1
0
1
1
2
0
0
1
0
1
1
5
1
1
0
2
3
4
0
1
0
1
1
0
1
0
1
1
0
2
3
3
1
0
3
0
1
1
0
0
1
0
1
2
0
0
1
0
0
0
0
2
2
0
0
1
1
1
2
2
0
2
2
4
1
0
0
1
1
2
0
0
1
1
0
3
4
0
0
1
1
0
0
0
1
0
1
0
1
0
1
2
0
0
1
1
1
2
0
2
0
0
0
0
3
1
0
0
1
0
2
0
0
1
1
1
3
1
2
2
1
2
0
0
0
0
1
1
1
0
0
1
0
1
0
4
3
0
0
2
1
0
1
1
1
0
2
1
1
4
0
1
0
2
1
0
0
1
1
0
1
2
1
1
0
2
0
3
1
1
0
0
2
1
0
1
2
1
0
2
0
2
1
1
1
1
1
1
1
1
2
0
0
1
0
2
3
0
2
1
1
3
0
0
1
0
0
2
0
2
1
0
1
0
1
0
0
1
1
2
1
3
0
1
0
1
0
0
0
0
1
2
1
1
1
1
4
0
0
0
0
1
0
1
1
0
0
0
2
1
0
2
0
1
3
0
1
1
0
0
0
0
0
1
0
1
1
2
0
0
2
0
2
1
0
0
3
0
0
2
1
0
0
0
1
2
1
2
0
2
0
0
1
1
2
2
0
0
1
2
1
3
0
1
1
1
0
1
0
1
0
0
0
2
0
1
1
0
0
0
1
1
1
0
0
0
1
0
0
0
0
1
2
0
0
2
1
2
0
1
0
1
0
1
1
1
1
1
2
1
1
2
1
4
1
2
0
0
3
0
2
0
1
1
0
0
0
0
1
0
0
1
1
1
0
0
0
1
1
0
0
2
0
1
0
0
1
0
0
1
0
1
0
1
0
0
1
2
1
0
0
1
2
1
0
0
2
0
0
0
0
2
1
2
0
2
2
0
1
0
1
3
0
2
0
3
2
0
1
0
0
0
0
0
0
1
0
1
1
1
1
1
0
0
0
1
1
1
0
0
0
1
1
1
0
0
0
0
3
1
5
1
1
0
0
2
2
0
2
0
0
0
1
3
0
0
2
1
2
1
1
0
0
0
0
2
0
0
1
0
1
0
0
1
0
1
0
2
0
2
1
0
2
0
3
0
4
2
1
1
3
2
0
0
2
1
0
0
1
0
0
0
0
2
0
1
2
3
0
2
0
1
0
1
1
0
0
1
0
2
2
0
1
0
1
2
2
1
1
1
2
0
0
1
0
3
1
0
1
0
1
1
1
3
0
1
0
2
0
0
0
1
0
2
1
0
1
1
1
1
0
1
2
0
1
0
2
1
0
1
0
0
0
0
1
1
1
1
1
1
2
1
1
2
2
2
0
2
0
0
0
1
1
0
1
1
0
0
0
2
2
0
1
2
0
2
1
1
0
1
0
0
1
2
2
0
0
1
0
1
2
1
1
1
1
0
0
0
3
0
1
1
3
1
1
1
2
0
1
1
2
2
1
2
0
0
0
2
1
3
2
2
1
0
2
1
1
0
0
1
1
0
0
0
3
0
0
2
2
1
0
1
1
2
1
2
1
0
0
2
0
3
0
1
0
2
2
0
2
1
0
1
2
1
0
2
0
2
0
2
0
1
3
3
2
1
1
0
0
0
1
1
0
0
0
3
1
4
3
0
1
1
1
0
2
1
3
0
1
0
0
2
1
1
3
1
3
0
1
0
1
0
1
0
2
1
2
2
1
0
2
0
0
0
1
0
0
0
0
2
1
1
1
0
1
1
0
1
0
0
0
3
2
1
0
1
0
5
1
1
1
2
0
1
1
0
0
2
5
4
0
1
3
0
1
1
1
1
4
1
0
1
2
1
1
2
2
1
0
0
1
1
2
0
1
1
1
0
0
0
0
1
1
0
2
2
0
2
3
3
0
0
2
2
2
1
2
0
0
0
1
1
1
2
0
1
2
3
0
1
2
2
1
1
2
0
2
1
1
2
2
4
4
0
0
2
1
1
1
1
2
1
1
4
1
3
2
2
1
5
0
0
0
0
0
1
1
3
0
2
0
0
0
0
2
1
1
1
2
0
3
2
1
3
2
1
1
0
2
1
3
1
1
1
2
1
0
1
1
0
0
2
0
0
1
2
3
1
0
1
1
0
0
1
1
2
1
0
0
1
2
2
1
1
2
2
3
2
0
3
2
1
1
0
1
2
3
2
1
1
0
2
0
1
1
2
0
1
1
0
1
1
0
2
0
2
0
0
1
0
0
0
0
0
1
0
0
1
1
1
0
0
1
0
1
2
0
0
1
2
2
2
0
3
0
0
0
0
0
1
2
3
0
0
0
1
1
1
1
1
1
0
1
2
0
0
4
1
0
0
2
1
2
2
1
1
4
0
1
0
0
0
0
0
0
1
2
1
1
1
1
0
0
0
2
2
2
2
0
0
0
0
1
2
1
0
0
1
1
0
0
0
0
1
0
1
1
0
0
0
0
0
0
1
0
0
0
1
0
0
1
0
0
2
0
0
0
2
0
2
3
1
1
0
0
0
0
0
0
0
4
0
0
0
0
0
0
0
0
0
1
0
0
1
0
0
0
0
0
0
1
1
0
0
0
0
0
1
1
1
1
0
0
0
0
0
0
0
0
0
1
2
0
1
0
0
0
0
1
1
0
0
1
0
0
0
0
2
0
0
0
1
1
0
1
0
0
1
1
2
2
2
1
0
0
1
0
0
0
1
1
2
0
0
0
0
2
0
0
0
1
0
0
0
1
0
0
0
0
0
0
1
0
0
0
0
1
2
0
0
1
0
0
0
0
0
1
1
0
0
1
1
0
0
0
2
0
1
0
1
1
1
2
1
1
0
2
0
0
0
0
0
0
0
0
0
0
1
0
0
1
0
0
0
1
0
0
1
0
0
0
0
0
0
1
1
0
1
0
0
0
0
0
0
0
0
0
2
0
0
0
1
0
0
1
0
0
1
0
0
1
1
0
0
0
0
2
0
0
0
0
0
0
0
0
0
0
0
0
0
2
0
1
2
0
0
0
1
0
1
1
0
1
0
0
0
1
0
0
0
0
0
0
0
0
0
0
0
0
1
0
0
0
0
1
0
0
0
0
0
2
0
0
0
0
0
0
0
0
1
0
1
1
0
0
0
1
0
0
0
0
0
0
0
0
1
1
2
2
0
0
0
0
1
0
0
0
0
0
1
0
1
0
0
0
0
1
0
0
0
4
1
1
0
0
0
1
0
1
0
1
1
1
0
0
1
0
0
1
1
0
0
0
0
0
0
0
0
0
0
0
0
1
0
1
0
1
1
0
0
0
0
0
0
0
0
0
0
2
0
0
1
0
0
0
1
2
0
1
2
0
0
1
0
0
1
0
0
1
0
0
0
0
0
0
1
2
0
0
0
0
1
0
0
1
0
0
1
0
0
0
0
0
0
0
0
0
0
0
0
0
0
1
1
0
2
1
0
2
0
0
0
1
0
0
0
0
0
0
0
0
1
0
0
0
1
2
0
1
2
0
0
0
0
1
1
0
1
0
0
0
0
0
0
1
0
1
0
1
2
1
1
0
0
1
0
1
0
1
0
0
0
0
0
1
1
0
0
1
0
0
1
1
1
1
0
1
1
0
0
0
0
1
0
0
0
0
0
0
0
1
0
0
1
0
0
0
1
1
0
0
0
2
0
0
0
0
0
0
0
1
0
2
1
0
0
1
1
2
1
1
1
0
1
0
0
1
0
0
1
0
0
1
1
0
0
0
0
0
0
2
0
0
0
0
1
1
0
1
1
0
0
1
1
0
0
0
0
0
0
0
1
0
0
1
0
0
2
0
0
0
3
0
0
0
0
0
0
0
0
0
0
0
1
0
0
0
0
0
0
0
0
0
0
0
2
0
0
0
0
0
0
0
0
0
0
0
0
0
0
0
0
0
0
1
0
0
0
0
0
0
1
0
0
0
0
0
2
0
0
0
0
0
1
0
0
0
0
0
0
1
0
0
0
0
0
0
0
1
0
0
0
0
0
0
0
0
0
0
0
1
0
1
0
0
0
0
1
0
0
0
0
0
0
0
0
0
0
0
0
0
1
0
0
0
0
0
0
0
0
0
0
0
0
0
0
1
0
0
0
0
0
0
0
1
0
0
0
0
0
0
0
0
0
0
0
1
0
0
0
0
0
0
0
0
0
0
0
1
0
0
0
0
0
0
0
0
0
1
0
0
0
0
0
0
0
1
0
0
1
0
0
1
0
0
0
0
0
0
0
0
0
1
0
0
0
0
0
0
0
0
0
0
0
0
0
0
0
0
0
0
0
0
0
0
0
0
0
0
0
0
0
0
0
0
1
0
0
0
0
0
0
0
0
0
0
0
0
0
0
0
0
0
0
0
1
0
0
0
0
0
1
0
1
0
0
0
0
0
0
0
0
0
0
0
0
0
0
0
0
0
0
0
0
0
0
0
0
0
0
2
0
0
0
0
0
0
0
0
0
0
0
0
0
0
0
0
1
0
0
0
0
0
0
0
0
0
0
0
0
0
0
0
0
0
0
0
0
0
0
0
0
0
0
0
0
0
0
0
0
0
0
0
0
0
0
0
0
0
0
1
0
0
0
0
0
0
0
0
0
0
0
0
0
1
0
0
1
0
0
0
0
1
0
0
1
0
0
0
0
0
0
2
0
0
0
0
0
0
0
0
0
0
0
0
0
0
0
0
1
2
3
0
4
5
3
4
5
2
3
2
5
4
1
5
1
3
0
3
1
3
4
2
3
3
3
3
7
2
1
2
3
3
2
4
2
5
3
5
4
4
3
3
1
2
8
2
5
3
0
3
3
8
2
6
3
2
1
2
4
2
2
2
4
4
4
2
3
6
1
5
1
2
1
3
1
2
6
7
3
2
1
5
4
2
0
1
3
5
1
2
1
1
3
5
6
4
3
2
2
2
5
3
4
5
3
4
3
5
2
5
6
2
1
7
2
6
4
4
1
1
4
3
4
3
8
3
