0
0
0
0
0
0
0
0
0
0
0
0
0
0
0
0
0
0
0
0
0
0
0
0
0
0
0
0
0
0
0
0
0
0
0
0
0
0
0
0
0
0
0
0
0
0
0
0
0
0
0
0
0
0
0
0
0
0
0
0
0
0
0
0
0
0
0
0
0
0
0
0
0
0
0
0
0
0
0
0
0
0
1
0
0
0
0
0
0
0
0
0
0
0
0
0
0
0
0
0
0
0
1
0
0
0
0
0
1
0
0
0
1
0
0
0
0
0
0
0
0
0
0
0
0
0
0
0
0
0
0
0
0
0
0
0
0
0
0
0
0
0
0
0
0
0
0
0
0
0
0
0
0
0
0
0
0
0
0
0
0
0
0
0
0
13
35
71
77
102
95
112
99
98
92
102
116
89
87
114
92
101
120
105
109
126
111
108
111
120
100
101
110
129
119
102
120
105
120
118
139
107
116
122
123
136
135
127
102
96
109
143
104
127
107
114
128
121
118
119
104
122
104
92
141
101
132
115
125
134
123
111
119
119
83
117
115
120
120
127
135
115
122
132
137
128
117
122
131
110
128
131
133
115
121
123
138
107
109
119
135
131
123
140
150
127
135
130
119
157
141
136
136
146
111
130
134
136
143
147
127
139
125
141
162
150
146
120
122
137
157
136
121
126
124
137
146
136
127
153
130
147
131
157
144
148
154
127
155
134
154
135
131
126
144
165
144
150
149
134
132
140
160
119
147
149
141
147
160
162
134
161
146
123
142
150
161
137
140
140
172
146
135
141
154
161
129
146
165
158
164
140
135
143
137
143
172
152
149
141
156
185
136
145
152
149
139
159
137
161
146
144
128
152
142
147
161
135
169
160
145
164
183
172
172
147
161
147
145
159
148
153
161
136
179
176
160
163
161
153
142
165
154
132
148
141
153
149
157
137
141
146
121
135
146
149
152
145
155
157
125
137
126
145
125
125
140
144
154
141
161
142
139
138
144
143
150
144
149
160
131
164
126
148
145
137
137
150
146
173
123
122
133
159
149
140
125
156
136
133
146
149
140
129
161
152
134
127
147
148
162
146
142
147
135
152
142
153
111
135
133
108
123
141
164
144
145
135
140
126
129
143
144
148
144
121
136
140
137
132
117
155
126
129
132
159
130
143
131
125
143
141
118
136
107
138
147
135
153
128
131
133
153
144
143
139
147
120
133
149
135
132
123
116
137
138
157
121
148
152
108
126
119
149
143
104
137
149
115
129
150
129
148
129
118
126
138
121
131
104
107
111
112
115
125
121
124
128
126
138
109
123
127
135
123
114
124
126
108
123
110
141
121
128
139
129
141
134
102
112
121
149
117
108
117
129
124
137
101
116
106
132
123
118
111
108
122
120
111
131
100
112
137
104
113
113
122
118
126
136
104
103
96
132
111
108
117
120
124
118
114
122
120
85
107
133
104
97
108
116
113
105
115
118
129
107
122
118
112
112
124
113
101
113
108
111
108
119
120
117
101
97
103
109
78
93
108
103
104
103
95
101
99
96
95
97
111
121
113
113
82
128
104
95
103
103
109
99
103
91
106
112
91
106
76
118
106
111
112
107
90
88
102
87
109
75
110
89
100
98
98
95
82
114
103
102
105
95
105
103
85
90
102
107
102
101
90
97
88
92
114
91
100
96
101
96
119
88
87
98
110
91
84
121
96
95
94
94
82
112
89
101
104
97
100
78
98
78
88
92
93
90
80
96
95
83
111
107
90
91
74
95
93
88
105
75
76
78
92
89
98
83
101
72
78
85
102
100
79
89
86
96
92
96
73
64
74
83
74
74
85
86
78
76
80
103
94
86
76
74
79
91
96
80
85
77
85
85
75
90
83
82
89
85
71
78
65
82
83
65
73
73
88
79
76
87
80
82
74
72
88
80
78
72
78
81
91
82
78
76
78
76
85
66
71
77
90
79
79
68
70
84
81
77
80
72
75
79
56
68
71
61
74
76
73
54
86
65
81
73
76
59
82
80
73
76
69
73
71
68
67
80
57
75
74
74
83
77
74
62
64
74
72
81
83
79
75
63
70
67
62
66
70
66
75
65
78
69
69
63
77
69
74
67
72
66
59
73
78
74
66
74
71
77
58
74
75
68
63
74
60
73
61
73
66
58
62
73
63
75
82
73
54
71
77
72
62
67
63
56
67
68
67
66
55
77
56
64
61
71
56
56
63
65
70
77
48
57
66
51
78
53
55
68
70
67
72
64
59
58
54
72
56
61
64
53
59
57
65
58
56
55
58
61
51
66
72
49
67
54
54
62
54
69
64
55
50
55
60
74
38
65
59
66
46
46
40
53
51
47
62
74
59
61
50
54
64
64
61
71
51
54
63
61
72
58
63
55
54
70
52
38
37
54
44
42
63
64
56
59
47
51
59
54
59
51
56
73
65
56
47
50
60
50
50
55
45
55
50
55
55
51
47
62
53
58
64
47
61
39
46
51
40
54
42
58
59
49
45
51
51
44
69
40
46
57
55
48
56
56
47
52
53
46
50
42
51
36
37
48
45
44
50
60
51
43
47
53
55
49
45
60
43
44
39
44
46
50
52
53
48
59
50
47
42
41
52
53
43
48
65
52
53
44
46
51
58
42
41
45
35
48
39
50
59
47
40
43
45
43
43
40
51
43
53
46
54
39
40
44
45
40
37
46
43
41
31
33
40
38
48
65
33
44
49
40
41
57
45
44
41
47
36
59
50
35
35
42
47
41
40
43
44
47
46
46
44
42
48
42
41
37
43
51
45
31
42
47
53
41
49
39
47
45
43
44
46
54
43
45
37
47
35
40
31
45
39
44
37
44
46
41
52
42
36
44
39
52
36
36
35
41
41
39
37
40
49
41
32
36
44
33
49
39
50
47
28
39
44
32
31
39
40
44
38
48
51
44
44
39
39
34
38
29
48
39
37
49
33
48
39
37
35
38
36
32
40
43
38
47
49
29
33
33
34
49
40
36
42
43
32
27
36
38
47
37
25
41
44
45
49
30
35
47
27
34
39
33
37
37
39
39
36
32
41
37
38
44
36
37
35
41
42
26
27
30
26
32
40
30
37
45
40
41
39
42
30
37
38
40
29
34
30
36
27
29
31
39
38
22
36
26
37
33
44
39
36
25
27
36
35
40
25
33
29
34
38
31
32
32
34
36
29
39
29
38
39
41
32
34
26
28
27
29
31
36
42
41
47
23
24
30
28
33
38
28
29
29
40
33
36
35
24
33
32
26
32
33
38
25
30
33
34
35
33
28
39
36
43
30
34
35
36
32
31
31
26
43
33
31
27
33
35
36
37
33
31
40
41
35
23
29
34
37
44
28
26
30
31
30
37
40
33
39
27
34
28
25
29
32
36
33
29
26
23
45
32
32
21
30
33
43
23
26
40
35
19
30
28
35
28
19
30
34
28
52
33
28
25
28
23
31
37
24
33
32
27
37
34
38
30
25
36
38
28
48
50
27
29
25
31
37
25
30
31
31
30
26
23
40
28
29
25
35
33
29
24
34
27
29
31
35
24
27
24
31
34
31
28
18
27
25
25
38
42
18
28
21
35
26
34
34
36
32
34
24
33
19
21
22
40
33
23
22
20
32
25
22
25
21
25
23
32
33
24
28
23
36
31
24
25
16
30
33
21
45
22
23
27
22
31
28
31
21
27
20
34
31
23
25
31
22
23
30
24
30
26
23
27
25
35
24
35
29
19
29
28
28
29
20
24
21
27
29
39
15
26
26
37
26
31
29
26
23
22
30
30
21
29
33
36
28
30
21
26
18
25
30
20
14
26
19
27
22
19
24
33
29
24
31
24
42
28
29
22
30
29
30
23
22
19
26
34
24
26
25
29
19
21
26
27
27
25
23
30
22
17
27
31
21
32
35
29
21
24
34
32
37
30
23
25
27
25
28
27
29
28
27
24
20
27
28
20
23
31
23
33
21
24
24
18
18
24
24
28
23
27
24
35
24
17
16
29
34
18
33
33
32
21
19
18
22
28
25
20
32
19
19
19
30
16
21
27
33
29
21
25
26
28
20
25
26
20
22
21
23
17
23
29
18
26
30
19
28
27
20
19
30
26
19
22
28
24
21
25
19
30
23
27
41
28
31
19
24
31
19
21
16
13
23
17
21
32
15
35
21
18
25
24
28
19
20
34
18
27
19
23
24
21
14
17
22
19
12
25
19
19
23
30
23
25
20
23
17
21
30
17
13
28
26
20
28
24
28
22
12
23
27
29
17
28
29
24
27
26
16
23
19
23
20
32
23
18
18
19
16
29
16
22
14
20
21
23
20
19
25
22
29
14
23
19
14
20
17
25
25
35
18
14
21
28
33
23
25
23
20
26
28
17
22
26
15
32
24
25
27
21
25
27
13
13
25
24
20
24
19
22
17
29
26
26
21
27
20
19
21
13
14
24
17
19
17
24
24
31
34
16
18
31
23
21
26
27
14
18
28
18
14
22
18
15
20
16
17
30
20
23
22
21
20
23
25
14
23
22
20
15
18
14
23
23
26
29
23
20
26
22
21
24
21
28
22
21
30
19
17
22
20
23
17
16
20
19
24
13
12
22
14
19
18
24
19
23
19
15
24
22
15
20
13
22
11
23
21
18
21
17
22
14
19
25
13
22
15
8
17
27
18
22
24
20
21
15
19
26
26
20
22
25
24
16
25
19
25
20
17
18
20
20
16
13
26
14
18
15
22
29
15
16
26
24
14
21
15
17
26
24
26
18
22
24
23
22
21
18
24
19
20
20
15
13
19
9
23
18
23
21
14
18
16
29
20
16
19
23
20
19
15
19
24
28
23
29
22
16
15
16
26
21
12
17
21
23
15
17
20
12
14
18
18
11
21
20
14
23
25
24
19
21
20
16
18
19
21
21
25
19
24
11
18
26
16
18
21
18
19
21
25
17
15
19
21
13
20
15
22
27
19
16
15
16
16
22
17
12
24
9
25
21
15
14
18
14
18
23
24
23
22
23
24
25
21
23
15
24
22
18
19
26
18
25
22
17
23
11
26
14
16
21
22
8
22
31
27
16
23
21
19
23
20
17
14
18
22
15
18
14
21
12
15
18
15
14
17
20
27
20
22
17
19
12
20
17
16
20
19
20
19
20
12
12
19
16
14
14
13
21
18
19
19
14
17
15
27
17
21
16
18
18
24
21
24
18
26
16
15
12
17
16
19
14
15
23
13
20
13
12
17
18
12
6
14
20
16
23
13
24
13
20
18
20
14
16
18
11
22
20
13
21
18
15
26
25
16
9
20
21
18
23
21
21
18
20
15
22
10
12
19
30
19
14
18
21
16
19
22
12
22
16
14
15
15
16
20
22
16
26
17
13
26
14
27
28
26
17
19
14
15
13
15
16
22
19
22
15
19
12
17
21
20
14
18
22
15
14
13
19
13
13
18
26
13
16
16
17
22
19
11
18
23
19
18
14
15
15
13
19
19
12
6
16
20
18
25
12
20
25
18
17
17
16
23
22
19
13
19
17
10
16
19
9
13
15
16
17
14
13
17
17
18
14
20
20
17
20
13
19
20
18
35
21
18
7
17
20
14
20
17
14
18
15
17
22
19
20
11
26
20
12
20
11
19
17
11
18
13
16
17
19
15
20
9
14
26
18
17
15
16
10
17
7
17
18
12
14
15
18
19
21
12
8
18
21
14
12
12
19
20
21
16
20
19
14
16
10
18
13
22
10
13
23
15
20
18
23
11
15
9
13
15
32
17
15
21
15
18
11
19
15
15
20
21
9
22
16
13
16
17
18
15
18
14
8
14
26
20
17
17
12
16
20
13
17
14
13
15
17
18
24
16
24
13
5
18
14
27
16
14
9
21
14
18
16
15
16
15
19
20
15
21
20
15
12
17
14
11
12
24
13
17
10
21
15
19
12
19
11
14
19
13
14
23
11
13
21
16
17
17
15
14
17
15
19
11
14
15
17
12
23
13
19
17
12
15
20
16
21
17
19
16
13
9
13
15
15
19
22
14
9
15
14
20
14
15
17
21
18
12
18
15
19
16
18
15
5
22
24
11
15
13
17
9
20
11
16
15
14
17
18
20
21
13
15
14
11
21
19
19
21
11
16
14
17
21
18
14
14
13
11
7
13
13
20
12
14
15
16
20
15
16
23
12
12
7
18
21
11
13
14
19
22
12
23
20
14
20
12
12
20
15
12
14
14
17
16
19
23
16
18
12
15
18
19
23
13
19
18
16
14
15
11
17
19
15
12
26
16
13
17
20
11
12
18
16
17
13
19
9
15
12
13
19
14
15
19
15
15
14
9
8
8
19
13
17
24
16
14
13
18
15
13
10
13
13
16
18
12
13
13
18
13
7
12
13
20
9
15
14
17
13
11
14
11
21
15
10
14
14
19
17
21
29
10
10
21
15
21
14
17
16
10
14
20
19
14
17
11
21
16
14
15
18
17
19
12
16
22
21
21
14
12
13
13
12
17
16
10
25
18
16
18
19
14
18
12
19
15
16
20
16
12
17
21
15
19
15
8
19
16
15
9
16
11
11
15
11
16
10
13
11
12
17
13
15
9
13
14
17
15
13
18
8
10
17
12
17
8
19
18
21
8
12
18
12
10
20
10
18
19
12
19
18
14
13
10
19
16
12
11
21
10
13
16
11
18
19
11
13
14
9
15
16
17
12
15
14
14
8
15
12
13
11
13
13
12
21
15
12
15
15
15
13
10
18
16
14
13
18
14
14
16
18
14
8
14
15
19
16
21
11
14
18
14
15
17
9
7
12
19
16
14
27
11
18
17
19
11
19
14
18
20
15
13
6
22
16
6
15
12
16
15
12
11
17
14
15
12
10
17
10
11
12
13
15
11
18
21
8
9
15
12
13
8
9
17
10
13
15
9
17
15
10
13
15
13
10
10
20
15
15
10
12
14
15
11
18
17
14
18
14
15
20
18
14
16
10
13
16
14
6
12
12
21
16
17
11
10
18
17
18
15
17
12
18
10
12
9
9
14
10
11
17
6
13
16
16
17
18
13
12
18
11
17
15
15
26
16
10
10
13
18
12
14
16
7
21
16
15
7
18
11
10
14
19
18
9
12
15
17
19
21
12
17
14
20
15
19
7
12
18
16
8
13
9
12
18
20
13
16
21
9
16
11
13
12
8
10
15
14
11
14
20
20
10
16
13
12
12
14
13
14
22
8
13
9
21
14
13
14
14
15
14
13
15
11
12
13
17
9
10
15
7
19
13
15
8
10
18
20
8
19
10
11
13
11
10
14
8
13
11
20
14
11
6
15
14
17
11
17
14
15
11
11
14
16
9
19
13
14
13
15
23
14
12
16
9
13
22
10
4
11
17
11
17
10
13
14
13
11
10
17
13
14
12
15
25
9
16
8
13
15
17
14
11
9
15
9
17
16
12
13
14
9
16
11
10
17
11
16
14
17
15
14
12
18
20
19
15
15
16
14
14
11
5
19
7
20
15
13
11
15
7
9
18
7
15
10
14
6
18
15
22
18
19
11
15
15
20
15
10
12
12
15
13
10
8
9
10
18
16
11
11
14
12
19
11
22
18
12
13
23
11
11
16
16
12
8
16
13
14
12
11
18
11
13
10
12
15
12
18
16
12
21
13
13
19
15
22
9
7
12
11
6
17
12
14
6
16
9
12
12
9
10
16
14
16
15
12
16
17
17
12
14
18
17
11
9
17
3
14
9
11
13
16
16
12
9
16
10
12
11
17
15
11
14
7
14
11
15
16
10
13
15
18
14
14
16
12
16
16
11
12
14
14
10
10
14
12
17
11
10
4
15
11
9
5
15
11
11
6
13
12
13
17
9
6
16
18
12
18
12
22
15
9
23
6
14
9
13
11
9
10
18
12
5
11
15
10
14
19
15
10
16
12
11
12
9
9
15
16
13
14
22
11
14
10
14
12
12
14
9
16
5
10
14
13
12
13
11
10
14
6
11
17
17
12
12
11
12
17
12
11
7
14
11
10
13
13
11
10
11
12
10
17
16
11
11
14
10
18
12
14
12
12
9
18
12
12
6
8
17
16
11
12
7
13
8
10
18
11
7
11
13
13
11
13
10
5
13
10
12
11
11
6
11
9
17
9
14
10
4
12
14
12
14
10
11
12
8
8
8
16
17
11
15
11
17
16
9
19
17
13
7
10
14
15
16
13
15
10
9
11
21
18
14
12
15
12
11
17
15
10
11
14
15
18
5
11
15
6
6
12
15
13
15
8
14
9
18
11
10
11
15
16
4
13
10
11
12
10
14
13
12
10
16
7
10
19
14
8
12
11
12
20
8
8
16
9
10
13
13
11
9
10
15
11
13
9
16
10
12
16
12
6
18
13
15
12
16
12
10
13
10
14
10
12
16
7
10
15
15
11
9
10
10
13
12
7
11
11
8
12
14
9
8
13
10
12
13
14
10
12
13
9
13
8
15
7
6
7
10
12
12
12
15
11
6
11
17
8
14
18
7
9
9
11
8
16
12
11
12
12
7
10
10
14
8
11
11
10
15
15
11
13
13
8
12
17
3
7
8
9
11
13
20
12
11
10
16
7
11
12
12
8
14
13
6
6
14
11
9
14
14
13
11
10
15
15
18
8
10
18
11
18
16
12
8
11
11
19
11
8
9
8
9
8
12
12
17
15
15
6
12
16
15
10
12
15
13
14
15
13
15
13
8
7
8
8
17
14
9
8
9
7
13
8
15
11
18
12
11
7
9
15
14
12
9
10
15
11
12
15
6
11
8
11
8
11
9
13
10
12
8
11
11
15
12
18
11
13
15
13
15
11
10
6
12
9
9
5
11
9
18
13
6
9
16
12
9
15
7
9
11
10
18
9
15
11
12
15
7
15
15
8
9
13
18
10
12
15
10
6
11
9
11
7
9
8
7
9
13
8
16
10
12
19
10
8
17
15
13
13
22
10
9
14
11
15
11
16
8
12
12
10
8
8
11
9
14
6
9
9
10
11
10
7
15
7
11
12
9
13
14
16
10
7
11
14
9
13
10
12
4
12
8
10
8
10
17
11
9
12
11
5
4
14
9
8
8
9
11
10
9
9
8
14
18
13
13
7
6
8
11
13
8
8
16
7
11
19
14
8
11
9
9
11
14
14
10
10
10
8
8
12
12
15
13
8
8
5
5
10
7
14
9
9
12
9
15
17
12
6
12
10
15
16
11
18
11
6
6
16
8
10
11
11
18
6
11
11
11
13
7
18
9
8
9
6
16
9
5
7
12
12
12
6
10
7
9
18
19
12
9
7
14
13
8
13
11
10
19
12
7
10
10
16
8
18
11
7
11
8
10
11
12
12
9
11
14
11
10
17
18
11
8
16
10
15
12
18
6
8
9
10
12
6
18
10
14
9
11
11
18
9
11
12
11
11
14
9
9
5
11
8
8
6
10
10
13
14
11
9
14
11
13
10
13
8
8
11
13
5
9
12
10
10
4
13
13
11
3
6
18
11
5
11
14
8
10
12
8
8
10
12
10
11
8
8
7
10
13
15
5
11
14
6
15
8
7
16
8
10
8
10
7
15
9
10
14
7
12
7
15
11
7
10
12
6
9
9
10
9
12
16
8
9
5
13
10
5
9
16
7
9
9
9
13
17
4
11
13
10
7
6
14
6
7
9
9
9
13
7
7
10
6
11
12
7
11
8
13
13
10
7
12
9
7
19
17
10
13
8
10
15
8
13
9
18
8
9
10
10
12
10
7
10
13
11
8
5
13
8
10
7
13
8
8
12
13
9
8
9
14
18
13
7
9
14
7
7
10
11
10
8
8
12
7
9
10
7
3
9
5
10
8
11
5
5
7
11
8
11
14
11
7
8
8
11
12
7
8
8
6
7
9
11
8
17
13
11
8
12
3
5
11
12
7
8
11
8
9
5
6
7
11
11
10
9
10
9
8
7
8
9
8
11
12
6
8
12
13
12
5
12
10
12
6
8
7
6
9
11
9
7
14
9
6
13
8
8
5
6
12
2
6
10
9
11
11
11
12
10
10
12
6
13
10
9
3
7
10
13
12
12
3
7
11
7
6
14
10
6
12
6
10
9
11
8
14
7
8
9
3
10
7
4
8
14
7
11
12
13
9
5
8
5
7
7
12
11
13
8
13
10
5
9
6
12
6
8
14
7
4
8
13
13
8
13
9
7
12
11
6
10
8
9
4
10
7
4
8
8
11
7
8
2
7
10
13
13
11
8
5
4
7
7
12
11
8
7
16
6
7
8
9
3
6
10
12
6
6
12
7
8
7
13
13
9
9
11
8
6
5
6
10
11
7
11
5
12
10
7
13
10
10
6
7
8
7
4
10
6
7
11
2
10
6
10
11
6
7
6
6
9
8
7
11
6
13
10
11
9
9
9
7
12
12
9
8
7
7
9
6
5
6
7
3
8
11
10
12
9
6
7
7
7
13
8
7
13
6
9
10
11
5
6
14
4
9
8
7
5
8
7
9
12
12
4
8
9
12
8
7
8
15
13
4
6
7
7
11
6
7
5
8
6
5
10
6
3
7
11
6
10
3
14
8
7
8
4
7
9
10
5
6
9
10
7
11
8
8
7
10
12
5
11
7
10
11
8
13
10
8
4
6
6
11
6
5
7
8
10
4
10
9
2
9
12
7
12
11
9
9
11
13
7
7
13
6
9
5
12
12
6
12
8
7
7
9
10
9
8
8
14
11
8
11
8
5
8
13
10
7
14
6
8
12
5
10
8
2
10
8
10
8
10
9
7
6
6
8
9
12
3
15
2
11
7
10
13
8
7
13
6
4
11
8
7
4
4
7
11
8
14
6
7
10
7
9
10
10
13
6
5
7
8
13
5
10
5
6
6
7
6
5
11
9
10
7
7
7
8
9
13
13
5
8
11
7
8
9
8
7
8
7
10
8
10
8
5
9
8
7
7
6
4
8
12
6
4
7
9
4
7
10
6
10
3
6
8
6
6
7
11
5
4
2
8
11
10
10
13
4
8
5
6
10
7
3
5
9
3
7
7
6
4
8
4
9
8
3
2
12
12
5
8
9
5
6
8
6
12
9
7
7
7
10
9
7
6
8
5
4
4
4
6
10
7
8
5
11
6
3
10
5
10
5
10
2
8
7
5
11
4
5
13
5
4
9
7
7
4
9
14
5
9
10
10
6
9
6
5
8
10
6
12
3
3
9
11
6
9
9
7
6
6
3
12
7
4
14
7
8
12
6
9
12
5
8
9
6
6
6
10
9
9
7
10
12
5
6
5
6
4
5
10
8
6
5
6
6
8
12
6
10
7
8
3
7
6
6
4
7
3
3
5
6
6
4
11
6
9
11
9
8
10
7
7
8
10
7
4
5
12
2
4
12
7
7
8
9
12
3
9
6
7
6
8
13
6
5
8
10
6
4
8
6
3
8
8
8
6
4
7
7
10
6
8
5
5
4
6
9
7
6
10
5
5
4
5
5
5
9
11
4
8
7
10
10
5
14
6
5
13
8
3
8
3
4
3
10
5
2
10
4
5
5
5
4
7
8
6
2
6
5
7
8
10
8
7
8
7
9
4
4
9
5
9
11
8
9
15
8
7
9
5
4
10
5
5
6
4
7
6
4
4
5
8
6
5
3
4
6
7
9
6
6
5
5
7
8
2
10
5
6
6
5
11
9
9
7
4
9
7
9
4
9
6
5
4
9
10
7
7
5
5
10
9
4
5
7
6
10
6
9
9
3
2
4
4
9
4
6
7
7
8
7
7
10
6
4
0
3
8
6
5
4
7
6
11
4
5
5
5
2
3
6
3
9
6
4
5
3
3
7
4
4
4
4
6
9
10
9
4
9
4
3
7
5
5
5
6
2
7
4
9
9
5
7
8
2
6
9
9
2
4
3
6
3
6
5
4
0
8
5
8
6
5
4
5
5
6
1
3
10
5
5
6
5
6
5
6
8
5
6
4
4
6
8
6
3
7
8
6
10
5
6
7
8
7
5
3
4
5
10
4
4
6
7
5
4
8
5
2
5
8
6
9
4
6
8
4
12
9
5
7
9
9
4
5
2
2
3
4
6
3
7
6
7
4
6
7
5
9
2
4
7
6
6
4
7
3
7
8
2
4
7
7
4
6
3
5
4
3
6
2
6
5
8
5
5
4
9
7
7
6
9
8
5
3
4
4
3
7
3
3
2
6
7
4
3
3
4
3
4
6
5
4
3
5
6
9
6
5
6
7
4
6
10
4
8
4
6
9
5
9
3
9
6
5
4
2
8
4
3
4
1
7
5
6
4
4
3
5
4
5
5
6
7
8
6
2
6
6
6
5
5
5
4
6
5
3
5
4
4
3
8
12
7
4
4
6
8
7
8
4
3
6
4
3
8
9
5
1
3
6
5
6
4
7
4
6
7
6
8
5
5
5
3
5
5
5
8
3
3
6
5
3
2
6
6
2
9
3
8
7
8
7
6
6
6
9
6
3
11
6
7
5
8
4
1
3
3
5
8
5
1
7
8
2
3
4
3
6
5
3
7
4
9
4
5
4
8
7
2
7
7
6
8
7
5
7
2
5
2
5
2
8
4
2
4
12
5
4
4
6
3
2
8
7
0
10
7
6
11
3
5
4
3
10
6
3
5
3
7
8
4
6
1
3
5
3
8
2
3
5
4
6
4
4
8
3
8
7
4
7
4
4
3
7
8
10
3
4
3
6
7
4
9
3
8
3
9
11
0
7
3
5
4
3
4
5
3
6
4
6
6
1
3
2
2
1
3
5
5
8
5
3
5
2
2
1
5
3
1
3
4
5
5
5
4
1
2
7
1
3
8
6
3
3
8
4
3
6
11
1
1
6
4
4
1
2
2
6
1
4
7
5
2
3
8
5
5
5
5
4
4
5
6
5
5
3
5
2
3
7
4
9
2
4
2
4
5
4
4
6
6
4
1
5
4
3
2
1
3
4
4
7
0
6
4
2
1
2
3
6
4
7
4
5
4
6
5
5
3
4
5
4
5
4
5
5
4
3
2
5
5
6
4
5
7
5
5
2
4
2
0
3
7
4
5
1
3
6
0
4
5
5
10
3
4
3
1
3
1
3
4
4
7
5
5
5
0
5
4
4
8
6
7
2
3
3
4
4
4
3
4
5
2
6
3
4
3
4
4
4
6
1
1
4
8
4
7
6
6
6
2
5
4
3
6
7
4
5
6
4
3
2
3
5
7
3
6
7
4
1
3
4
5
5
3
4
5
3
6
3
2
6
6
4
1
1
1
3
3
2
5
5
2
9
2
3
5
6
4
6
4
1
4
2
3
3
4
4
5
4
4
3
0
5
6
1
4
4
4
4
3
2
6
5
2
9
1
3
4
4
1
3
4
1
2
4
1
3
1
3
4
4
5
1
4
3
1
2
3
6
5
2
6
4
3
4
4
5
4
2
2
2
1
3
4
2
3
3
8
3
4
1
6
2
4
5
4
1
3
6
6
4
2
3
2
2
5
5
3
4
2
2
3
4
3
3
5
3
7
3
7
3
7
2
2
4
5
1
2
1
3
5
5
2
4
4
2
2
2
1
1
4
6
3
5
3
1
3
2
5
5
4
2
1
4
4
3
2
5
4
4
4
4
1
5
1
3
3
3
5
4
2
7
3
4
2
5
2
3
4
2
3
1
3
4
5
2
3
3
6
6
3
2
3
5
4
1
1
4
2
1
4
2
3
3
4
3
3
2
3
3
3
3
2
5
0
8
3
4
3
3
4
0
2
0
2
5
4
6
6
5
3
6
7
1
2
1
0
3
4
1
2
4
2
2
3
3
5
1
5
3
3
2
3
0
2
3
1
2
1
4
8
2
4
2
3
4
3
3
3
5
5
1
3
3
3
1
3
3
3
4
3
2
2
2
4
2
3
1
3
3
0
4
4
6
2
5
4
2
3
1
2
1
3
3
1
2
4
0
8
4
3
5
5
3
1
1
2
5
3
2
3
2
4
4
4
5
4
3
1
5
5
4
6
1
4
4
0
1
1
2
2
3
1
4
6
4
3
7
2
5
3
5
2
0
1
2
2
1
2
4
4
2
0
0
3
1
5
6
3
6
5
3
3
3
4
0
2
3
3
3
4
2
0
2
2
2
0
0
2
3
2
0
1
0
4
3
3
4
2
4
1
2
1
2
0
5
1
1
3
1
3
4
2
0
3
2
2
6
2
4
2
1
3
3
3
0
1
2
1
3
2
3
3
1
1
1
4
2
1
1
3
1
4
3
2
3
6
1
0
3
1
2
2
2
3
5
5
4
5
4
3
0
2
1
2
2
1
3
2
3
1
3
2
2
3
5
2
5
2
0
6
2
3
4
4
3
4
3
1
0
2
4
0
4
2
2
2
0
2
0
2
2
2
0
1
0
1
5
1
3
1
5
0
3
2
1
3
4
3
2
1
2
1
3
1
1
1
1
1
3
3
3
2
1
3
5
2
2
2
3
1
2
5
3
4
3
4
4
2
1
2
1
2
3
1
3
2
3
3
1
2
0
1
2
1
0
1
1
1
2
1
2
3
1
3
0
3
1
0
2
2
3
1
2
1
1
0
3
3
0
1
2
2
3
0
3
2
0
2
0
1
3
0
1
2
0
0
5
2
3
5
3
1
2
1
3
1
2
3
3
4
0
2
1
1
3
1
3
1
0
3
1
0
1
2
0
5
2
2
2
1
2
1
2
2
1
3
0
4
0
2
3
3
1
2
2
1
2
1
3
2
1
2
1
3
0
2
0
1
2
4
5
0
2
1
0
1
1
2
2
2
0
1
1
3
1
1
1
2
0
0
1
1
1
1
4
2
7
1
0
1
2
2
1
0
1
1
0
4
1
7
0
1
0
3
1
2
3
0
0
0
2
4
2
0
2
1
3
0
3
3
0
2
0
0
1
1
2
3
3
0
2
2
1
1
1
1
4
2
0
4
1
0
0
1
3
0
0
1
3
2
1
1
4
0
3
0
2
1
0
1
1
3
0
2
1
1
1
2
2
0
1
0
1
3
3
0
4
1
2
1
3
2
1
1
0
2
1
3
0
3
3
2
1
0
0
0
2
0
3
2
1
4
0
3
0
1
3
0
2
1
0
1
3
2
1
3
2
1
0
4
2
4
0
4
1
3
0
1
2
0
2
2
0
1
0
1
0
0
2
2
0
4
0
0
1
1
2
3
1
3
1
2
0
0
0
1
0
0
1
0
4
0
1
0
0
2
0
2
1
0
2
2
4
2
0
1
1
2
2
3
4
1
0
2
0
0
0
4
3
1
1
2
1
0
2
2
1
2
1
1
2
0
0
0
1
0
1
5
0
0
0
1
3
1
3
1
1
1
0
0
0
1
0
1
1
1
1
0
1
0
0
1
0
1
1
0
1
4
2
1
1
2
3
2
1
1
2
2
1
1
1
2
0
2
1
2
0
0
1
0
0
0
0
2
0
1
2
0
1
4
0
0
0
0
1
1
3
0
1
2
2
1
1
1
2
2
3
1
0
0
1
2
0
3
2
1
1
4
0
1
2
2
0
2
3
2
1
0
1
0
0
1
0
0
1
0
1
0
0
1
0
1
1
0
1
2
0
0
0
0
0
2
2
0
1
0
1
1
1
1
1
0
1
1
0
2
1
1
2
0
2
1
0
1
1
0
0
1
1
2
1
1
0
2
0
2
3
2
0
2
0
0
1
0
1
0
1
0
4
1
0
3
2
1
0
1
0
2
0
0
0
2
4
1
0
1
0
0
1
0
1
1
2
1
2
2
1
0
1
1
0
0
1
0
0
0
2
3
0
0
1
2
0
1
2
1
1
1
1
0
1
0
1
1
3
3
2
0
0
1
0
1
0
0
1
0
1
0
0
0
1
0
0
0
2
0
0
1
2
0
1
1
2
1
0
1
1
0
0
2
1
0
4
0
1
0
1
0
1
2
0
1
2
1
0
2
1
0
0
1
0
1
4
0
0
1
0
0
1
0
2
2
2
2
1
1
0
1
1
0
1
1
0
0
1
1
1
2
2
0
2
2
1
0
0
0
0
1
0
0
1
0
1
2
2
0
0
1
0
1
2
1
1
0
0
0
1
0
1
1
1
1
0
0
0
0
1
0
0
0
0
2
0
1
0
1
0
0
0
2
1
0
2
1
0
1
1
0
0
1
1
1
0
0
1
1
0
2
0
0
0
1
0
1
1
0
1
0
0
1
2
1
1
1
1
1
1
0
2
0
0
0
1
0
1
0
0
1
3
1
0
3
2
0
2
0
0
4
0
1
1
2
0
0
0
1
1
2
3
0
0
1
0
0
0
0
0
1
0
1
3
1
0
0
2
1
0
1
0
1
0
0
0
0
1
3
0
2
0
0
0
0
0
0
0
0
0
0
2
0
1
1
1
0
1
1
0
3
0
0
2
0
0
0
1
1
0
0
2
2
1
0
0
0
1
0
3
1
0
0
1
0
1
2
1
2
0
1
3
2
0
3
2
1
1
1
1
0
1
1
0
1
0
1
1
2
0
3
0
1
1
0
0
0
1
2
1
1
0
1
0
0
0
0
0
0
2
4
1
2
0
0
1
3
0
0
1
0
2
0
2
2
0
1
0
0
1
0
0
1
1
0
1
1
0
1
0
0
1
0
0
1
0
0
0
0
1
1
0
0
1
2
0
0
0
1
1
1
0
0
0
1
1
1
0
0
2
1
2
0
0
0
3
1
2
0
1
0
0
1
1
0
0
0
0
0
0
1
0
0
0
1
0
1
2
0
0
1
0
0
0
0
1
0
0
1
0
0
1
0
1
0
0
0
0
0
0
0
0
2
1
1
0
1
3
3
0
0
0
0
2
0
1
0
2
2
1
0
1
0
0
1
0
0
0
0
0
0
0
0
1
2
0
0
1
2
0
0
0
0
0
1
0
0
0
0
1
0
0
0
0
1
0
0
1
0
0
0
0
1
0
0
0
0
0
0
2
2
0
0
1
0
1
1
0
0
0
0
1
0
1
0
0
1
1
0
1
0
0
1
0
0
1
0
1
0
2
1
0
0
1
0
0
1
0
1
1
0
0
0
0
0
0
0
0
1
0
0
0
0
0
0
0
0
1
1
0
0
0
1
1
0
2
0
1
1
0
0
0
0
1
0
0
0
0
0
0
0
1
0
0
0
0
0
0
0
1
0
0
0
0
1
2
0
0
0
0
0
1
0
0
0
0
0
0
1
1
0
0
1
0
0
0
0
0
0
1
2
0
0
0
1
0
0
0
2
1
0
0
0
0
0
0
0
0
0
0
0
0
0
0
0
0
0
1
0
2
0
0
1
0
0
0
0
1
0
0
0
0
0
0
0
0
0
0
0
0
0
0
0
0
0
0
0
0
1
0
0
0
0
0
0
0
0
0
0
0
0
0
0
0
1
1
1
0
1
0
0
0
0
0
0
0
0
0
0
0
1
0
0
0
0
0
0
0
0
0
0
0
0
0
0
0
0
0
1
0
0
1
0
0
0
0
0
0
1
0
0
0
0
0
0
0
0
0
0
0
0
0
0
0
0
0
0
0
0
0
0
1
0
0
0
0
0
0
0
0
0
0
0
0
0
0
0
0
0
0
0
0
0
0
2
0
0
0
0
0
0
0
0
0
0
0
1
0
0
0
0
0
0
0
0
0
0
0
0
0
0
0
0
0
0
0
0
1
0
0
0
0
0
1
1
0
0
0
0
0
0
0
1
0
1
0
0
0
0
0
1
1
0
0
0
0
0
0
0
0
0
0
0
0
0
0
1
0
0
0
0
2
0
0
0
0
0
0
0
0
0
0
0
1
0
0
0
0
1
1
0
0
0
0
0
0
1
1
0
0
0
0
0
0
1
0
0
0
0
0
1
1
0
0
0
0
0
0
0
0
0
0
0
0
1
0
0
0
0
0
0
0
0
0
0
0
0
0
0
0
0
0
0
0
0
0
0
0
2
0
0
0
0
0
0
0
0
0
1
0
0
0
0
0
0
0
0
0
0
0
0
1
0
0
0
0
1
0
0
0
0
0
0
0
0
0
0
0
0
0
0
1
0
0
0
0
0
0
0
0
0
0
0
0
0
0
0
1
0
1
0
0
0
0
0
0
0
0
0
0
0
0
0
0
0
0
0
0
0
0
0
0
0
0
0
0
0
0
0
0
0
0
0
0
0
0
0
0
0
0
0
0
0
1
0
0
0
0
0
0
0
0
0
0
0
0
0
0
0
0
5
2
1
1
4
2
1
2
0
5
3
2
2
5
1
1
1
4
5
3
2
4
3
0
2
2
2
1
5
1
0
2
5
0
3
0
0
1
4
0
2
3
0
3
1
3
2
4
0
4
4
4
2
1
2
1
3
0
2
3
2
1
1
3
2
3
2
0
4
4
3
3
4
3
3
5
1
0
0
1
2
3
2
0
3
5
1
3
0
4
3
3
1
2
4
0
0
2
2
0
2
0
4
2
2
3
2
1
3
2
1
1
3
2
2
2
3
3
1
1
4
2
2
2
2
1
1
