0
0
0
0
0
1
0
0
0
0
0
0
0
0
0
0
1
0
0
0
0
0
0
0
0
0
0
0
0
0
0
0
0
0
0
0
0
0
0
0
0
0
0
0
1
0
1
0
0
0
0
0
0
0
0
0
0
0
0
0
0
0
1
0
0
0
0
0
0
0
0
0
0
0
0
0
0
0
0
0
0
0
0
0
0
0
0
0
0
0
0
0
0
0
0
0
0
0
0
0
0
0
0
0
0
0
0
0
0
0
0
0
0
0
1
0
0
1
0
0
0
0
0
0
0
1
0
0
0
0
0
0
0
0
0
0
0
0
0
0
0
0
0
0
0
0
0
0
0
0
0
0
1
0
0
0
0
1
0
0
0
0
0
1
2
10
60
139
247
267
258
271
276
247
252
250
269
244
262
257
238
223
215
214
212
257
195
188
202
182
195
194
174
199
155
147
167
157
183
172
147
144
132
163
148
125
145
147
139
145
142
134
143
131
131
139
122
141
120
115
146
113
123
154
136
116
158
109
146
141
140
141
124
143
129
122
128
134
133
131
125
123
114
139
126
114
127
119
140
146
126
105
116
126
141
137
127
115
131
134
124
136
127
124
140
133
133
128
121
134
114
105
127
116
130
129
117
142
136
138
123
120
135
127
137
125
119
129
162
123
121
136
120
134
141
143
125
110
130
121
126
125
130
144
129
129
128
121
107
122
138
124
109
124
122
130
123
134
136
124
134
141
123
131
124
123
120
130
147
124
135
125
115
122
139
144
121
138
119
120
109
125
144
135
131
141
128
115
122
144
125
131
122
126
130
114
140
130
127
147
125
130
134
118
131
136
124
138
127
151
95
125
117
150
147
132
146
141
120
110
156
129
127
133
119
132
144
115
133
131
140
124
122
128
152
136
122
128
120
123
133
134
149
127
140
139
136
138
119
142
113
127
120
138
120
127
124
144
126
119
140
142
131
130
132
123
118
129
135
133
132
142
113
148
129
129
130
104
127
130
126
141
144
128
105
111
103
150
117
122
125
132
127
126
116
130
144
146
136
117
138
132
124
113
146
123
122
147
117
145
125
140
139
133
127
130
122
171
127
113
123
131
131
120
117
138
127
118
127
135
136
138
146
136
112
124
134
142
120
132
124
129
127
129
128
126
132
108
134
128
133
119
125
113
121
122
139
134
123
135
121
128
130
136
141
139
112
137
129
118
127
144
110
125
149
125
154
145
137
139
111
136
123
126
127
142
140
130
129
129
131
133
128
114
136
132
102
132
129
134
123
135
134
118
128
157
149
122
114
130
146
116
124
161
147
138
125
120
123
126
131
124
141
134
132
115
116
136
113
126
122
157
139
123
135
131
129
123
135
141
127
134
128
122
115
146
144
141
128
168
139
156
125
137
136
134
144
133
117
151
140
125
125
133
132
141
152
138
142
145
119
137
132
131
141
123
147
137
132
110
139
108
140
134
125
109
129
107
128
104
116
157
121
136
148
122
130
123
132
126
120
142
140
130
152
132
129
143
157
145
128
145
139
128
146
146
139
130
143
133
135
142
154
125
132
149
142
131
157
132
119
133
141
142
142
134
123
123
130
142
140
127
134
119
115
133
132
134
127
127
110
134
131
129
126
130
121
129
137
127
140
103
132
126
143
128
145
118
138
142
140
156
162
128
120
134
131
149
124
136
122
139
125
131
155
146
134
132
156
136
146
150
151
142
147
146
155
120
155
114
125
130
144
155
128
138
141
141
129
153
139
127
131
137
163
141
116
127
148
148
138
158
126
123
140
128
148
118
155
138
135
138
134
147
140
125
156
148
134
135
144
123
138
143
133
139
130
134
127
146
155
154
148
131
128
124
166
148
143
151
138
145
142
135
133
138
138
143
134
137
131
138
140
147
147
134
146
158
138
143
122
160
130
148
136
152
126
129
138
141
136
133
156
136
149
129
130
137
165
150
153
144
144
152
130
148
160
155
132
167
161
136
139
159
136
159
164
149
151
150
152
137
145
147
137
143
168
143
162
155
135
174
127
154
156
146
159
177
156
146
149
133
148
154
164
180
149
147
173
145
158
176
144
143
160
180
173
168
158
154
183
157
173
161
171
171
149
160
177
181
154
156
153
162
150
170
179
158
179
170
145
152
171
180
185
165
157
152
168
164
176
171
170
175
162
166
153
158
176
170
189
191
179
167
179
177
176
199
170
165
176
178
200
177
183
196
169
193
184
199
190
199
184
183
166
182
172
187
185
220
180
197
181
176
192
187
174
202
195
171
174
203
196
189
169
198
190
194
181
173
211
212
199
187
156
205
191
170
209
201
194
204
184
202
188
197
219
180
187
191
184
163
204
197
207
205
188
221
213
170
207
196
181
185
188
204
189
190
194
207
186
220
203
189
206
174
192
177
196
216
195
176
187
185
194
185
179
168
189
204
201
212
189
162
196
189
178
174
164
198
174
183
170
196
177
196
209
156
160
204
158
171
180
194
170
185
165
179
163
192
179
180
183
163
161
161
138
181
180
186
146
177
177
185
175
179
175
163
156
152
162
161
155
176
179
174
161
162
162
163
171
170
157
170
137
167
151
154
169
172
156
150
157
166
169
152
161
150
160
143
149
160
154
157
127
128
159
160
175
171
152
135
161
147
162
129
136
139
147
156
141
165
156
186
163
165
139
144
156
154
150
171
150
147
162
139
162
167
160
164
150
132
162
162
154
148
140
154
154
173
155
153
149
136
180
147
163
141
139
159
139
164
145
171
169
142
149
139
117
145
139
162
146
157
153
146
136
135
136
154
148
142
139
139
132
139
137
142
136
146
135
146
127
147
151
149
156
142
123
139
131
137
154
151
144
124
140
124
160
145
149
125
167
161
129
135
108
152
148
157
149
136
125
135
135
143
155
135
142
143
133
152
142
152
140
122
145
133
149
136
142
147
147
126
131
137
133
119
145
125
131
116
140
126
116
146
148
127
147
136
150
157
137
121
134
155
122
154
129
123
117
108
127
143
128
112
123
157
139
144
151
129
118
122
121
144
134
140
138
138
123
119
135
105
142
119
144
150
139
119
151
146
126
136
116
134
122
144
139
144
137
143
148
111
125
129
122
136
130
129
132
124
127
112
124
126
141
124
143
128
162
135
122
108
111
146
112
127
138
125
123
137
133
129
127
111
113
135
145
135
133
145
109
133
110
129
120
130
133
131
126
138
106
148
141
113
130
115
124
120
129
138
108
119
123
132
141
131
117
115
120
140
132
106
115
110
114
130
132
131
107
109
137
117
124
127
119
147
131
138
135
97
139
107
138
144
121
118
133
119
113
118
125
107
135
134
112
147
133
143
113
126
133
139
137
125
111
126
119
111
121
126
115
108
143
136
146
124
149
108
117
115
119
107
111
102
121
143
120
123
128
121
117
108
129
124
122
125
132
113
116
125
137
121
122
118
107
112
112
108
140
122
124
126
105
130
112
125
143
119
109
125
115
110
111
123
118
112
132
118
136
136
110
125
104
134
133
132
127
116
88
115
111
117
119
121
140
102
98
121
128
133
103
118
101
130
123
129
120
120
116
108
118
116
119
125
111
134
111
110
123
120
132
103
126
109
124
111
148
118
113
110
120
105
109
139
117
129
107
120
99
131
121
119
120
127
133
121
108
132
106
119
114
125
104
115
109
131
130
107
121
123
128
128
114
127
123
126
120
113
98
119
124
105
103
116
126
137
116
133
106
103
120
124
109
113
118
124
125
137
105
130
101
119
109
103
123
127
120
122
110
109
97
107
126
131
114
124
113
102
105
130
100
129
117
127
107
95
111
113
98
105
116
116
107
113
107
108
105
103
111
112
106
100
117
111
105
115
103
107
111
106
124
116
104
127
114
123
129
116
137
111
136
103
104
117
100
125
117
103
109
104
115
98
106
84
135
110
119
111
106
102
90
112
111
114
105
104
115
121
104
113
116
115
115
138
113
110
108
127
99
118
121
109
115
120
111
113
119
132
112
105
110
110
121
119
107
117
111
108
115
116
113
97
119
122
95
102
123
136
117
101
112
103
110
118
109
112
111
118
105
119
117
105
108
100
105
112
89
125
107
114
99
103
113
129
105
94
102
124
135
108
105
111
123
106
113
109
114
111
125
113
117
112
129
97
107
129
105
118
120
115
119
100
117
127
110
102
125
106
118
103
124
112
125
101
128
95
112
116
125
113
103
110
110
110
121
110
115
94
119
112
96
111
112
133
114
102
115
111
107
100
113
116
100
113
116
120
110
117
103
113
103
126
96
107
102
95
124
96
100
109
96
119
107
113
127
121
112
124
104
109
89
95
109
134
111
111
130
121
88
131
117
134
114
116
116
127
118
132
100
116
112
111
111
113
107
108
110
109
112
131
103
112
100
129
100
109
113
111
115
98
100
102
115
110
106
121
121
111
121
112
118
131
128
101
108
124
98
116
125
120
108
100
114
122
117
130
106
92
95
117
116
115
113
118
117
122
119
113
106
124
126
123
111
116
109
107
104
104
98
113
126
128
122
123
103
110
113
109
110
122
110
106
105
121
121
100
98
130
109
87
105
106
103
117
109
101
125
119
109
134
111
128
109
126
112
110
105
117
105
112
107
114
118
129
118
107
102
141
118
101
128
106
121
102
108
104
107
101
129
123
139
131
123
110
108
100
112
101
107
114
100
107
120
123
109
115
115
117
124
107
102
113
94
104
104
93
123
119
86
102
99
112
132
112
108
111
118
114
123
131
123
99
119
124
114
117
105
102
108
97
96
106
119
124
121
109
126
117
118
118
121
129
101
101
107
110
105
109
119
112
108
110
109
104
115
105
120
111
122
97
112
82
118
114
100
127
101
107
103
111
121
114
108
109
93
92
112
104
101
104
118
103
118
105
105
108
100
114
99
112
126
95
115
114
103
96
104
121
100
110
117
110
112
107
115
112
132
122
119
120
115
119
111
110
111
119
113
118
95
128
111
116
105
112
136
118
100
99
88
91
118
122
98
98
137
120
123
115
100
120
123
103
118
111
108
114
114
123
110
119
108
115
126
123
127
105
110
92
124
127
123
104
123
87
100
102
132
112
124
106
101
103
106
129
96
128
106
101
112
112
112
126
123
98
92
116
103
97
103
93
97
101
119
117
102
115
102
105
109
127
102
113
102
92
120
98
101
96
109
110
105
110
103
115
130
102
112
105
116
107
100
109
110
108
110
141
138
101
109
109
97
103
102
105
104
124
116
102
106
111
112
99
118
104
100
102
110
113
112
120
125
114
116
110
104
106
101
106
108
105
104
110
111
96
106
93
83
93
93
97
116
105
84
98
92
115
104
88
110
126
86
105
106
88
93
102
95
72
101
97
105
80
114
93
100
86
93
89
103
115
82
103
121
91
94
106
89
94
101
73
91
89
81
108
75
106
79
91
85
99
102
80
79
88
99
76
84
100
83
95
86
88
84
80
90
90
69
71
88
98
79
82
65
78
73
72
66
92
77
90
70
66
70
83
85
79
71
70
80
83
66
85
71
91
69
69
71
76
68
72
69
86
81
73
63
82
50
68
56
72
69
63
84
66
61
83
57
56
59
84
69
61
70
68
58
63
76
58
62
63
50
63
82
74
60
60
59
51
50
70
50
45
45
65
47
52
63
61
71
50
58
60
66
58
63
40
62
59
63
36
60
53
47
49
57
52
59
57
60
62
53
51
54
51
59
38
60
40
51
46
62
57
53
58
41
46
45
39
56
48
50
47
49
43
46
34
47
50
49
42
44
57
52
60
44
48
42
39
64
43
50
58
42
50
45
41
46
44
33
44
51
50
36
40
35
39
24
44
42
40
45
31
38
42
37
33
28
40
49
45
38
38
32
33
41
40
32
41
31
39
44
26
38
33
36
40
44
44
41
36
34
41
32
51
31
37
36
27
42
31
44
38
28
40
30
38
32
27
34
38
46
34
34
38
20
28
34
23
32
42
33
39
28
37
26
38
42
26
34
28
37
32
28
29
39
30
37
40
34
34
31
32
27
29
27
24
29
36
41
32
23
28
39
23
29
34
28
33
26
34
22
31
27
19
25
28
34
26
44
32
31
21
27
27
24
39
38
33
25
34
35
27
20
22
36
25
29
19
27
31
32
19
36
36
25
38
35
30
18
22
25
26
18
29
24
26
22
28
24
31
19
22
26
24
32
26
22
19
29
21
27
28
22
28
27
20
29
23
25
32
20
22
30
25
26
16
19
27
25
25
17
21
22
33
28
32
27
32
23
19
25
28
21
24
23
23
26
21
34
26
26
28
22
30
28
25
26
27
20
22
27
31
21
30
20
18
23
22
30
22
23
25
20
24
25
21
29
31
27
22
28
31
29
31
37
24
28
22
22
23
23
31
25
23
14
28
25
25
26
32
18
24
29
19
18
25
26
23
23
24
25
27
21
29
17
24
17
23
18
20
26
21
21
23
22
22
24
24
26
18
28
22
21
23
29
29
26
21
23
19
24
21
26
21
30
27
25
30
24
19
31
23
25
22
23
23
16
15
15
18
25
20
23
28
28
23
27
34
32
26
34
25
18
24
17
21
23
19
22
18
30
27
25
13
30
24
30
31
28
17
30
22
25
24
27
19
29
14
19
28
28
21
21
24
21
15
28
29
22
21
25
29
21
24
27
20
27
20
27
28
37
20
27
28
23
36
26
30
25
23
29
31
32
29
24
25
27
20
22
23
29
21
29
28
16
28
17
24
27
29
27
22
26
33
34
33
24
40
25
21
31
23
28
27
27
29
32
32
30
29
28
27
26
27
26
25
24
32
31
35
21
30
28
40
28
29
17
24
30
38
22
23
34
28
37
37
31
35
36
33
23
40
22
23
24
22
30
36
31
45
30
28
32
20
39
31
42
37
33
36
36
32
30
45
25
40
29
29
41
42
38
25
33
50
47
33
38
50
43
36
46
30
42
53
44
44
40
36
44
41
37
44
40
40
44
55
45
48
37
44
37
43
43
39
45
49
51
46
43
44
46
42
35
43
52
51
40
42
48
59
41
44
55
27
54
68
47
54
48
62
46
47
47
58
69
58
58
52
55
65
64
54
76
57
51
65
61
61
66
79
74
74
67
62
65
64
66
61
50
68
70
69
72
66
73
83
64
75
64
85
73
90
75
80
69
83
73
70
76
92
101
89
93
80
76
81
78
68
98
89
90
80
92
100
81
88
100
95
104
112
112
85
108
99
98
89
95
113
123
133
116
94
114
102
105
113
115
115
104
110
113
123
112
114
114
131
125
129
145
146
149
127
129
147
145
144
154
154
131
182
163
144
171
151
174
147
168
155
142
174
181
165
161
172
149
157
171
175
171
177
201
183
193
204
232
165
181
200
190
183
197
174
201
178
226
213
223
196
211
223
213
230
235
222
275
257
241
240
247
238
236
261
253
259
249
218
256
290
264
274
264
273
273
263
285
295
319
286
282
311
308
296
308
290
314
294
314
313
293
322
330
354
298
291
357
338
351
320
364
353
353
343
348
367
343
368
341
356
362
372
366
331
349
375
395
396
411
431
421
419
381
401
410
420
427
426
399
434
403
423
464
421
461
469
410
421
415
411
480
510
474
433
456
467
487
474
460
450
449
503
532
455
506
495
480
579
529
526
540
506
501
546
524
526
530
553
541
505
563
549
550
587
550
562
565
562
578
539
580
552
582
491
572
558
606
590
607
577
585
577
537
561
598
604
594
566
634
578
583
610
578
597
572
615
617
639
615
656
603
611
618
683
615
671
606
636
650
628
611
615
624
575
597
677
624
627
641
612
608
676
628
633
613
638
610
681
639
662
642
661
627
596
629
627
595
652
607
609
661
591
641
559
660
645
652
634
611
644
599
614
595
630
577
533
621
562
646
579
555
598
630
566
633
551
575
573
556
573
591
546
532
550
539
545
557
589
494
519
582
493
588
501
494
538
548
498
528
523
515
500
480
474
471
477
508
473
483
499
482
418
487
465
445
446
460
437
456
435
453
423
447
415
429
436
422
376
408
440
425
422
394
367
382
378
367
374
409
388
426
375
342
360
367
352
356
340
350
339
315
322
319
308
320
300
324
314
269
319
313
307
295
302
316
271
279
276
289
276
245
275
258
251
289
249
243
242
200
267
234
235
214
216
201
216
203
239
198
208
213
191
215
194
178
172
184
190
178
182
183
167
164
168
157
143
142
153
134
159
148
148
149
152
127
154
126
116
139
130
143
122
111
129
113
90
108
111
100
100
104
113
110
103
90
90
77
74
94
69
83
74
85
76
98
89
69
62
76
72
69
71
85
71
57
62
59
52
44
58
44
50
56
62
36
52
52
55
46
43
49
44
47
38
48
37
37
31
37
37
28
27
30
44
31
18
24
28
35
19
20
28
25
28
28
22
25
21
40
21
23
21
16
32
21
21
25
29
24
19
23
15
27
13
17
9
19
18
9
17
14
12
11
9
14
11
24
13
18
12
12
9
8
17
5
11
12
11
11
18
3
11
19
12
6
6
10
14
10
12
10
13
8
6
11
5
12
5
7
8
8
7
4
8
10
10
5
7
5
8
10
4
7
10
3
6
7
7
4
6
9
9
3
4
5
10
3
2
2
5
5
6
7
6
9
3
9
3
8
3
4
9
6
6
3
7
11
5
4
4
4
3
2
7
1
6
6
8
7
2
4
8
7
4
3
2
3
4
6
7
6
8
6
1
4
10
3
9
5
3
7
8
6
8
6
3
5
7
1
3
5
11
5
2
1
3
6
3
7
3
2
6
3
6
3
4
6
5
6
2
3
0
4
6
7
2
2
5
4
1
2
2
3
5
4
6
7
3
3
3
3
7
4
1
2
5
2
5
5
3
2
4
4
6
4
1
6
3
5
6
3
1
5
2
1
3
4
3
2
3
4
3
3
3
3
6
2
1
4
6
1
5
3
4
3
3
5
3
1
5
3
4
2
7
5
4
1
6
3
3
3
3
3
2
1
4
3
4
2
6
2
1
3
3
6
2
6
3
4
5
4
7
1
4
3
2
4
6
1
6
4
8
4
4
3
10
4
5
2
1
2
4
4
1
4
5
4
2
4
7
4
1
3
4
4
2
3
2
4
2
4
2
3
6
3
0
6
3
7
5
4
3
3
8
3
4
4
5
3
3
0
2
4
3
4
4
2
10
1
5
5
2
3
3
2
1
1
1
0
2
6
4
1
4
4
2
4
2
2
2
3
3
2
3
3
4
4
5
1
2
1
3
4
4
3
1
3
0
4
4
1
1
3
3
5
3
4
4
7
3
3
3
2
3
2
1
6
1
7
4
8
3
3
3
4
1
1
3
2
4
1
5
1
1
2
1
2
4
2
2
3
0
4
2
2
3
3
4
1
1
3
4
7
5
2
2
2
5
1
2
1
1
5
3
2
2
4
3
2
8
5
0
3
5
6
3
2
5
2
4
3
3
6
3
2
4
2
4
7
1
1
2
3
6
4
2
3
2
3
2
1
3
2
3
3
4
2
1
5
3
3
4
1
3
5
2
0
3
3
3
1
1
1
5
3
3
2
3
3
3
3
3
2
0
2
4
0
3
4
7
4
3
4
6
2
4
2
1
6
2
3
1
1
2
4
1
3
7
3
4
9
3
4
5
3
8
6
6
1
1
3
5
3
5
3
8
4
4
3
2
4
3
0
3
3
4
3
7
4
6
5
3
5
5
2
1
5
3
2
2
5
0
1
2
2
3
3
5
7
4
5
2
0
4
0
6
3
4
1
2
3
6
5
2
1
2
2
3
4
0
3
1
4
1
4
2
4
3
2
4
2
4
2
3
4
2
5
2
3
2
2
8
4
8
2
4
3
1
4
7
3
4
0
2
3
3
2
2
0
2
1
3
4
5
5
2
1
3
2
5
2
0
1
3
3
2
4
2
1
5
3
2
2
1
3
6
4
3
2
1
8
2
6
2
3
4
2
1
1
2
3
1
3
4
2
1
1
2
6
1
4
8
2
4
3
0
1
3
3
6
2
5
6
6
4
4
1
3
1
2
1
1
3
2
5
3
0
2
1
3
2
1
4
6
3
4
0
7
2
5
3
3
2
4
2
0
3
1
3
5
3
4
1
0
1
3
1
4
2
2
0
1
2
2
6
1
4
1
1
3
6
2
2
3
4
5
2
2
2
4
2
1
4
1
4
5
3
1
0
1
1
5
2
2
2
3
0
5
1
4
1
4
0
5
0
4
3
4
6
1
2
1
4
3
3
1
3
5
0
2
3
1
3
2
0
3
0
7
1
3
3
3
2
2
1
3
2
4
4
6
1
0
4
3
0
3
5
2
1
2
1
3
2
2
1
2
1
3
4
2
6
4
1
1
2
6
4
3
0
0
3
5
5
3
3
1
3
1
5
0
3
2
0
1
4
3
1
0
2
2
4
6
2
3
1
1
6
3
2
1
0
0
3
5
6
1
6
0
4
1
2
4
2
4
0
3
2
2
3
3
2
2
2
2
0
4
1
2
5
5
2
2
1
6
6
5
6
3
4
4
0
3
3
4
3
3
2
5
2
4
2
1
0
0
1
2
2
1
0
2
5
2
3
3
4
3
3
3
0
2
0
2
4
0
2
1
1
2
4
1
4
2
1
2
2
2
1
3
1
2
0
1
2
1
1
1
3
1
4
1
2
1
2
3
2
1
3
1
2
2
3
1
3
3
4
3
6
1
3
2
1
2
1
0
2
2
2
5
3
0
3
4
4
1
3
5
2
1
3
3
1
6
0
3
4
5
1
3
4
2
4
5
2
4
1
3
3
3
3
4
2
2
3
3
1
6
2
3
4
3
4
0
1
1
1
1
3
3
0
0
5
2
4
0
1
1
4
2
2
3
1
5
1
0
2
2
1
0
3
5
1
3
1
1
1
1
2
2
8
1
1
4
0
3
3
2
4
4
2
0
1
3
2
1
4
3
1
4
1
1
3
2
5
1
5
3
1
0
1
1
1
1
2
1
0
3
2
0
2
0
2
4
1
1
3
2
0
1
1
2
0
1
1
4
4
0
2
3
0
1
2
3
2
2
1
2
4
1
1
2
1
2
1
0
1
0
3
1
3
1
3
4
1
3
1
0
2
0
3
2
3
4
1
0
2
3
1
2
2
1
1
0
3
3
2
5
0
1
2
1
2
2
4
4
3
1
3
2
2
2
3
2
0
2
1
0
1
1
0
2
0
3
2
2
4
0
1
2
2
1
1
2
1
2
3
0
2
1
0
3
2
2
1
4
2
1
1
1
3
5
0
1
2
1
3
2
2
1
1
1
3
1
2
2
4
0
1
2
0
2
1
1
0
0
4
4
1
2
3
2
1
0
2
2
0
2
0
1
1
1
1
3
5
2
5
2
1
3
1
0
1
3
1
1
0
2
2
4
2
3
3
1
4
3
1
1
2
3
1
1
5
0
1
2
1
3
2
3
3
0
1
0
2
1
3
4
3
2
3
0
1
1
3
0
1
0
0
2
2
3
0
1
1
0
2
1
2
5
0
2
0
0
1
0
1
1
0
2
3
1
0
1
2
2
2
2
3
0
0
1
0
0
2
1
1
0
1
5
1
1
0
0
3
0
2
1
2
2
1
2
1
3
3
1
1
1
5
1
1
3
2
2
0
1
0
1
3
0
2
0
1
0
3
1
1
2
1
2
2
1
0
2
1
0
1
3
2
1
0
3
1
2
0
0
2
0
0
2
2
3
3
3
0
2
0
4
1
2
1
0
0
3
3
1
2
1
2
1
1
0
0
1
1
1
0
2
3
2
1
0
2
2
2
2
2
1
1
2
4
1
2
1
3
1
3
4
3
3
2
0
0
2
1
2
2
2
3
3
2
2
4
3
0
2
2
1
1
1
1
0
0
2
3
2
0
2
1
0
0
1
3
0
3
1
2
1
1
5
2
1
1
0
1
0
0
0
3
0
1
3
1
1
1
0
2
1
0
1
1
1
0
0
1
2
1
0
3
1
2
2
0
2
0
1
2
2
2
3
2
1
0
1
1
0
1
1
1
1
2
0
0
3
3
2
2
2
1
1
1
4
2
2
0
2
2
1
1
1
0
3
0
0
0
1
1
0
3
4
0
0
2
0
3
1
1
2
1
2
1
0
0
1
0
1
3
1
2
0
2
0
1
3
1
2
3
5
2
0
1
0
1
3
1
1
2
2
1
0
0
0
2
0
0
1
1
2
4
0
0
2
1
1
0
4
1
3
0
4
1
1
2
2
1
0
1
0
1
4
0
0
1
0
0
3
2
2
2
1
1
4
4
1
1
1
3
0
0
1
3
2
1
1
0
0
2
0
0
0
2
1
0
0
3
1
0
1
1
2
2
1
3
2
0
2
1
2
0
2
0
1
1
1
6
0
2
2
3
4
3
0
1
0
0
1
1
1
0
1
3
3
1
2
1
2
1
0
0
1
0
0
1
0
1
2
0
0
1
1
1
2
1
0
2
2
0
2
0
0
0
0
1
0
0
5
1
3
2
1
2
3
4
1
2
0
3
0
1
2
0
1
1
1
1
1
1
1
1
0
1
2
0
1
2
0
1
2
0
2
0
3
1
1
1
1
0
0
2
0
1
1
0
5
1
2
0
1
0
2
1
2
1
2
0
0
0
2
1
0
2
0
1
1
0
2
1
0
2
3
1
1
1
4
0
1
1
2
0
1
3
2
0
1
1
1
0
1
1
2
2
2
2
1
1
3
2
0
0
1
2
0
2
2
1
4
0
1
2
1
1
1
1
3
0
2
1
1
3
0
0
2
0
1
1
1
1
1
2
2
2
1
0
0
2
1
2
1
0
2
2
2
2
0
4
1
0
2
0
2
0
3
1
2
2
0
0
0
0
3
0
2
0
2
1
1
0
2
1
3
0
0
1
0
0
1
0
0
0
2
2
1
2
0
2
1
1
0
0
0
3
2
3
2
1
1
0
2
0
1
1
3
2
0
0
2
1
0
0
1
2
1
2
0
1
2
0
0
2
0
0
1
0
3
2
0
0
2
1
1
1
0
3
2
1
1
0
0
1
1
2
0
0
0
1
0
1
0
1
0
0
0
1
1
1
1
1
2
1
2
0
0
2
1
2
3
4
1
0
0
0
3
1
2
0
0
2
0
1
0
0
0
0
1
3
0
1
0
2
1
2
3
1
1
0
0
1
0
1
1
2
1
0
2
2
2
2
1
3
1
1
0
0
4
1
0
2
0
1
0
0
1
2
0
1
0
1
0
0
2
1
0
1
0
1
1
1
2
1
0
0
0
0
0
2
1
2
0
2
0
1
2
2
1
1
0
0
1
1
2
2
0
0
1
1
1
0
1
0
2
0
2
2
2
1
1
1
2
2
0
0
2
1
4
1
1
2
0
0
2
1
1
2
0
1
1
0
0
1
1
2
0
0
1
2
1
1
1
3
1
1
0
4
2
2
0
0
1
0
0
5
1
1
1
1
0
2
0
2
1
1
0
1
2
3
0
1
1
1
1
0
1
1
1
1
0
1
2
0
2
0
1
0
0
1
0
2
0
1
0
0
1
0
1
0
0
1
0
0
1
0
3
1
0
1
2
1
1
0
1
1
2
1
2
0
1
1
0
2
1
1
0
1
1
0
0
0
0
0
1
1
0
2
1
1
0
0
1
0
0
1
1
0
1
2
1
2
0
1
3
1
2
0
0
1
0
1
0
0
2
2
1
1
0
0
0
0
2
1
1
0
3
0
0
0
1
1
0
0
0
0
1
1
1
1
1
1
1
1
1
0
1
1
1
0
0
1
2
0
1
1
2
1
0
2
2
1
1
0
1
0
0
1
1
0
0
0
1
0
2
0
0
1
0
2
0
1
0
1
1
0
1
2
1
2
0
2
0
1
0
4
0
1
0
2
2
2
0
0
0
0
2
0
0
0
1
0
1
0
0
0
0
2
1
0
0
0
0
0
3
1
0
1
0
1
1
0
2
1
0
2
2
0
0
1
2
2
1
1
0
1
0
1
0
0
0
1
1
0
0
2
1
2
2
0
1
0
0
0
1
2
1
1
1
0
0
0
0
0
2
0
1
1
0
2
1
3
0
2
0
0
1
0
1
1
1
0
0
3
0
1
1
1
0
0
3
1
1
1
1
1
1
0
0
0
1
1
0
0
1
1
2
0
0
0
0
0
1
0
1
1
0
1
1
1
0
1
0
0
0
0
0
1
1
1
2
1
1
1
1
1
0
0
0
0
1
1
0
2
0
0
0
0
0
0
1
0
0
0
2
1
2
0
2
0
0
4
0
1
0
1
1
0
2
1
1
0
1
0
0
1
2
3
0
1
2
1
1
0
0
3
1
0
1
1
0
0
0
0
1
1
0
0
0
0
2
1
0
1
0
0
0
1
0
0
3
1
2
1
2
0
1
1
0
1
0
2
0
0
1
0
0
2
0
1
0
0
2
1
2
2
1
1
0
1
1
0
1
1
3
0
0
1
0
0
1
2
0
0
0
0
0
0
0
1
0
1
0
0
0
0
1
1
2
0
0
0
1
0
2
0
1
3
0
2
3
0
0
0
0
1
4
0
1
1
0
0
1
1
2
1
0
1
1
1
0
0
0
0
1
1
0
0
0
0
0
1
3
1
3
0
0
0
0
0
1
1
0
1
0
0
1
1
1
1
0
1
0
2
2
1
0
1
1
0
3
2
1
1
0
1
2
2
0
1
1
0
1
0
0
0
1
1
0
1
0
1
2
0
0
1
0
1
0
1
1
0
3
3
2
0
0
0
2
0
1
1
0
2
0
2
2
1
1
1
0
2
0
0
0
2
0
1
0
0
0
0
2
1
1
0
2
1
0
0
2
2
2
1
0
1
0
2
1
0
0
3
1
0
4
0
1
0
0
1
0
1
2
1
1
1
2
0
0
2
0
0
2
0
0
1
1
1
4
6
0
0
2
0
2
2
1
1
3
0
0
0
1
1
0
2
2
0
1
1
1
1
2
0
1
0
0
0
0
2
0
1
2
1
0
1
2
0
1
1
0
1
3
2
0
0
1
0
2
1
0
2
1
1
2
1
0
0
1
2
1
1
0
6
2
2
3
0
0
3
1
4
1
0
0
0
0
2
1
0
3
1
1
0
0
2
1
0
2
1
1
0
0
0
1
1
0
0
1
1
0
0
3
0
1
0
0
1
1
0
1
1
3
1
1
2
2
0
2
3
1
1
0
0
1
2
0
1
0
1
2
0
2
3
0
1
0
3
0
1
1
1
0
1
1
1
1
1
2
1
0
4
1
1
0
0
2
1
0
0
3
2
2
1
1
1
1
2
1
0
1
6
1
1
1
0
2
1
1
2
2
2
0
0
0
1
0
1
0
1
0
1
2
2
2
3
2
2
5
0
1
2
0
0
1
2
0
3
2
0
1
1
1
0
2
0
0
0
2
1
1
0
0
1
1
1
1
1
2
0
1
2
2
0
3
2
2
1
0
0
3
0
0
0
1
0
0
3
0
1
2
0
0
0
0
1
1
1
0
1
0
0
1
0
0
0
1
1
0
1
1
0
0
2
0
3
1
3
1
1
0
0
0
1
0
1
0
1
2
3
0
1
0
0
1
1
1
0
1
1
3
1
1
1
0
0
0
1
1
1
1
0
1
1
0
0
1
0
1
0
1
1
2
2
0
1
1
0
0
0
2
2
0
1
1
0
1
1
1
2
0
0
0
0
0
0
1
0
0
0
0
1
1
0
0
0
1
1
1
1
1
0
1
3
0
1
2
0
0
0
0
2
0
1
0
1
0
0
1
1
0
0
2
1
0
0
1
0
0
0
1
0
1
1
1
1
0
0
0
0
0
0
0
0
0
1
0
0
0
0
0
0
1
0
0
0
0
0
1
1
3
1
0
0
0
0
1
0
2
1
1
0
0
1
2
0
0
1
0
1
0
0
0
0
0
0
0
1
0
0
0
0
0
0
1
0
0
0
1
0
0
0
0
0
0
0
0
0
0
0
0
0
0
0
1
1
0
0
0
2
0
0
0
0
0
1
0
0
1
0
0
0
0
0
0
0
1
0
0
0
0
0
0
0
0
1
0
0
0
0
0
0
0
0
0
0
1
0
0
0
0
0
0
1
0
0
0
0
0
0
0
1
2
0
0
0
0
0
0
0
2
1
0
0
0
0
1
0
0
0
0
0
1
0
0
0
0
0
0
0
0
2
0
1
0
1
0
0
0
0
0
0
2
1
1
0
0
0
0
0
0
0
0
1
1
0
0
1
1
1
0
0
1
0
0
1
1
0
0
0
0
1
0
0
1
0
0
0
2
0
1
0
0
0
0
0
0
1
0
1
0
0
0
0
0
0
1
0
1
0
0
1
0
0
1
0
0
0
0
0
0
0
0
1
0
1
1
0
0
0
0
1
0
0
2
0
0
2
0
1
0
1
1
0
0
0
0
0
0
2
0
1
0
1
0
0
0
0
0
0
1
0
0
0
0
1
0
0
1
2
1
0
0
0
1
1
0
2
0
1
0
0
0
0
0
0
1
0
0
0
0
1
1
1
0
0
1
0
0
0
1
0
0
0
1
0
1
0
1
0
0
0
0
0
1
0
1
1
0
0
0
1
0
0
0
0
0
1
0
0
0
0
0
0
0
0
0
0
0
1
1
0
0
0
0
0
0
0
1
0
1
0
0
1
1
0
0
0
1
0
0
0
0
0
0
0
0
0
0
1
1
0
0
2
1
0
0
0
0
0
1
2
0
0
2
0
1
0
0
0
1
0
0
0
0
0
0
1
0
0
0
1
1
0
0
0
1
1
0
0
0
0
0
0
0
0
0
0
0
0
0
0
0
0
0
1
0
0
0
0
1
2
0
0
0
0
0
1
0
0
1
0
0
1
0
2
0
0
0
0
0
0
1
0
0
0
0
0
0
0
0
0
0
0
0
0
0
1
0
0
0
0
0
0
0
0
0
0
0
0
0
0
0
0
0
0
0
1
0
0
0
0
0
0
0
0
1
0
0
0
1
0
1
0
1
0
0
0
0
0
0
0
1
0
0
0
2
0
0
0
0
0
1
0
0
0
1
0
0
0
0
0
0
0
0
0
0
0
0
0
1
0
1
0
0
0
0
1
0
0
1
0
1
0
0
0
0
0
1
0
0
0
0
0
0
0
0
1
0
0
0
0
0
0
0
0
0
0
0
0
0
0
0
1
1
0
0
0
1
0
0
0
0
0
0
0
0
0
0
0
0
0
0
0
0
0
0
0
0
0
0
0
0
0
0
0
0
0
0
0
0
0
0
0
1
0
0
0
1
0
0
0
0
0
0
0
0
0
0
0
0
0
0
0
0
0
0
0
0
0
0
0
0
0
0
0
0
0
0
0
1
1
0
0
0
0
0
0
0
0
0
0
0
0
0
0
0
0
0
0
0
0
0
0
1
0
0
0
0
0
0
0
0
0
0
0
0
0
0
0
0
0
0
0
1
0
0
0
0
0
0
0
0
0
0
0
0
0
0
0
0
1
1
0
0
0
0
0
0
1
0
0
0
0
0
0
0
0
0
0
0
0
0
0
0
0
0
0
0
0
0
0
0
0
0
0
1
0
0
0
0
0
0
0
0
0
0
0
0
0
0
0
0
0
0
0
0
0
0
0
0
0
0
0
0
0
0
0
0
0
0
0
0
0
0
0
0
0
0
0
0
0
0
0
0
0
0
0
1
0
0
0
0
1
0
0
1
0
0
0
0
0
0
0
0
0
0
0
0
0
1
0
0
1
0
0
0
0
0
0
1
0
0
0
0
0
0
1
0
0
0
1
0
0
0
0
0
0
0
0
0
0
1
0
1
0
1
0
0
0
0
0
0
0
0
0
0
0
0
0
0
0
0
0
0
0
0
0
0
0
1
0
0
0
0
1
0
0
0
0
0
0
0
0
0
0
0
0
0
0
0
0
0
0
1
0
0
0
0
0
0
0
0
0
0
0
0
0
0
0
0
0
0
0
0
0
0
0
0
0
0
0
0
0
0
0
0
0
0
0
0
0
0
0
0
0
0
0
0
0
0
0
0
0
0
0
0
0
0
0
0
0
0
1
0
0
0
0
0
0
0
0
0
0
0
0
0
0
0
0
0
0
0
0
0
0
0
0
0
0
0
0
0
0
1
0
0
0
0
0
0
0
1
1
0
0
0
0
0
0
0
0
0
0
0
0
0
0
0
0
0
0
0
0
1
1
0
0
0
0
0
2
2
1
3
1
3
3
2
1
1
2
3
4
3
1
8
3
2
3
5
3
2
2
2
4
2
1
5
5
2
5
1
2
3
5
5
3
1
1
3
0
1
3
3
3
4
4
3
5
4
2
4
1
4
2
1
2
3
1
3
1
2
1
1
3
1
4
2
2
3
3
3
1
3
0
2
4
0
4
0
1
5
2
5
1
0
2
1
2
2
3
1
3
3
5
2
8
2
2
0
3
1
5
2
4
3
4
1
2
4
1
1
8
5
1
5
2
4
5
3
2
1
2
2
1
1
1
0
