0
0
0
0
0
0
0
0
0
0
0
0
0
0
0
0
0
0
0
0
0
0
0
0
0
0
0
0
0
0
0
0
1
0
0
0
1
1
0
0
1
0
0
0
0
0
0
0
0
0
0
0
0
0
0
0
1
2
0
0
0
0
0
0
0
0
0
0
0
0
0
0
0
0
0
0
1
0
0
0
0
0
0
0
0
0
0
0
0
1
0
0
0
0
0
1
0
0
0
0
1
0
0
0
0
0
1
2
0
1
0
2
0
0
2
0
1
2
0
2
1
2
2
1
0
2
1
1
2
2
2
1
2
2
2
3
2
2
2
2
5
2
4
1
6
2
3
9
5
8
4
7
5
9
6
4
2
2
1
1
1
0
0
1
0
4
15
31
62
70
87
83
106
90
101
122
106
99
86
88
115
96
97
93
106
91
86
107
117
116
129
92
96
117
102
98
85
109
100
115
119
122
96
107
111
108
88
124
96
117
127
111
99
111
109
99
110
116
90
102
110
96
104
109
127
138
115
116
119
118
100
112
103
113
101
106
102
100
116
113
120
108
137
128
93
96
89
96
101
109
91
106
116
110
115
102
103
87
131
116
96
110
106
100
105
118
101
99
122
115
120
125
84
92
95
90
91
110
107
111
102
115
92
121
125
88
103
118
117
117
107
125
117
123
102
109
115
122
105
98
124
110
105
116
111
108
118
109
113
110
109
123
108
98
112
132
114
121
108
113
104
101
111
114
126
100
104
104
113
106
99
100
116
127
128
98
114
104
115
120
133
129
106
110
118
105
102
128
112
127
107
120
117
123
123
119
119
106
116
123
113
127
106
128
104
121
130
120
106
109
124
140
131
118
103
114
120
109
119
117
142
104
120
96
123
132
116
108
122
118
109
104
121
118
124
136
130
115
135
121
113
106
125
117
124
135
113
116
143
122
123
128
146
97
120
115
151
124
135
105
119
114
116
121
133
125
143
117
141
111
115
154
109
116
118
117
118
116
140
126
140
120
135
134
94
109
129
119
149
107
131
120
121
110
130
105
121
144
139
143
118
123
140
129
130
153
125
116
119
126
124
122
117
116
140
130
112
128
127
118
118
110
125
119
115
131
111
111
130
99
139
109
120
116
127
121
122
132
109
121
115
134
118
121
124
118
125
130
135
120
115
130
132
129
119
132
115
119
118
149
133
134
136
103
138
111
114
124
108
110
115
114
128
125
109
108
111
130
130
157
132
105
122
118
111
127
120
132
138
130
121
117
120
111
138
143
113
117
113
102
108
111
133
100
167
100
141
151
106
113
108
123
123
135
115
115
117
117
127
123
125
119
123
143
133
112
127
110
129
123
120
131
121
132
113
101
120
139
115
119
133
130
126
137
115
131
126
101
114
127
124
121
107
116
112
145
115
118
108
124
134
117
118
133
104
98
111
114
122
102
139
135
121
98
126
152
113
117
148
124
137
109
131
136
118
128
124
111
126
127
130
135
127
103
136
137
116
122
133
131
112
114
104
139
129
127
124
133
135
122
112
126
133
136
111
121
125
112
121
124
131
90
130
113
123
127
131
133
121
123
131
121
117
120
115
87
129
109
120
109
118
128
135
119
120
112
103
121
121
141
129
119
133
143
118
123
112
159
125
130
124
104
129
130
123
124
107
104
122
146
140
138
140
137
124
117
137
112
143
124
114
113
146
117
137
130
134
155
133
143
149
129
150
127
116
126
126
155
124
110
120
124
103
130
131
136
117
120
127
121
124
119
128
105
117
135
117
123
115
116
143
117
135
120
117
129
138
127
104
129
153
119
132
142
114
163
124
148
125
154
110
118
127
122
143
132
136
126
131
117
128
135
116
114
123
133
109
136
131
141
124
125
137
132
134
120
117
133
110
111
133
132
124
127
144
130
131
122
121
117
133
110
119
140
142
108
119
119
120
144
133
131
109
123
135
115
118
113
150
111
137
120
120
146
115
135
98
125
127
139
122
129
117
113
114
148
144
124
145
126
115
139
152
116
141
141
127
132
116
128
135
129
129
125
154
123
120
122
125
112
137
128
116
126
144
124
139
126
127
108
135
146
127
146
142
122
136
118
130
118
127
121
141
114
148
144
111
126
141
134
125
152
145
126
131
140
133
133
150
124
139
123
162
124
122
147
133
112
134
129
125
143
122
127
133
133
162
155
124
150
118
127
136
119
119
144
137
129
144
138
125
138
127
132
120
145
164
123
129
124
136
144
136
141
124
157
120
151
143
130
137
154
126
150
116
129
142
137
137
148
121
137
135
115
119
134
124
121
149
143
148
156
128
144
142
129
125
146
144
128
134
141
138
134
145
132
168
131
139
125
129
153
117
148
136
147
132
137
148
148
136
134
142
111
140
137
153
147
118
144
130
122
123
162
145
131
130
126
151
137
156
137
160
135
131
143
140
157
147
138
130
126
156
133
130
150
139
143
143
131
146
151
151
145
161
156
137
146
129
143
159
138
141
168
137
145
123
157
137
150
150
121
128
141
161
146
144
136
162
135
140
161
123
140
128
153
163
151
157
141
159
149
140
147
167
161
158
148
152
166
146
119
136
150
132
144
161
159
162
160
158
155
154
141
141
143
162
164
160
150
169
142
147
141
162
148
145
175
163
146
151
158
149
147
132
169
142
126
151
146
145
155
157
132
150
153
163
158
153
167
154
147
164
155
134
162
167
179
135
134
171
152
150
161
146
174
163
168
148
177
157
162
161
161
171
154
160
158
185
155
135
144
176
148
153
163
157
161
141
161
149
159
159
152
156
167
161
142
171
140
157
170
162
149
157
172
164
132
153
159
161
164
162
163
152
163
150
161
147
178
170
162
136
162
143
152
145
148
169
148
165
181
157
162
158
177
148
161
181
146
183
178
177
161
153
168
145
158
150
150
165
138
155
178
175
145
145
164
186
157
158
155
162
164
153
155
173
186
192
154
162
143
149
162
145
186
153
138
172
169
181
155
141
174
163
170
156
167
188
161
140
150
150
144
151
151
162
183
167
163
160
153
145
142
154
156
150
154
156
146
151
157
172
145
170
187
160
145
154
143
163
144
145
193
149
125
145
179
155
158
154
150
148
150
147
150
161
150
144
147
165
143
143
130
133
170
151
121
155
144
139
123
168
163
160
150
158
129
160
157
136
175
168
158
134
138
129
129
166
142
152
132
155
139
140
146
142
138
144
166
152
142
161
146
149
161
162
148
158
138
143
161
147
150
144
160
127
151
167
167
147
132
146
164
151
149
162
131
130
138
149
137
137
176
152
167
146
147
150
119
145
151
135
131
160
138
135
138
142
150
130
157
155
162
157
134
174
132
133
155
128
131
153
142
143
133
158
145
130
165
150
158
145
146
126
148
162
122
123
112
131
139
142
144
139
145
143
133
135
151
140
143
170
125
134
119
150
144
134
114
139
144
143
138
131
121
135
141
142
149
151
125
143
136
141
144
136
146
141
140
148
122
135
126
127
136
129
152
159
130
137
146
132
150
133
146
132
125
123
152
138
120
153
142
148
135
142
149
137
142
135
134
127
139
147
149
124
134
120
143
155
142
167
139
141
153
131
128
166
127
139
129
166
134
146
123
137
119
147
133
130
135
133
132
139
149
143
140
138
128
132
139
141
132
119
171
138
134
129
150
143
154
107
137
136
138
128
147
161
161
136
109
137
142
164
123
126
157
143
129
130
135
133
133
129
145
143
134
144
137
137
116
149
103
137
120
141
135
134
144
142
134
138
159
140
127
122
133
134
136
129
136
146
146
132
126
114
150
143
149
117
125
154
152
139
147
133
132
118
123
143
143
144
128
142
139
132
139
153
113
136
133
151
148
126
135
122
131
123
146
111
129
130
135
130
107
141
118
123
132
160
143
138
137
136
140
133
141
111
125
113
130
123
132
121
121
135
117
137
119
137
146
129
122
131
136
123
86
114
139
118
137
146
127
143
147
120
129
132
118
144
154
131
131
115
123
141
126
139
143
136
132
110
144
118
116
132
127
130
130
142
149
117
120
131
118
132
146
133
134
156
137
117
116
137
114
139
139
133
147
131
122
114
128
122
118
103
127
124
121
124
143
114
117
104
138
126
119
136
128
125
144
132
135
110
130
119
152
112
129
128
119
132
131
101
123
122
115
117
135
116
140
112
116
120
115
132
114
121
122
120
131
127
123
139
153
133
127
128
133
112
112
126
108
133
133
127
135
134
140
127
134
133
130
127
119
135
117
121
119
115
134
125
133
124
136
116
129
147
127
117
137
102
124
131
127
120
106
137
130
111
129
131
136
117
133
121
129
119
125
121
120
131
118
132
135
115
117
128
119
115
131
119
106
117
123
116
131
110
138
141
114
108
129
114
117
113
126
124
139
146
122
116
126
139
127
109
134
135
117
127
125
123
114
128
134
126
121
109
114
112
126
136
112
106
128
131
113
97
123
136
115
129
126
113
124
111
125
121
124
139
139
132
127
97
138
146
149
119
121
116
122
112
141
108
118
114
98
98
145
125
122
126
125
113
143
137
128
143
118
103
115
121
107
113
105
108
105
135
116
121
114
129
89
121
113
111
133
106
116
119
123
127
123
116
120
140
110
121
113
129
121
119
115
135
123
111
117
104
109
114
129
132
112
117
110
129
115
118
115
133
108
116
111
122
120
112
112
129
128
129
144
127
130
126
122
92
117
123
121
93
121
120
131
126
125
124
120
112
117
130
130
115
131
137
117
114
135
130
119
116
135
131
124
115
116
113
102
147
141
115
113
123
118
108
103
115
131
104
122
121
115
113
115
114
123
106
121
137
126
122
136
114
104
110
121
116
118
92
135
123
103
100
118
121
122
137
125
131
116
111
141
113
110
106
102
126
101
126
107
114
118
128
135
137
119
121
114
133
108
108
115
111
124
116
102
131
106
118
133
117
129
118
112
130
121
120
125
110
106
110
120
112
115
118
127
120
101
130
121
111
107
119
123
114
131
123
118
102
120
134
97
114
127
86
129
108
132
114
124
136
119
134
117
104
109
108
116
111
103
108
128
118
102
130
118
104
124
106
133
126
114
134
114
123
124
111
124
111
115
108
123
114
115
119
118
137
89
127
134
117
126
120
131
110
107
121
103
120
107
120
111
132
121
125
121
103
113
109
101
89
131
128
129
135
125
131
122
109
117
117
139
114
115
119
115
129
112
104
125
106
113
120
127
115
112
115
126
107
112
105
120
119
108
120
106
105
129
119
103
111
112
114
121
111
116
118
112
108
118
120
124
119
125
121
115
101
104
94
115
133
103
116
162
105
108
115
110
104
121
114
118
122
136
132
127
123
107
108
122
127
98
125
107
137
149
114
128
97
105
133
129
141
116
114
118
121
122
119
119
101
138
104
112
107
122
106
131
123
121
109
145
118
109
117
129
107
116
132
111
102
121
120
133
131
100
134
117
111
123
115
105
113
103
123
130
112
135
114
115
112
119
121
105
110
109
94
124
123
119
110
115
112
92
111
123
107
113
104
113
127
122
114
120
112
110
101
121
110
112
133
120
122
122
102
139
109
110
119
101
150
127
103
100
98
128
107
120
111
102
127
104
112
127
131
95
102
117
116
123
119
127
122
128
126
140
123
128
110
130
119
107
122
130
112
131
110
136
102
125
115
144
115
103
95
117
124
116
139
114
117
103
117
97
137
109
91
122
105
124
115
107
103
136
100
120
117
119
115
105
121
111
150
127
114
114
121
123
109
112
121
127
109
117
95
126
104
121
98
128
103
112
123
100
129
112
116
110
98
136
106
139
108
115
104
114
118
125
100
103
121
108
115
129
120
91
96
102
115
105
130
122
121
129
114
115
107
131
112
114
102
134
152
123
121
119
119
117
91
104
107
117
119
113
112
118
105
113
94
130
112
103
101
124
104
104
122
120
113
117
119
113
112
121
127
124
121
125
115
125
116
113
119
109
117
133
97
127
135
108
123
116
123
98
121
114
113
98
123
117
112
115
114
114
111
119
116
115
113
113
114
120
106
112
117
140
128
115
137
124
121
114
118
106
114
109
105
127
113
117
113
118
119
127
98
117
104
122
135
110
121
133
109
103
127
103
115
133
101
120
134
141
119
123
135
120
111
116
121
119
108
111
109
113
111
114
103
118
117
121
108
136
101
115
118
111
113
123
105
111
127
97
116
119
146
132
100
120
110
122
103
113
120
103
122
107
114
112
110
116
116
113
126
119
107
97
121
104
119
112
124
111
117
123
114
103
125
109
133
124
112
102
97
101
116
109
93
115
132
124
118
108
116
109
122
126
122
122
104
140
112
98
105
119
118
134
128
111
112
118
124
105
107
111
118
102
128
104
118
108
125
121
124
101
115
107
120
109
118
117
121
113
110
120
148
132
103
125
126
111
125
115
117
111
117
111
111
111
117
132
117
114
103
110
124
113
119
103
126
130
129
118
111
118
103
116
132
129
103
107
101
117
93
104
122
148
114
125
117
116
97
111
98
97
101
94
119
109
113
116
98
139
100
110
118
124
119
137
119
144
124
117
107
117
112
98
120
101
126
115
113
109
106
123
102
124
123
97
110
130
115
110
126
99
120
132
119
137
111
132
109
143
99
128
126
106
107
122
121
127
110
109
107
106
119
110
104
113
129
120
102
131
111
116
111
115
132
123
108
130
107
107
99
96
120
129
104
115
110
107
126
124
114
117
129
121
117
104
106
96
125
132
117
117
93
116
137
117
100
103
131
123
114
123
114
111
128
125
111
128
134
110
123
121
110
96
100
102
111
107
119
109
129
133
116
110
133
112
118
104
123
120
106
102
106
107
115
105
137
113
101
100
126
105
119
92
116
113
125
126
102
126
127
118
143
125
112
125
104
126
113
114
109
106
114
109
125
104
123
115
126
117
116
131
106
125
117
123
119
106
126
118
121
124
108
108
107
117
116
120
114
121
122
109
120
111
113
100
114
99
130
120
122
109
111
129
114
114
116
116
120
127
94
96
119
105
116
120
109
129
118
96
87
96
115
101
113
116
124
127
121
97
136
116
120
124
107
99
106
115
102
119
108
120
121
130
132
120
122
114
111
135
102
113
110
103
118
128
109
109
119
112
118
90
103
108
118
106
111
100
123
110
120
98
121
101
128
107
105
113
99
126
119
119
115
111
117
124
129
95
125
105
123
123
100
118
107
99
112
123
122
108
129
131
105
100
117
108
115
108
127
110
131
121
124
119
125
124
119
103
140
116
110
114
128
95
117
115
118
127
128
129
104
121
113
117
113
125
114
93
104
129
114
134
118
117
109
100
125
118
110
114
106
128
123
135
100
103
123
117
143
133
108
107
106
109
107
107
111
110
117
103
120
115
119
111
125
123
124
142
91
112
139
110
113
131
105
113
120
122
121
95
96
126
104
126
133
86
111
108
118
118
152
111
105
94
118
104
115
105
112
119
113
128
112
125
128
126
110
109
114
124
121
110
111
130
112
103
106
130
109
100
123
107
103
132
99
128
126
100
99
125
100
125
113
127
118
121
122
116
133
106
115
100
103
130
133
136
124
121
123
110
126
110
108
106
121
115
139
130
118
129
127
104
134
102
107
127
128
120
115
127
109
117
123
108
126
129
120
116
118
136
112
124
119
116
124
112
122
116
108
126
112
118
143
101
126
135
114
131
119
114
112
121
113
126
109
121
103
114
127
123
118
105
116
118
118
132
117
125
127
118
123
113
100
119
125
102
114
134
125
120
127
124
123
153
121
123
114
114
85
110
102
138
104
141
123
123
134
114
110
128
126
112
110
131
103
106
112
109
109
120
110
142
106
120
102
108
122
129
120
104
113
103
138
128
122
119
99
125
109
127
92
130
111
121
103
120
111
125
124
98
120
128
113
139
111
124
124
110
111
122
119
133
123
117
126
117
104
119
134
117
132
122
131
137
105
108
117
117
120
145
131
127
117
116
129
126
126
114
99
132
108
132
138
124
115
107
141
130
113
106
127
116
127
128
113
101
113
129
111
116
112
121
121
125
142
101
110
110
123
118
113
112
120
121
135
137
123
120
127
119
143
101
129
111
119
121
128
139
105
128
106
109
130
120
119
110
123
122
123
128
112
114
119
118
119
128
118
116
124
124
103
116
121
109
146
113
122
104
111
130
112
134
103
126
124
137
113
123
125
139
117
121
117
134
135
130
125
126
127
147
125
85
111
112
129
124
137
112
121
113
119
130
117
144
113
118
106
140
130
111
130
126
124
125
123
111
118
105
120
129
119
120
127
114
121
125
114
110
111
130
119
113
142
107
146
119
110
110
106
136
116
142
125
95
131
118
110
121
125
132
125
117
126
123
123
123
129
129
132
128
135
135
110
117
116
136
116
140
122
124
108
109
106
130
136
147
111
120
123
134
112
132
118
121
116
134
120
127
106
117
120
114
133
130
108
119
113
114
121
128
128
117
123
116
127
106
118
132
127
121
115
124
128
138
114
122
103
117
145
115
123
122
122
140
118
137
118
134
126
129
119
144
144
101
128
133
125
128
132
98
139
126
120
130
122
117
100
130
124
125
130
124
138
116
122
123
135
132
127
115
120
127
130
121
118
112
129
120
122
117
102
112
140
116
109
128
123
133
117
120
125
125
106
122
122
162
122
101
123
127
130
122
119
109
93
146
124
132
117
134
131
122
113
122
136
101
104
128
123
128
129
121
132
139
112
121
105
116
107
126
129
103
102
116
119
122
122
143
120
125
115
110
117
128
121
114
126
119
131
116
144
109
115
134
122
115
124
116
137
98
122
123
131
133
130
109
123
127
104
135
124
130
131
127
127
128
133
120
119
138
123
133
133
130
110
125
125
125
137
120
114
130
109
121
112
140
138
123
101
135
107
116
127
131
106
140
135
117
126
122
130
131
134
129
138
120
108
127
135
130
107
113
114
129
120
116
120
117
144
129
120
119
117
112
117
132
125
135
123
120
124
121
113
126
125
126
135
132
136
106
113
123
135
119
121
129
126
97
140
108
126
120
118
124
111
103
132
121
109
112
119
146
113
125
98
120
118
124
120
127
149
136
125
132
124
138
120
120
91
109
123
127
104
119
120
125
134
122
134
123
138
130
117
138
109
133
122
121
129
134
123
129
110
151
135
145
118
131
135
121
117
129
138
129
130
108
144
106
131
146
126
115
125
119
120
133
110
121
113
124
130
132
122
113
131
123
127
129
119
125
141
124
138
113
118
122
133
127
152
110
122
137
104
138
126
119
137
118
110
121
140
145
144
113
147
133
114
124
142
115
105
118
125
121
123
106
160
136
121
124
134
120
121
133
126
114
128
133
144
139
142
135
141
134
123
139
147
122
136
153
117
123
144
102
127
131
132
119
130
131
125
154
129
125
123
121
142
112
149
138
129
133
111
131
126
109
120
130
140
115
134
139
140
130
140
146
122
125
139
129
124
115
132
131
152
115
134
123
145
141
134
130
131
117
139
139
144
139
129
132
132
134
118
162
138
136
110
127
115
125
150
147
107
143
132
135
145
119
125
150
142
126
147
121
130
129
144
119
120
126
117
153
128
136
120
135
134
128
127
125
142
139
123
129
134
122
126
129
132
145
139
130
127
125
138
121
139
133
126
147
141
130
125
132
134
144
130
143
139
125
139
131
132
120
142
137
145
145
137
115
136
136
136
125
124
124
125
131
135
125
116
139
121
119
130
134
130
135
145
146
157
139
133
140
130
134
141
148
133
128
142
126
151
144
121
145
123
122
136
142
124
135
114
139
125
139
131
143
137
158
165
132
119
133
132
133
142
123
125
148
149
160
139
145
147
119
132
131
136
132
142
144
140
132
135
115
133
132
121
130
138
141
135
140
120
163
133
156
144
154
135
146
148
141
147
132
131
145
153
142
120
153
169
147
124
124
109
123
125
114
155
145
143
141
150
117
128
146
140
136
132
149
126
131
139
134
136
127
153
114
133
131
121
128
138
124
136
152
137
143
117
127
136
149
163
149
142
147
135
140
134
126
145
135
118
162
137
127
149
136
148
129
126
143
129
131
127
125
122
153
138
149
155
146
144
143
144
144
137
131
139
147
143
131
156
126
133
145
138
146
121
126
152
158
138
155
145
136
130
138
139
134
163
137
130
144
133
138
133
143
143
155
131
120
122
138
123
140
140
128
154
149
136
143
138
152
125
127
163
155
145
140
151
151
134
134
148
146
158
125
131
134
142
147
133
147
151
132
155
157
143
150
140
167
149
128
139
148
155
168
148
128
112
127
127
128
138
150
127
129
143
147
156
141
132
142
142
134
139
142
157
130
143
154
148
122
134
153
125
147
157
143
120
126
146
125
153
150
146
144
126
155
132
155
145
145
125
151
132
127
137
145
145
137
142
150
149
127
158
148
154
146
138
142
138
137
149
137
147
139
137
153
146
141
121
143
154
164
146
143
138
128
143
145
146
151
143
149
110
156
149
131
150
158
146
152
152
143
128
144
148
145
144
113
160
125
132
147
152
121
144
142
147
149
133
146
133
148
143
156
132
121
111
133
129
139
132
146
153
114
153
149
125
133
161
140
132
136
145
129
128
152
147
142
155
173
138
137
129
160
108
134
134
143
141
137
130
117
149
146
155
153
137
161
151
132
137
155
129
154
146
134
152
161
148
129
132
141
156
138
130
149
119
151
146
136
153
125
130
136
138
148
133
137
135
136
141
142
144
144
146
140
153
149
147
146
144
149
141
132
137
142
137
165
127
139
135
133
145
150
149
125
152
148
133
122
154
138
135
137
140
131
147
132
122
146
163
113
138
147
136
156
153
156
130
151
145
142
130
116
127
130
143
104
134
132
125
155
149
138
128
139
124
139
135
151
138
131
130
149
161
134
147
121
106
129
149
142
131
126
136
131
173
137
158
134
122
132
124
147
140
135
144
133
132
150
133
137
137
141
132
153
130
131
133
137
153
134
134
114
118
132
162
143
137
160
137
126
136
145
140
156
153
137
136
122
146
123
122
121
143
154
117
142
116
130
146
122
142
138
141
145
141
150
139
127
136
122
130
140
139
138
123
117
140
129
139
137
153
119
132
123
128
115
141
139
125
149
123
135
133
137
129
128
129
134
129
161
123
147
116
119
120
127
140
140
143
135
132
139
116
120
126
130
127
138
135
143
128
138
130
135
142
124
113
143
130
144
127
129
153
133
148
128
114
132
121
129
141
150
145
141
112
117
129
143
137
141
130
125
126
133
121
134
152
105
145
147
136
125
132
120
137
136
139
125
117
120
129
149
123
110
117
132
138
130
119
110
123
105
135
121
126
119
154
121
134
122
107
127
137
127
121
115
129
132
121
122
124
127
111
125
128
121
124
138
113
128
125
115
116
117
125
129
137
127
125
117
126
113
129
118
116
124
131
130
112
107
147
128
123
118
123
134
120
138
107
114
112
123
117
122
127
113
126
111
102
104
122
130
123
105
118
133
125
119
120
114
119
118
121
122
117
111
126
117
109
96
109
101
104
98
105
107
117
110
118
134
107
119
113
111
123
100
125
112
111
104
133
97
128
113
110
107
125
111
106
97
122
117
96
116
108
115
107
123
110
106
124
136
103
110
95
129
130
107
109
108
112
92
100
114
115
117
125
118
96
109
115
116
136
95
104
108
101
103
88
106
108
104
117
114
119
104
84
95
98
103
90
103
97
127
109
120
116
108
108
117
112
106
104
86
122
101
102
103
110
98
112
111
109
101
96
111
118
110
98
111
95
102
93
98
100
81
107
107
95
100
83
94
109
89
97
92
95
95
112
99
106
101
84
107
97
111
102
110
110
91
86
108
115
108
103
105
90
92
91
86
90
98
110
105
110
87
86
93
102
106
89
89
101
108
102
89
95
86
79
88
103
90
93
105
99
100
89
97
88
98
86
103
105
75
99
100
94
94
90
86
96
88
100
96
92
97
104
91
113
108
120
81
107
95
91
102
96
79
88
102
108
82
116
95
95
86
92
93
100
94
84
110
97
128
105
96
106
97
102
89
101
112
105
89
104
80
81
91
100
108
97
104
98
90
106
98
85
100
90
111
101
102
106
89
77
110
88
87
83
103
97
88
85
98
99
113
111
105
95
92
109
93
123
98
97
90
105
88
101
96
79
87
79
86
92
93
89
90
92
98
102
110
70
103
123
95
94
87
93
92
83
95
84
92
82
94
95
85
92
90
92
92
78
97
97
82
91
89
82
79
96
83
98
94
97
94
62
77
103
87
91
99
93
85
102
89
85
85
76
92
85
96
87
92
100
84
110
93
98
95
89
92
95
84
97
96
84
83
89
110
91
76
83
96
100
103
87
81
104
100
80
97
87
95
78
95
90
95
87
78
98
93
99
84
106
86
114
87
95
78
81
94
100
80
86
96
103
101
84
115
105
101
82
115
97
102
92
97
98
94
108
98
77
81
88
94
80
92
91
73
89
75
67
105
87
93
92
84
99
93
90
103
88
92
78
88
100
87
108
88
76
94
80
95
95
93
107
86
84
101
84
103
74
79
94
96
94
78
98
75
97
100
87
85
100
101
110
75
98
116
109
92
102
108
98
104
84
84
81
96
87
111
91
75
93
84
95
111
103
86
94
83
99
80
101
96
91
88
87
93
80
80
102
90
76
93
96
90
87
78
94
92
76
76
76
75
110
79
85
99
95
110
107
88
88
92
106
100
86
91
73
89
111
90
86
80
105
79
80
101
90
77
78
82
98
85
89
90
113
79
91
108
87
86
116
87
103
91
91
96
102
96
89
81
98
88
93
97
93
101
99
92
99
81
94
104
108
98
111
102
120
80
92
103
85
85
101
92
93
96
123
91
105
72
92
97
87
112
104
96
97
91
112
100
92
100
104
86
96
100
104
101
99
88
86
102
81
113
98
108
88
95
88
84
100
115
104
86
88
100
89
100
98
100
85
118
98
94
105
94
80
94
84
97
94
114
105
94
115
99
95
113
93
83
106
109
110
111
109
101
99
86
101
90
105
120
108
78
113
109
101
95
82
115
88
105
93
88
99
110
119
104
109
96
103
119
112
102
121
122
94
109
108
128
87
112
98
126
117
112
92
100
111
112
102
97
94
112
113
114
126
116
106
122
102
105
121
113
104
111
116
112
112
102
101
108
99
103
113
129
110
90
122
108
117
105
104
118
114
125
100
119
120
115
137
130
96
121
131
116
125
129
136
122
112
102
114
109
107
125
114
115
129
127
117
115
112
121
139
137
118
111
112
108
106
124
116
116
134
123
133
145
129
128
139
126
105
141
129
115
142
119
119
129
124
126
123
138
129
155
118
130
133
131
131
124
130
124
105
124
146
164
122
144
148
124
113
129
141
132
138
141
141
147
132
127
133
149
138
134
126
147
117
148
167
121
126
143
156
156
143
159
157
164
142
183
172
163
148
167
168
170
169
150
161
160
166
169
171
147
182
161
148
146
168
154
158
179
158
153
173
175
170
169
181
180
151
154
180
171
181
165
165
163
164
177
183
177
176
148
165
161
190
185
178
175
187
168
159
174
201
200
169
179
187
180
187
176
173
172
189
199
228
195
199
214
176
186
206
173
219
216
203
186
212
196
181
220
222
176
199
204
199
206
183
213
198
206
232
217
207
192
212
218
194
187
225
216
211
188
225
217
215
215
243
236
231
227
234
210
219
206
217
212
235
235
238
253
223
258
247
227
242
245
251
231
247
237
228
237
245
276
281
240
252
269
227
293
247
246
253
276
255
264
250
251
276
272
247
264
252
245
273
266
269
256
243
261
256
270
254
319
271
283
283
289
305
276
284
283
263
269
300
267
283
243
326
309
265
272
280
290
291
264
275
294
289
284
291
306
292
296
283
295
313
293
292
310
291
317
309
319
277
287
275
316
327
293
302
307
298
312
304
325
293
318
340
309
279
362
314
320
282
276
338
350
334
325
344
287
323
316
369
342
318
321
329
317
329
329
340
330
325
292
295
320
320
289
313
351
346
347
334
323
314
339
303
313
363
316
322
335
362
328
342
357
344
331
313
365
375
348
337
346
311
339
317
335
312
324
326
338
330
325
351
325
320
305
320
328
292
327
318
343
330
354
346
322
345
308
343
321
314
340
327
325
265
336
296
313
328
342
338
338
321
309
339
294
329
314
329
330
359
306
310
320
329
336
289
309
273
316
309
332
343
276
296
331
316
331
307
339
332
295
274
333
305
287
312
305
303
285
332
293
278
308
315
289
286
319
293
296
276
258
291
294
295
279
271
275
296
289
275
254
313
285
246
223
289
322
262
257
269
314
298
270
256
284
276
279
255
268
244
269
242
252
244
227
268
261
226
259
268
281
239
256
236
242
234
243
230
245
246
222
236
238
232
227
231
215
224
242
254
239
204
226
234
205
228
235
204
228
204
219
205
204
205
184
221
202
218
203
194
236
193
220
202
205
190
191
198
197
172
196
175
197
180
179
176
172
181
194
187
202
181
186
158
166
181
167
176
168
179
147
155
160
150
154
148
162
160
159
165
154
154
156
152
160
155
168
156
135
134
151
159
137
116
124
151
144
133
126
144
133
131
138
140
141
126
130
141
141
128
121
131
134
125
116
122
106
137
123
126
106
124
121
108
108
101
108
115
111
101
97
104
108
109
101
117
110
126
99
98
119
116
97
95
115
99
89
91
94
105
84
98
94
99
98
76
97
91
82
103
92
87
104
91
90
81
93
78
83
94
76
85
77
88
78
81
85
86
95
66
89
79
76
67
82
91
83
81
69
72
82
90
90
58
68
77
67
66
73
71
70
67
77
65
74
77
68
77
73
65
54
70
53
73
57
63
56
65
78
65
97
60
69
69
71
72
68
74
65
80
78
67
62
69
75
64
69
67
74
64
70
70
68
68
65
66
71
89
90
77
68
59
66
68
62
61
59
64
68
60
58
75
77
79
49
72
58
78
66
72
67
78
65
74
70
59
87
74
60
65
68
76
70
68
79
60
71
84
81
74
103
69
59
83
65
71
71
75
77
63
67
69
81
80
82
77
85
85
88
79
71
66
78
84
86
78
79
88
71
72
81
91
77
71
86
73
75
80
82
77
78
93
86
86
85
85
86
95
70
99
94
76
85
77
80
87
96
85
71
89
105
100
88
88
99
104
102
99
100
79
102
107
96
96
102
125
122
87
115
115
103
99
85
93
108
95
119
111
95
113
94
88
98
104
119
121
116
85
105
90
90
86
108
117
96
120
112
105
126
99
114
98
112
100
137
117
97
124
115
121
138
124
117
109
105
133
128
126
133
127
136
133
132
120
145
117
130
135
119
130
132
121
152
141
131
116
130
132
131
148
135
116
148
141
143
144
146
144
151
157
139
152
139
162
163
173
147
154
139
159
150
137
173
147
161
132
151
142
160
168
175
167
179
160
148
143
145
148
178
159
180
149
166
154
157
198
174
172
171
175
152
184
191
163
186
204
183
158
195
194
168
182
173
183
194
183
195
181
199
206
202
187
187
211
195
197
157
196
206
201
195
172
199
183
213
189
180
194
200
228
199
218
213
189
221
205
207
211
246
214
230
207
205
196
201
232
206
206
206
215
230
226
218
248
247
223
238
217
208
265
248
219
203
244
263
247
221
238
251
215
244
226
229
242
218
234
261
240
244
247
243
232
252
242
230
241
228
239
238
239
251
248
247
226
268
250
271
257
261
267
261
259
251
261
270
227
290
234
264
244
267
254
258
264
266
292
252
255
279
249
276
262
252
256
267
261
264
263
290
289
270
254
272
262
275
275
270
235
270
271
282
283
279
276
273
274
271
281
278
287
246
295
288
287
273
274
276
309
266
283
270
280
271
264
307
286
290
272
251
273
283
252
268
269
260
289
273
264
292
271
310
272
282
263
261
281
318
288
295
298
287
262
254
288
264
293
236
310
301
250
274
267
279
251
250
235
288
273
237
265
283
295
271
242
276
273
279
267
249
256
266
241
235
279
259
257
252
268
287
287
269
268
277
237
257
258
265
270
274
220
262
282
239
247
283
260
258
279
258
260
248
259
256
217
233
252
235
261
229
240
249
242
240
240
239
251
231
268
240
229
241
236
230
252
246
222
248
223
222
238
204
206
276
236
211
213
216
243
226
219
220
216
236
204
218
208
206
215
210
165
203
222
215
191
199
216
188
190
211
220
202
207
196
174
199
190
194
187
209
178
186
207
205
176
170
191
188
169
173
175
193
162
175
185
204
175
161
189
175
156
171
166
163
155
197
167
174
157
142
150
150
169
165
165
176
148
141
159
140
132
138
130
148
164
153
157
154
151
139
149
137
138
133
146
135
129
127
123
138
130
117
123
133
117
119
113
110
130
129
101
126
141
122
101
98
92
121
88
113
115
97
96
117
97
92
117
108
108
118
104
90
108
91
92
116
100
92
91
84
93
70
89
97
85
92
75
80
94
93
77
89
87
98
75
73
79
81
63
84
77
80
73
80
69
76
61
66
73
77
60
56
70
59
65
64
56
89
68
52
62
62
51
56
59
56
56
64
51
56
41
46
52
53
42
51
61
50
52
51
68
46
49
48
34
57
46
48
45
37
38
46
43
45
42
54
52
52
41
39
33
38
42
39
34
38
41
30
43
41
38
34
43
33
29
36
29
44
46
29
23
32
31
29
23
29
34
25
28
33
23
36
32
29
27
34
38
24
19
24
25
22
22
24
28
35
20
27
14
29
19
26
17
20
24
23
17
21
21
15
18
23
25
16
19
20
21
23
17
16
17
14
15
16
15
23
26
23
18
18
15
11
16
17
8
8
11
13
13
19
9
12
13
15
7
14
15
17
12
9
17
10
22
15
10
16
9
11
13
17
15
7
13
8
6
12
10
13
11
14
9
20
12
10
17
6
14
9
17
5
9
14
10
6
5
14
5
9
10
10
6
13
12
8
9
12
14
7
11
7
7
8
8
7
9
7
6
7
15
10
7
10
7
12
8
7
8
1
9
6
8
7
6
10
8
10
6
6
6
9
7
7
3
3
9
7
7
8
2
3
4
10
7
10
7
9
6
9
2
8
6
5
5
12
3
9
3
7
6
10
8
8
4
8
5
6
11
10
8
6
5
1
7
5
5
5
7
5
4
5
4
5
4
5
7
4
4
9
3
6
9
6
4
4
6
4
8
7
3
4
9
6
8
7
11
12
6
8
6
2
4
5
2
3
5
2
7
11
7
4
4
3
4
9
8
3
4
4
9
5
2
7
3
5
5
10
5
8
5
4
5
6
9
11
5
2
9
4
9
7
7
4
8
1
8
7
5
4
7
7
6
4
2
4
2
6
4
4
4
2
9
5
3
3
6
5
5
5
9
2
4
5
5
5
4
2
5
5
5
4
2
9
5
3
3
8
3
2
1
6
3
3
2
4
3
3
5
7
5
3
2
3
4
4
3
4
8
2
10
4
2
6
6
3
4
4
3
4
7
1
3
1
6
5
4
5
4
5
3
3
4
6
9
7
6
5
4
3
7
3
6
8
5
8
6
1
4
5
4
3
6
5
3
6
4
3
5
4
6
3
5
4
4
3
5
3
8
3
7
3
8
5
2
6
3
4
4
4
8
4
3
6
7
6
6
3
8
1
5
8
3
1
11
6
3
6
6
1
4
3
7
6
4
6
5
4
3
5
3
4
2
3
5
4
2
4
7
2
4
4
4
6
3
4
1
7
5
9
2
4
2
4
4
5
3
2
3
3
6
5
3
2
4
3
6
8
4
3
3
1
3
4
2
3
2
2
5
4
6
3
2
5
3
2
3
4
3
4
1
1
3
8
7
4
4
3
4
4
3
4
5
5
3
1
3
4
2
7
3
7
7
3
3
3
4
2
3
5
3
4
6
4
6
3
2
3
1
4
7
4
7
3
6
2
5
8
4
4
0
6
4
3
4
2
2
8
6
2
6
6
6
2
3
3
8
2
5
3
4
7
3
4
3
6
5
1
2
3
5
5
6
1
6
3
9
5
3
4
3
9
8
0
8
5
2
3
3
1
4
4
5
9
5
3
2
7
6
3
7
6
2
5
5
7
2
9
4
3
1
4
1
4
5
4
7
0
5
5
2
0
7
1
7
7
6
2
2
4
4
4
5
3
2
5
4
5
2
4
6
2
7
3
2
4
4
4
6
5
6
3
3
4
4
3
1
1
2
5
1
5
3
5
7
1
5
2
3
2
3
5
2
2
3
8
1
3
5
5
2
4
3
4
4
2
5
3
2
9
8
2
3
1
5
3
2
3
2
2
5
2
5
4
76
101
81
69
77
80
70
71
77
70
83
80
68
72
81
92
71
71
64
69
71
94
61
75
85
73
70
78
97
92
73
105
65
79
85
67
73
80
85
72
71
64
72
76
81
86
84
86
76
80
76
68
67
82
76
89
65
71
80
66
70
73
71
69
82
72
85
63
68
64
100
75
67
79
75
74
88
72
75
63
96
80
79
55
53
67
72
78
63
70
76
89
84
82
63
63
63
89
65
62
70
62
72
84
73
78
56
87
89
72
76
74
70
66
79
61
70
86
79
79
68
73
80
75
70
74
64
30
