0
0
0
0
0
0
1
0
0
0
0
0
0
0
0
0
0
1
1
0
0
0
0
0
0
0
0
0
0
0
0
0
0
0
0
0
0
0
0
0
0
0
0
0
0
0
0
0
0
0
0
0
0
0
0
0
0
0
1
0
0
1
0
0
0
0
0
0
0
0
0
0
0
0
0
0
0
0
0
1
0
0
0
0
0
1
0
0
0
1
0
0
0
0
0
0
0
0
0
0
2
0
0
0
0
0
1
1
0
0
0
0
0
0
0
0
2
0
0
0
0
0
0
1
1
1
1
0
0
0
2
1
0
1
4
2
2
1
2
0
1
4
0
1
4
0
5
5
2
4
6
2
9
9
7
1
1
4
5
1
3
1
0
0
1
1
15
30
51
58
86
82
85
76
96
96
98
84
98
108
88
92
97
102
106
95
92
78
88
79
123
88
95
87
89
112
97
85
92
84
88
97
95
92
96
98
85
105
94
92
97
105
106
94
109
89
111
100
104
99
79
103
97
89
102
88
101
100
110
99
110
107
84
94
108
103
89
113
83
95
94
95
91
113
106
98
96
106
102
84
87
90
109
92
106
98
99
81
80
98
122
107
99
106
102
112
103
97
82
97
86
119
105
111
78
98
96
102
97
115
106
89
101
112
107
109
109
89
108
110
101
110
104
106
99
103
102
106
92
95
103
98
110
107
85
108
105
131
118
110
110
96
98
103
95
122
106
115
106
101
90
109
99
101
109
105
94
106
110
106
99
109
93
88
94
119
96
98
120
94
102
103
105
106
112
105
127
127
100
102
102
102
96
94
113
91
98
117
103
102
103
92
111
115
114
111
94
86
102
96
99
120
118
102
95
96
87
127
105
111
105
97
108
111
95
110
99
117
120
105
114
104
126
109
110
111
103
96
106
95
109
97
104
121
132
103
111
91
125
126
119
103
100
101
95
130
102
120
120
110
102
128
117
114
110
107
98
95
115
117
128
112
107
124
94
109
101
98
116
113
99
102
98
132
105
111
132
123
112
118
131
128
115
103
121
85
106
109
108
121
115
107
93
121
99
114
117
131
112
121
113
131
108
114
124
131
101
117
78
103
118
109
118
107
105
103
125
128
116
111
127
118
115
126
130
108
120
91
127
114
105
99
110
104
99
89
134
129
134
125
124
125
88
89
107
113
116
113
117
110
105
85
118
115
117
100
111
99
121
108
93
115
122
109
114
110
125
98
118
107
135
108
112
96
108
109
106
98
100
99
106
92
115
108
94
111
110
95
111
108
102
108
108
106
117
100
110
106
131
117
89
110
113
113
117
115
101
130
94
120
110
112
89
107
122
108
134
97
100
100
107
109
90
103
108
104
116
113
124
123
122
128
91
101
95
116
103
104
103
119
135
112
87
108
115
101
115
90
120
128
105
109
104
136
109
109
107
116
112
119
112
110
88
99
99
105
106
112
116
106
123
112
107
110
102
114
111
136
97
105
120
110
86
103
112
104
121
104
97
115
106
109
103
108
111
111
116
104
99
102
106
95
106
115
109
107
127
109
122
114
99
100
113
121
124
113
98
124
98
95
87
123
113
101
118
102
107
99
108
129
109
107
98
95
117
108
94
114
96
86
141
99
104
107
121
112
115
121
118
150
95
117
120
113
110
108
125
108
115
125
126
114
117
105
98
112
117
106
110
125
132
115
101
97
113
107
116
125
126
115
122
137
104
113
113
120
116
115
103
111
124
118
102
107
106
121
109
110
111
108
103
126
129
121
110
117
124
96
119
127
115
115
103
121
124
123
102
96
114
126
107
129
109
115
109
89
83
113
108
133
115
136
111
104
125
116
114
101
111
128
105
131
125
138
125
107
103
124
124
112
110
120
122
124
117
122
116
129
118
126
92
114
112
103
125
126
115
105
120
130
117
126
104
132
105
125
101
124
108
107
114
128
113
131
111
92
121
127
110
112
105
125
113
108
109
118
137
131
112
111
116
120
109
114
109
112
102
134
129
120
127
91
118
114
116
116
104
107
121
97
115
98
123
99
98
127
122
125
129
124
133
111
97
116
126
130
123
122
128
114
115
130
101
131
125
122
105
103
122
118
114
117
123
110
116
138
123
113
125
124
113
142
142
109
113
129
143
112
115
130
106
101
103
102
116
108
102
114
122
105
124
124
128
125
103
121
112
131
138
107
119
116
132
122
119
107
132
120
125
146
113
117
108
123
115
102
120
146
136
130
118
112
138
125
142
127
106
125
109
117
123
111
108
108
109
114
115
132
100
122
126
127
110
112
132
125
134
117
122
126
133
124
138
115
106
137
107
121
122
120
140
132
140
119
115
98
111
117
114
131
135
122
122
124
133
133
127
112
127
141
113
115
118
115
129
124
122
149
151
130
100
124
121
116
129
121
118
110
123
143
113
132
108
110
130
119
137
111
124
146
126
122
148
136
135
117
139
142
125
126
145
112
135
137
128
134
123
122
115
122
117
127
145
145
128
107
125
120
131
134
132
134
118
138
132
133
115
136
135
115
112
125
153
124
134
137
141
134
140
128
143
133
122
138
114
137
141
144
130
132
138
142
143
126
147
149
126
140
121
124
141
120
118
114
128
105
149
132
143
134
144
130
130
126
121
126
150
129
131
138
143
146
133
124
117
134
147
142
111
143
125
159
128
132
135
130
163
141
131
142
158
102
163
154
140
119
153
175
166
135
126
133
139
155
151
129
135
138
144
149
138
141
154
160
151
128
146
154
147
127
143
135
137
145
146
157
134
143
136
139
137
157
118
115
165
133
155
143
168
163
130
165
146
156
159
135
158
136
147
133
141
142
154
144
154
172
147
147
164
128
142
135
120
158
157
120
155
159
141
134
142
147
143
141
143
156
139
157
142
138
149
150
155
136
149
136
153
151
134
145
157
136
164
130
151
130
141
139
126
154
140
149
126
125
134
144
148
132
148
142
147
142
156
144
142
151
153
130
121
127
153
158
137
162
108
155
114
130
136
161
173
142
138
126
165
144
154
145
151
133
128
131
141
133
160
124
137
133
133
148
145
136
142
141
158
135
137
121
153
139
129
146
150
141
136
127
132
143
125
120
145
139
151
126
138
141
149
125
160
125
122
129
118
131
151
139
126
127
142
126
113
138
151
139
145
148
137
124
136
140
137
136
132
124
139
134
129
151
127
131
130
140
135
116
139
121
132
120
139
123
138
141
138
138
123
113
137
127
139
124
123
121
126
135
140
131
140
121
123
150
137
143
141
123
135
125
122
121
136
163
131
155
150
140
149
142
157
135
142
135
134
133
114
134
135
146
130
130
128
134
124
138
106
125
156
125
145
142
123
132
132
142
118
143
159
133
128
116
148
122
131
119
142
122
138
127
127
131
137
116
118
110
128
130
125
135
115
103
136
123
128
126
132
135
118
119
114
125
134
123
108
115
135
141
113
130
122
112
133
131
124
115
108
117
117
104
126
152
104
125
131
132
130
121
128
132
132
112
134
125
127
130
141
130
116
117
138
135
114
129
154
114
123
137
124
122
131
146
121
108
120
115
134
127
133
121
131
129
124
138
136
127
127
142
147
125
124
132
122
124
117
121
146
119
132
131
119
119
120
125
99
111
133
133
128
134
106
118
134
132
133
120
127
112
126
109
120
127
133
107
122
107
120
133
130
122
127
117
138
132
133
105
105
132
131
107
124
92
115
123
131
122
100
111
141
106
137
123
121
106
146
118
152
112
116
101
130
124
124
107
112
117
114
133
115
111
107
155
113
122
127
126
113
143
102
118
100
122
118
129
111
125
129
127
134
122
111
112
130
140
111
128
123
126
107
119
125
124
114
116
126
130
116
107
134
111
129
112
117
137
126
104
128
111
139
133
111
104
123
120
125
121
120
132
129
132
118
105
95
127
120
125
127
135
117
129
116
132
126
111
127
126
117
108
119
113
135
121
115
131
110
120
126
134
125
105
129
124
127
113
100
120
108
104
127
102
129
136
119
111
103
102
156
124
120
111
123
119
126
107
113
115
125
119
87
136
116
111
120
118
108
111
113
117
91
99
130
125
130
105
103
130
108
106
95
112
102
118
95
122
118
106
112
125
111
105
114
121
110
98
103
139
129
109
116
129
108
116
118
101
126
105
105
106
111
127
94
109
113
124
141
100
113
106
115
119
111
114
108
102
117
105
129
129
104
97
93
102
123
125
123
89
114
127
113
120
97
109
92
107
108
106
108
132
139
93
106
101
117
113
102
104
108
105
127
112
96
85
114
121
118
117
110
96
121
111
120
101
128
105
119
118
110
124
106
111
124
113
99
103
112
99
91
127
110
110
111
104
113
112
103
101
102
120
127
121
100
112
125
88
107
103
110
102
102
120
112
108
107
87
109
109
105
106
137
123
109
113
120
114
88
113
109
91
112
124
111
97
109
112
92
98
101
99
121
104
113
126
91
119
112
132
112
111
120
101
95
101
107
99
108
113
114
103
109
112
121
106
100
87
115
124
103
102
125
96
111
111
82
112
94
103
106
109
99
127
120
106
118
129
116
107
118
106
110
100
110
102
110
97
124
112
107
102
97
104
107
102
119
101
96
106
95
114
95
106
91
112
99
104
100
90
100
111
114
107
98
102
105
103
100
121
112
115
119
107
116
104
112
108
117
108
93
97
112
120
106
114
95
87
106
103
121
120
101
111
101
93
112
120
127
90
120
101
124
101
98
122
113
115
103
105
109
116
104
103
133
98
115
110
102
96
103
115
121
98
114
118
109
106
118
116
123
94
98
107
99
100
109
104
110
106
109
109
118
95
97
102
100
103
105
108
109
102
104
108
95
123
130
108
109
122
112
115
108
101
80
107
103
128
111
109
116
110
107
121
117
114
114
97
112
120
108
109
125
103
92
94
118
103
104
128
107
101
134
100
109
83
102
97
98
106
117
107
126
99
103
121
105
112
111
114
86
115
119
108
104
111
102
106
106
102
113
98
104
96
110
125
105
104
101
96
90
90
107
90
96
115
97
105
100
114
107
93
104
103
111
110
84
112
109
103
87
121
114
93
131
100
104
104
104
98
107
107
109
108
101
95
109
85
100
104
98
98
102
112
107
109
89
116
88
99
106
106
115
90
112
111
101
112
80
89
108
113
103
96
114
93
100
116
120
94
91
103
99
99
95
113
100
107
104
110
112
108
107
103
90
83
108
104
106
111
119
100
105
97
104
92
101
96
118
114
115
92
118
104
104
90
87
126
99
96
117
102
117
87
116
109
122
87
99
108
94
99
104
96
106
109
92
105
100
96
108
96
116
96
105
100
110
106
111
86
101
97
109
98
98
103
96
100
124
123
87
95
104
123
80
96
102
83
108
97
115
89
108
86
106
113
99
96
127
98
95
99
97
106
88
99
130
97
107
127
104
139
107
99
90
113
124
97
114
109
88
115
114
105
95
114
98
118
109
98
105
102
104
113
108
118
96
96
78
114
105
95
98
102
100
98
110
114
106
104
89
95
108
105
107
85
101
113
92
100
115
106
113
87
110
105
115
87
106
108
116
110
106
95
101
105
94
99
107
112
97
111
96
100
111
112
94
107
79
107
106
112
95
113
111
94
110
117
106
97
121
130
109
100
110
125
87
94
103
90
102
101
98
113
114
81
106
89
105
99
96
88
99
116
110
94
104
103
102
110
101
95
104
112
107
97
104
104
106
102
107
107
108
96
109
108
108
117
86
103
92
101
89
111
98
95
82
123
107
96
123
95
113
93
112
106
86
109
105
103
98
88
119
94
113
108
93
109
104
124
97
85
109
96
114
114
106
101
102
107
114
119
113
91
109
88
102
105
106
110
97
111
121
98
97
91
119
95
107
111
110
112
100
115
97
87
104
90
121
89
108
111
98
99
91
101
115
92
92
114
103
91
122
100
103
88
101
100
110
95
111
104
89
115
109
89
105
109
97
109
94
107
91
119
82
88
109
99
96
88
110
100
121
87
105
130
101
103
97
121
99
112
124
105
111
103
102
105
99
118
107
99
105
101
81
105
92
93
99
94
92
113
98
112
76
99
107
102
115
92
99
107
97
101
87
101
119
99
107
103
112
91
115
116
110
83
95
113
114
93
100
103
108
111
102
94
99
95
120
89
111
99
102
91
109
108
104
107
108
105
114
100
98
86
107
113
114
131
108
109
104
104
94
111
116
106
106
101
109
97
101
86
101
116
97
95
95
111
97
117
101
113
115
99
104
102
114
118
119
94
86
117
103
100
124
100
104
106
118
105
103
80
102
108
98
101
97
87
117
101
90
115
105
104
99
108
104
99
112
99
94
104
113
124
96
117
121
101
98
105
107
110
103
100
91
95
93
107
103
107
93
101
112
104
112
112
106
124
111
119
116
110
112
104
79
102
95
108
81
97
114
126
115
107
111
86
94
93
103
96
93
107
99
89
106
115
94
100
81
97
91
107
92
91
109
118
98
104
97
115
105
109
113
99
112
117
111
112
103
116
99
88
116
116
115
101
100
102
106
125
116
118
107
96
108
96
113
118
107
103
105
90
122
120
116
116
112
98
94
109
91
115
82
85
87
103
98
111
93
105
94
96
90
103
93
100
93
114
95
93
84
115
109
103
104
103
106
95
99
102
100
112
97
105
110
79
102
88
109
106
109
97
104
113
123
107
111
111
104
94
105
96
108
101
116
108
101
92
127
98
93
102
120
121
103
105
116
93
99
95
103
112
100
102
118
103
114
126
109
115
97
106
107
92
114
86
103
95
104
119
117
107
82
102
106
82
111
90
114
89
106
109
104
107
90
88
106
118
122
102
141
112
93
96
112
102
79
122
86
103
100
91
89
84
111
87
95
101
115
101
118
91
106
121
97
114
97
100
115
103
115
105
116
84
99
106
102
106
111
108
103
86
121
86
103
111
103
92
92
103
113
122
127
94
114
105
91
97
88
103
108
118
110
85
104
94
113
89
113
107
108
90
98
104
95
104
106
96
98
115
117
121
98
95
71
100
113
113
96
100
95
84
98
118
103
91
91
77
110
113
106
98
100
88
137
99
100
85
83
100
101
116
99
110
88
90
99
99
96
107
91
120
118
87
109
127
84
101
101
93
103
88
102
88
124
100
87
97
86
103
113
97
93
99
101
107
105
96
100
101
96
95
95
95
117
103
95
88
81
94
91
109
105
109
128
106
94
114
94
104
128
107
117
97
108
90
72
102
120
103
104
112
103
100
112
106
103
117
95
114
96
102
111
114
100
97
98
101
121
108
96
103
96
86
107
95
93
107
123
108
104
81
99
102
102
130
106
95
101
112
92
98
109
92
96
114
111
112
124
104
99
106
123
112
111
106
99
94
98
113
102
93
104
106
103
110
110
111
96
113
113
93
104
91
124
104
110
100
104
95
81
93
110
113
119
92
100
120
90
117
79
93
121
103
106
98
91
107
91
97
116
96
111
112
97
111
109
100
108
93
107
118
79
99
97
122
106
109
99
99
96
100
103
112
95
104
90
102
93
108
105
103
106
101
108
135
100
108
99
112
95
82
118
105
113
91
111
105
94
102
103
94
128
89
106
107
105
106
97
93
115
98
98
101
107
93
108
116
102
113
105
114
107
96
104
102
114
107
108
87
122
92
112
102
121
117
107
97
87
110
106
108
107
106
103
100
104
114
100
112
94
96
113
96
97
104
112
143
120
112
100
110
124
102
102
135
104
105
113
123
82
117
101
108
109
118
94
104
102
99
100
112
103
101
107
88
104
121
100
107
109
122
132
97
93
103
104
113
121
106
105
90
123
97
109
105
117
110
115
129
98
103
110
93
96
114
92
94
96
103
111
102
115
127
97
110
82
95
96
101
117
107
99
124
112
100
114
119
84
116
107
104
115
120
109
93
110
106
125
88
108
113
135
107
112
120
94
101
91
76
111
106
84
104
111
104
113
115
118
98
108
105
106
114
108
94
99
97
118
106
100
101
102
93
131
88
95
103
97
104
101
95
125
119
117
93
119
102
126
105
113
98
91
115
108
117
111
95
109
85
97
121
89
121
109
108
112
112
119
113
114
86
97
103
134
113
86
102
93
97
138
98
111
95
100
99
103
124
99
111
89
103
96
110
111
114
113
100
92
85
115
98
100
114
107
116
116
114
107
108
112
85
116
113
112
105
121
110
102
92
112
116
108
112
90
108
112
101
115
102
119
112
101
102
113
95
107
115
101
102
108
104
113
112
109
97
102
106
110
120
113
124
98
112
108
104
105
125
120
103
116
108
100
107
116
101
93
101
126
106
119
109
108
98
121
120
110
98
115
81
97
108
110
129
121
94
109
110
104
121
106
118
113
109
129
111
111
117
126
106
110
120
134
105
101
88
112
104
121
102
117
104
106
136
115
118
100
113
103
117
130
111
117
103
103
117
103
102
110
105
106
102
103
108
117
108
105
109
104
113
100
135
119
118
115
106
124
99
116
109
109
112
104
131
115
97
114
114
98
100
111
114
119
117
114
119
104
130
111
120
115
107
108
97
100
109
118
103
122
117
106
120
115
104
108
105
114
107
108
112
86
118
112
96
106
113
115
121
132
97
101
106
96
125
126
99
111
90
95
120
106
103
119
112
97
125
116
105
94
93
130
114
121
116
120
138
123
105
108
117
106
111
105
118
107
109
112
98
107
112
124
103
98
115
113
116
108
113
101
110
98
102
130
118
110
122
115
96
113
119
108
117
106
121
93
130
108
100
124
115
103
117
107
103
100
98
110
116
136
110
107
127
94
128
123
123
106
112
101
109
127
108
114
106
129
85
120
113
96
106
113
109
116
123
131
104
118
118
116
116
124
102
108
104
86
105
124
111
98
104
118
112
107
132
125
115
100
110
95
118
114
90
96
112
130
113
125
112
136
109
120
116
122
119
106
119
123
120
108
102
99
104
99
110
117
104
125
102
104
114
96
96
121
114
113
107
113
123
111
111
114
108
110
103
101
124
103
108
131
119
98
114
121
114
122
116
124
103
111
107
123
112
117
115
120
106
118
100
120
112
105
131
120
115
112
130
102
127
116
115
110
118
101
113
122
110
120
111
119
129
114
104
116
110
94
126
109
131
113
127
116
126
117
113
131
121
95
120
103
111
108
117
102
122
125
119
119
111
118
108
139
97
99
121
97
111
115
103
121
120
120
132
100
92
105
136
126
123
110
121
89
122
109
134
105
118
112
124
136
114
120
117
122
122
109
111
122
110
104
112
113
118
114
119
99
108
104
98
110
110
127
128
113
105
114
128
104
125
126
113
114
117
112
120
122
125
145
114
113
120
121
115
126
109
105
129
112
116
144
127
119
114
122
113
111
117
114
115
117
112
104
114
119
92
120
127
120
135
113
130
128
125
127
126
130
125
128
101
120
118
119
91
94
111
114
120
122
113
100
123
124
122
117
105
125
109
138
117
109
121
117
111
128
110
108
124
121
118
106
128
115
140
120
139
109
118
108
126
114
115
134
127
122
132
118
107
122
122
117
121
111
109
105
111
115
116
134
129
123
114
123
144
137
125
118
127
113
122
103
114
151
131
138
119
122
104
118
133
114
122
119
115
124
148
141
106
139
106
109
102
119
124
108
126
115
135
124
106
112
135
121
104
106
129
123
101
124
123
119
123
144
120
123
107
120
112
121
145
115
104
122
113
143
121
124
128
137
130
134
104
107
135
129
142
122
107
106
129
133
118
120
129
130
131
121
136
125
110
111
109
123
94
123
145
122
128
125
115
113
119
131
112
112
113
132
140
119
124
119
123
117
112
124
134
132
138
136
135
129
123
100
110
113
132
128
121
112
124
128
136
114
138
121
120
110
112
137
112
102
105
127
130
103
113
105
116
125
124
129
129
128
107
155
114
135
132
135
126
103
115
120
146
119
129
128
130
131
124
106
139
127
119
114
130
105
114
110
116
129
130
122
121
139
114
123
133
132
126
136
133
129
134
129
136
135
123
127
123
129
128
148
120
107
116
135
140
117
138
131
146
150
116
129
116
134
128
110
128
125
141
123
138
119
127
105
123
122
123
125
113
127
131
130
133
130
132
129
127
131
112
134
130
122
117
136
118
125
128
136
142
122
141
122
121
97
117
136
117
139
117
115
152
122
143
121
146
135
128
121
130
136
107
100
137
117
143
122
136
125
139
141
114
117
132
121
139
118
123
133
101
155
138
113
136
148
116
109
118
118
148
132
118
125
136
113
146
113
124
154
148
120
141
111
120
133
137
141
104
107
121
129
120
149
116
117
138
141
125
129
122
117
131
122
123
134
133
123
114
152
119
126
129
117
138
128
98
112
123
126
115
119
127
130
106
128
139
128
128
112
132
120
128
130
144
118
141
137
128
120
122
123
136
127
135
147
114
121
120
121
105
121
142
125
126
131
119
128
133
112
124
138
120
121
128
124
131
119
136
122
133
122
142
142
144
107
112
129
132
119
131
135
138
145
129
130
132
112
130
120
141
127
120
116
131
135
141
139
139
123
148
132
120
155
128
127
123
134
129
132
139
139
135
155
120
120
131
124
134
135
125
114
133
142
127
161
118
124
141
124
131
125
117
118
132
137
135
126
139
118
131
131
138
108
108
112
120
141
113
152
125
141
135
136
127
144
139
112
130
118
121
118
119
130
129
145
117
134
136
127
136
123
116
123
123
124
120
129
127
118
127
112
116
122
135
141
126
102
146
115
138
133
126
122
125
105
137
124
111
149
129
137
130
144
128
131
135
131
125
128
130
128
125
130
111
114
110
128
122
136
129
134
120
129
105
149
122
123
133
126
124
139
120
121
124
123
157
135
114
112
147
105
152
135
120
120
130
133
139
117
126
104
132
104
140
118
137
121
121
130
108
124
133
118
110
129
132
120
128
125
123
126
147
128
150
118
115
121
128
111
126
122
116
129
118
125
140
126
120
128
126
104
109
114
132
117
115
134
99
119
127
120
116
142
117
133
132
123
121
125
131
134
120
127
121
112
134
117
126
105
119
127
126
129
154
134
143
113
124
95
122
117
116
115
119
123
113
131
145
130
134
121
124
95
107
108
114
80
141
119
108
121
106
118
116
114
141
112
115
111
119
110
116
124
124
120
123
123
113
113
106
136
111
132
121
110
97
115
131
121
117
137
100
111
130
121
125
133
103
118
109
115
113
110
120
120
124
112
112
119
111
123
102
93
103
113
128
120
113
131
94
105
100
107
133
117
116
102
100
121
110
109
116
107
119
124
118
114
124
126
126
117
115
105
120
120
116
120
107
84
121
133
116
115
119
114
115
119
128
115
115
102
116
102
113
102
102
91
97
102
116
99
117
111
134
102
127
95
114
117
119
105
107
109
113
112
120
112
118
105
130
110
109
126
111
102
112
102
104
98
103
96
119
89
98
110
112
115
97
104
101
111
110
110
115
101
102
100
112
113
98
109
106
110
96
94
107
96
110
104
101
125
113
100
103
100
102
127
89
101
97
117
105
104
116
94
112
105
122
78
109
115
112
90
102
96
95
83
98
112
90
123
77
91
93
108
86
86
108
94
89
103
107
108
106
101
88
88
100
115
95
116
93
96
100
95
108
87
129
94
91
74
96
110
91
94
78
92
95
103
84
100
108
78
108
99
92
109
106
89
94
103
87
88
102
96
111
102
106
100
83
84
92
80
94
77
92
101
93
82
107
93
96
99
90
99
98
109
109
86
93
92
106
86
101
99
90
112
86
82
75
105
77
102
88
91
92
90
92
96
109
94
97
100
94
78
98
85
109
94
94
108
96
84
89
100
98
89
87
100
92
83
82
85
90
101
90
77
82
85
85
80
77
88
83
85
83
79
79
82
84
94
92
76
82
81
92
96
103
85
81
96
73
97
86
102
77
101
99
102
90
81
87
95
85
92
88
101
88
79
73
71
84
84
89
94
89
92
104
105
86
78
91
90
86
100
81
97
76
97
94
84
85
82
98
84
99
102
92
81
93
88
85
101
84
94
85
91
82
79
79
101
85
101
91
80
102
77
74
75
84
80
95
71
82
77
106
65
77
90
92
75
91
84
91
61
83
71
95
91
99
95
91
103
86
90
109
74
95
91
78
69
88
87
81
96
89
87
82
94
91
78
72
86
88
80
101
87
81
88
91
95
79
99
86
103
71
73
75
83
85
88
96
82
97
78
87
83
71
90
83
85
99
71
90
87
95
77
94
87
91
87
82
98
84
73
67
79
86
73
107
81
85
88
90
96
70
83
96
84
74
74
88
66
83
75
81
83
92
78
91
70
83
83
67
79
96
75
77
86
76
80
74
77
76
65
92
68
76
84
96
82
67
80
66
87
78
65
67
96
90
73
80
74
103
86
97
89
78
78
82
94
79
74
83
75
85
89
82
86
91
94
88
79
80
73
84
75
71
76
92
89
91
84
71
106
95
71
87
93
80
88
107
83
86
91
80
77
78
80
87
83
82
109
83
86
77
86
76
82
90
89
76
81
81
89
78
72
73
101
76
94
89
84
91
82
78
95
94
88
91
81
82
83
83
80
82
70
82
86
82
83
72
90
86
71
82
75
81
87
91
65
84
81
74
83
88
70
83
84
78
81
81
90
72
83
90
76
69
95
74
76
72
90
88
84
103
78
79
79
101
77
94
75
83
87
86
77
76
84
72
74
93
90
84
84
94
87
85
92
103
97
90
85
85
99
80
91
76
86
79
91
81
83
86
70
77
93
76
91
96
82
76
94
74
95
88
85
86
74
80
63
92
85
80
90
91
84
79
100
101
85
80
84
87
95
87
97
78
80
72
79
99
86
74
77
89
83
93
87
89
98
89
88
85
76
85
105
76
81
72
81
92
95
80
90
92
86
78
93
85
97
86
77
76
96
96
107
78
80
106
102
72
98
84
78
106
90
95
93
75
99
81
84
78
87
86
99
85
86
92
85
90
84
90
94
90
90
81
85
91
97
86
107
101
86
89
84
102
82
77
77
79
101
83
94
94
75
81
79
92
86
113
111
74
93
92
98
86
84
90
86
89
75
87
111
93
90
103
86
108
97
94
87
78
100
83
92
86
96
101
89
92
107
98
98
102
96
98
101
110
122
109
98
93
104
106
85
87
93
102
102
102
95
100
110
114
95
120
85
95
89
104
99
115
95
105
107
91
95
102
108
119
85
109
101
108
93
105
96
114
96
98
100
122
91
131
108
103
95
124
103
96
104
99
109
121
98
114
105
117
112
111
111
105
105
108
111
112
116
95
120
85
94
124
110
118
120
113
111
124
107
113
127
116
110
113
124
123
109
136
101
99
104
122
117
114
129
124
108
130
105
115
139
123
134
108
116
124
124
111
106
138
128
119
143
114
132
146
127
137
140
134
123
134
147
139
126
132
131
136
135
139
145
127
126
145
139
153
138
125
148
125
136
140
131
150
131
140
131
141
121
155
151
153
153
137
162
118
160
135
132
157
148
154
154
166
161
141
184
150
149
149
148
170
156
182
158
160
152
144
179
159
160
153
155
144
157
160
164
165
153
159
167
177
181
182
159
156
186
191
171
177
162
163
164
168
179
147
171
181
186
175
174
178
165
178
196
176
164
197
186
198
207
179
192
185
184
201
201
198
199
198
208
205
179
188
193
203
203
182
188
197
206
195
204
182
194
204
192
213
234
225
220
202
206
212
204
220
240
208
226
201
215
204
198
211
201
217
219
217
228
221
233
230
231
209
219
223
223
226
230
230
213
248
223
235
240
251
251
251
266
232
243
220
223
243
242
248
230
233
223
245
238
238
232
255
241
233
229
251
242
249
223
255
266
258
253
258
248
257
253
256
246
241
267
266
267
290
245
233
268
274
273
251
288
283
257
267
296
253
275
263
281
271
275
273
266
269
280
284
268
257
257
295
261
288
263
246
299
281
296
288
284
284
284
285
288
257
277
269
303
265
289
277
288
287
295
311
302
286
288
287
336
297
267
269
294
292
300
294
281
281
274
266
283
296
304
291
295
264
305
248
286
315
279
273
296
305
274
278
265
285
295
282
281
285
300
312
301
288
290
252
300
285
281
285
301
283
297
273
286
250
268
269
295
284
267
273
293
291
276
300
291
291
317
270
278
307
287
257
270
272
298
296
287
289
277
278
264
295
296
254
267
274
284
291
276
289
268
251
262
252
241
266
257
287
263
259
278
271
249
262
260
271
289
232
272
262
272
242
272
281
252
263
261
262
253
264
249
258
227
214
250
249
219
244
257
235
254
244
258
266
231
254
271
279
233
251
239
240
227
200
231
276
249
240
204
204
245
231
235
203
230
198
211
215
229
205
237
216
220
206
184
203
189
207
211
215
206
202
180
190
195
214
206
184
201
184
212
206
184
180
202
171
196
207
192
192
164
180
209
175
174
180
168
155
200
191
180
185
201
171
165
168
181
161
191
182
184
144
169
197
145
190
163
140
149
154
161
158
148
162
149
152
150
151
130
149
175
137
137
169
126
142
127
142
154
131
139
138
131
146
154
131
110
138
117
139
135
121
109
110
119
118
141
120
129
148
124
117
129
112
94
106
117
140
101
116
104
117
119
119
107
90
127
107
114
96
106
112
98
100
106
91
103
102
84
91
95
101
86
88
110
101
107
91
91
93
88
74
76
87
87
100
102
96
86
103
65
78
80
82
91
82
86
80
82
87
68
84
88
85
66
87
80
79
81
79
81
82
72
74
82
75
96
95
84
64
74
71
62
71
84
54
67
81
86
82
69
60
63
71
68
72
75
77
59
67
81
72
72
68
76
67
57
76
63
66
65
69
78
58
67
76
66
55
72
51
67
70
69
69
65
64
67
82
57
63
62
60
64
67
52
71
59
66
68
55
63
58
65
53
63
74
74
69
56
59
52
64
45
54
56
65
72
71
58
66
66
65
56
68
58
56
58
90
54
68
53
76
71
52
60
46
62
67
70
60
67
57
81
65
62
75
69
75
60
71
55
59
69
54
82
68
55
63
81
64
69
65
58
69
63
67
59
64
66
64
91
59
83
78
66
72
74
65
76
79
88
72
88
64
79
84
75
77
83
94
76
91
74
104
94
76
68
80
71
91
72
81
87
60
84
89
77
79
102
80
96
94
97
91
76
87
76
74
84
89
96
83
98
77
90
81
80
89
85
80
98
86
83
85
86
91
93
90
102
98
78
86
109
114
92
115
105
101
93
103
101
88
117
93
117
109
96
92
95
97
107
95
96
97
107
103
98
117
118
107
123
112
110
102
112
109
121
116
120
115
113
144
104
145
100
101
123
122
119
134
131
104
121
120
132
114
124
122
127
129
100
134
144
117
114
135
134
126
137
126
127
111
137
150
133
126
135
111
136
133
118
135
139
124
145
153
148
107
137
143
153
137
131
155
166
134
134
150
134
153
141
167
163
144
146
171
150
159
152
143
150
149
150
144
138
148
146
179
168
163
148
170
175
153
153
153
152
149
168
158
160
190
170
174
177
190
213
192
194
187
195
171
180
193
191
189
150
170
171
177
168
174
161
170
188
186
195
183
204
183
197
176
187
200
181
175
188
202
170
203
182
213
200
196
188
194
205
212
200
194
216
206
225
219
196
192
198
203
219
203
183
192
212
207
221
195
206
244
181
210
225
209
234
211
215
189
216
221
249
202
208
195
247
223
206
225
258
227
216
219
231
229
223
208
209
217
209
222
228
208
245
222
226
242
234
207
214
211
228
226
213
243
232
244
210
221
231
219
214
241
263
221
212
233
239
241
237
236
224
218
214
237
220
218
239
231
247
234
233
221
271
228
232
254
251
237
243
229
262
236
223
224
243
256
208
239
240
252
256
249
226
209
247
238
249
261
245
237
216
256
244
220
244
233
259
232
226
252
211
219
266
233
273
231
226
235
255
217
256
232
229
239
265
218
254
241
224
251
212
203
239
240
236
223
254
247
235
216
230
198
228
225
262
234
247
226
224
210
199
250
217
227
233
229
244
227
240
240
238
248
230
233
234
217
215
220
215
222
197
185
184
199
213
187
183
220
193
191
225
237
220
222
207
209
198
181
194
202
208
206
211
185
212
179
199
238
208
194
181
203
208
185
201
187
206
207
181
177
169
177
189
197
194
192
182
175
183
176
173
161
177
198
197
186
167
161
186
146
162
163
189
163
176
142
189
175
165
178
184
160
148
173
159
157
174
162
172
159
148
156
159
141
154
146
140
130
160
147
147
132
135
165
147
128
136
140
135
114
136
122
153
117
130
122
128
115
131
146
139
118
132
136
151
124
118
128
121
108
115
125
107
103
105
117
117
96
116
101
141
118
100
125
108
108
100
122
109
103
119
102
115
92
105
100
109
104
101
108
102
98
94
95
90
97
91
108
76
95
95
75
83
80
70
79
80
80
92
70
78
72
83
77
83
88
63
81
72
91
72
82
66
60
79
65
85
75
70
71
61
63
64
65
71
81
69
79
52
65
72
69
62
84
71
71
60
56
52
62
65
55
52
53
51
53
48
62
52
57
73
46
42
52
51
45
35
56
51
39
39
51
31
42
32
47
37
45
37
30
50
46
41
38
40
38
38
29
34
47
27
43
36
30
41
43
26
46
32
31
32
28
38
33
32
36
27
31
28
30
28
28
33
35
27
15
19
31
31
22
29
24
25
20
25
39
18
24
26
25
23
23
27
22
16
10
22
25
22
26
24
26
16
23
16
21
13
27
23
10
17
19
10
15
26
19
17
14
18
18
19
21
18
11
22
13
15
15
16
13
15
12
12
11
18
18
18
17
15
16
14
15
8
17
13
15
9
10
7
10
15
14
11
16
14
7
8
12
11
11
12
14
15
10
11
5
13
10
8
17
9
8
12
12
14
10
10
9
8
6
11
8
11
8
16
9
10
5
7
9
7
7
9
9
4
3
11
10
9
8
7
8
8
8
12
10
5
12
12
8
3
4
6
7
9
7
10
5
4
8
6
6
9
9
7
5
8
6
2
8
12
8
6
3
7
6
1
9
9
4
6
7
10
8
5
8
7
7
8
4
3
11
7
7
11
11
4
8
4
3
4
3
6
8
7
6
5
5
7
8
3
4
10
4
6
5
5
7
6
2
6
2
9
11
4
12
6
6
8
7
3
11
4
5
8
5
2
6
3
6
2
5
6
5
6
8
4
11
2
7
3
4
4
8
7
9
4
6
7
6
2
2
8
4
6
5
3
3
3
7
5
4
4
5
6
5
6
5
6
3
2
5
3
6
4
1
6
8
4
3
6
4
6
4
4
5
2
8
7
3
5
5
8
8
8
5
5
6
5
5
12
3
6
13
3
5
3
5
3
4
2
4
5
2
4
6
1
9
2
3
4
5
6
2
2
10
6
5
8
2
6
3
3
3
3
3
3
1
2
7
1
3
5
6
6
7
4
3
6
5
5
4
5
4
5
2
4
2
1
8
5
4
10
7
4
2
6
4
2
7
4
5
3
7
4
4
3
3
6
1
5
6
6
3
5
6
2
1
4
2
8
5
6
1
4
5
2
6
3
8
3
6
3
2
9
4
4
4
3
5
4
2
6
2
1
6
4
2
4
4
5
3
3
2
3
2
4
0
3
7
6
1
1
1
2
2
3
5
3
3
5
3
4
7
1
5
2
0
4
6
3
3
3
4
5
6
3
3
2
1
0
4
10
5
4
2
2
4
2
4
6
4
3
4
4
7
5
4
5
3
6
8
4
4
4
5
6
4
3
9
5
0
6
10
3
3
4
7
5
4
3
0
4
3
3
4
1
5
5
5
6
4
7
6
4
6
3
3
3
6
5
2
5
1
3
7
0
3
6
7
7
2
5
6
3
6
2
5
3
4
7
1
5
6
4
4
8
2
3
1
4
8
2
4
5
4
1
7
8
7
7
4
3
3
7
5
5
4
7
5
5
2
2
4
7
4
5
3
4
4
2
5
4
4
3
4
4
5
9
6
1
1
0
6
1
2
6
5
6
6
6
5
5
1
4
5
5
3
5
2
4
2
5
2
3
6
4
7
2
1
4
0
3
4
1
4
4
3
4
2
4
3
6
3
2
2
4
2
6
8
5
3
2
3
2
4
4
3
4
3
3
3
5
2
6
4
4
4
2
3
6
2
4
4
3
3
2
1
1
3
5
3
1
8
1
0
2
5
4
6
2
3
6
5
3
3
5
8
1
2
2
4
1
2
4
3
2
5
3
5
3
3
2
4
1
4
3
2
2
3
4
7
2
3
3
4
7
3
5
3
2
5
2
4
5
4
3
5
1
4
5
4
3
5
7
3
58
69
74
76
70
72
74
60
84
72
67
61
63
63
78
58
59
60
64
66
71
66
50
70
67
77
66
72
65
63
78
70
73
65
62
80
65
66
57
79
58
54
63
56
79
50
64
63
70
66
70
66
59
57
57
74
71
72
59
58
65
71
62
65
74
61
63
64
70
57
67
77
59
64
81
62
63
60
60
59
47
71
60
70
58
50
68
64
69
61
54
70
56
66
77
59
70
63
62
53
58
69
68
62
67
66
67
58
61
56
64
77
57
57
60
72
56
67
59
74
68
54
46
77
74
56
59
35
