0
0
0
0
0
0
0
0
0
0
0
0
0
0
0
0
0
0
0
0
0
0
0
0
1
0
0
0
0
0
0
0
0
0
0
0
0
0
0
0
0
0
0
0
0
0
0
0
0
0
0
0
0
1
0
0
0
0
0
1
0
0
0
1
0
0
0
0
0
0
0
0
1
1
0
0
0
1
0
0
0
0
0
0
0
0
0
0
0
0
1
0
0
0
0
0
0
1
0
0
0
0
0
1
0
0
0
1
0
1
0
0
0
0
0
1
1
2
0
0
1
0
2
0
1
0
2
1
1
1
2
1
0
2
1
0
2
2
2
5
1
1
0
4
2
5
4
1
4
3
2
3
5
6
4
3
6
1
1
0
0
1
0
0
0
2
14
31
45
68
70
91
73
75
80
75
95
90
79
102
104
92
101
87
102
89
93
97
101
87
86
118
75
88
97
100
101
95
91
93
106
85
107
100
85
87
97
87
107
93
111
76
99
106
84
86
96
102
117
91
101
87
83
80
101
114
97
94
101
101
100
103
93
91
99
100
107
102
93
96
106
92
86
87
83
103
73
105
106
110
100
119
102
108
114
102
84
101
88
114
82
94
106
68
91
103
93
102
84
95
86
108
79
97
81
100
120
110
104
106
92
105
105
110
89
126
112
103
122
101
101
114
118
99
98
111
83
115
111
91
107
113
105
98
94
85
87
85
130
95
105
98
97
114
92
91
106
99
93
113
95
98
89
115
90
102
98
94
114
101
101
97
109
124
95
114
98
93
104
107
110
128
96
106
109
101
95
100
123
99
99
92
94
89
109
101
98
87
116
86
121
88
107
122
128
124
106
105
89
84
116
104
101
99
120
120
97
119
99
99
110
88
103
108
110
96
123
110
90
102
114
104
107
114
90
109
92
106
116
105
98
97
126
109
96
94
106
104
103
100
113
109
97
109
105
103
95
109
98
99
126
106
108
102
105
116
97
113
118
107
118
119
90
119
122
132
104
124
109
107
115
103
109
99
91
115
99
112
115
130
125
105
95
130
98
109
119
110
112
112
107
104
102
100
121
132
110
124
108
109
126
115
120
110
104
118
96
98
100
116
101
105
108
120
117
89
124
125
106
136
124
111
97
99
107
115
104
114
112
119
118
114
88
119
101
99
119
106
116
130
135
120
92
106
121
102
104
101
120
95
115
113
99
96
110
98
106
133
116
90
114
113
105
115
132
124
118
125
112
105
94
120
103
106
100
130
127
104
122
98
100
110
96
114
125
110
120
109
115
105
115
106
93
108
114
107
109
116
107
109
110
108
99
99
129
81
90
118
99
109
111
104
111
100
105
112
122
116
116
132
113
112
92
120
90
109
118
106
101
97
115
98
110
107
128
114
91
102
112
98
108
96
104
106
122
113
103
103
91
113
102
111
111
105
105
90
94
93
107
114
120
95
114
123
113
103
108
108
129
110
125
139
105
119
110
92
106
111
103
125
104
123
106
103
102
109
111
108
110
105
118
107
103
123
101
106
130
124
120
99
121
108
120
101
114
129
119
108
112
99
101
101
102
120
114
129
112
116
119
94
107
140
95
93
115
112
108
128
103
108
114
119
115
118
121
108
110
122
114
121
108
111
135
122
98
109
115
115
106
106
103
106
108
119
119
103
103
117
112
125
98
130
101
94
128
104
114
119
115
121
105
119
114
117
122
124
102
121
120
110
102
101
93
118
117
116
97
99
113
98
99
105
121
130
107
122
135
113
119
101
116
107
109
134
116
107
129
97
127
123
121
111
122
100
102
114
136
140
118
108
118
113
129
113
89
112
131
114
109
122
112
99
119
113
106
125
123
120
116
128
116
117
110
103
134
126
116
109
96
103
120
107
116
126
105
115
120
116
129
116
118
122
110
121
136
126
101
114
113
105
122
131
114
119
110
97
144
101
129
109
128
110
132
113
143
132
125
115
109
114
118
122
120
103
114
115
112
107
125
108
137
116
103
129
110
126
108
122
128
103
121
107
126
118
114
118
132
141
102
115
119
116
108
123
117
123
106
130
126
128
102
116
103
119
115
112
128
120
114
123
127
121
120
138
131
149
114
137
128
120
120
122
127
124
110
104
131
117
110
105
116
132
130
142
107
105
128
141
120
123
122
130
122
124
106
122
111
117
128
115
152
125
116
129
107
106
140
128
128
134
112
146
135
129
122
111
127
122
136
125
117
134
107
113
128
121
129
121
113
123
122
132
100
117
119
105
133
131
113
104
137
112
107
115
108
127
129
110
123
112
118
122
118
131
126
110
134
128
128
132
144
135
115
129
133
123
105
109
119
135
137
113
127
117
133
117
125
111
126
117
112
139
125
105
153
129
119
131
124
142
130
129
128
110
144
131
115
157
129
131
118
133
121
125
119
127
123
147
129
143
118
126
127
136
128
136
131
130
122
120
134
140
128
132
137
127
128
129
142
137
126
138
126
127
127
118
129
119
103
131
155
126
116
135
142
134
128
106
131
132
101
135
118
141
145
134
122
126
119
131
149
144
126
125
130
133
135
139
145
142
156
134
142
126
132
129
135
133
130
127
132
166
131
127
140
132
152
136
126
135
137
123
132
128
152
145
146
124
136
122
149
144
131
131
133
123
132
140
133
139
137
131
146
111
148
123
135
125
124
128
159
144
128
142
139
145
128
118
145
148
130
134
141
132
146
137
137
146
137
151
160
142
152
131
174
166
132
134
115
146
151
138
159
131
160
140
124
137
136
131
127
149
144
150
162
138
145
140
141
161
138
140
146
156
146
143
161
150
147
125
164
135
148
157
147
150
147
138
143
154
140
148
150
150
153
124
147
161
138
150
172
134
130
127
146
174
161
163
153
119
150
153
130
134
121
164
154
155
174
148
147
124
122
159
135
139
155
159
142
140
151
160
149
142
131
152
161
132
132
122
155
162
153
174
123
136
133
135
133
161
130
151
138
142
160
143
143
126
118
158
154
140
138
116
151
136
135
133
136
153
134
123
166
125
142
147
138
144
132
128
145
148
142
133
144
125
134
136
127
140
134
154
134
132
150
150
149
147
139
143
152
155
131
142
155
159
127
144
129
144
146
120
119
134
120
146
126
143
148
109
160
130
137
140
140
155
126
149
147
136
126
138
139
149
139
141
123
141
147
132
127
140
130
133
135
138
126
129
131
121
156
139
150
144
151
129
145
131
123
148
128
125
129
124
156
130
123
102
159
134
127
160
141
118
122
143
131
143
125
135
126
128
140
133
134
134
144
131
124
132
143
127
117
142
142
119
122
114
134
148
149
135
133
116
122
119
133
132
119
120
125
152
125
142
113
127
139
142
122
121
144
127
147
148
126
143
134
136
126
127
140
112
113
142
134
108
127
138
126
109
104
116
119
135
129
122
124
144
113
129
124
125
138
140
145
121
123
109
115
118
137
131
120
111
120
117
131
142
144
129
115
131
113
116
116
129
127
117
127
104
137
143
113
121
132
111
124
133
142
139
118
111
117
128
125
122
136
119
126
140
136
120
123
115
124
142
124
110
120
118
112
122
128
124
129
125
108
102
116
128
150
126
114
113
114
116
106
114
127
157
127
135
103
119
140
113
113
111
117
120
120
104
120
117
136
112
118
120
112
137
122
116
130
114
125
126
130
124
102
118
112
133
124
121
121
126
123
109
109
111
129
136
133
100
137
150
112
99
135
116
135
113
141
115
120
133
110
126
135
115
127
105
125
117
139
132
130
121
112
141
101
109
117
130
129
116
100
130
138
120
127
111
137
121
127
120
131
96
112
100
128
103
122
149
129
105
134
116
121
130
137
130
108
120
126
111
127
110
117
108
117
120
132
130
126
128
134
114
123
126
123
141
121
106
124
113
97
108
114
125
123
102
118
105
116
122
103
105
106
124
105
135
128
109
118
107
101
118
121
114
109
110
122
109
120
126
137
119
98
118
132
125
120
115
98
125
111
137
124
119
122
121
119
131
127
134
114
111
129
107
110
109
113
129
136
110
131
123
102
122
120
105
114
107
114
118
108
135
118
107
130
102
144
116
132
99
125
117
116
126
123
112
119
97
106
129
93
103
119
118
115
122
111
112
114
132
125
116
114
107
103
126
123
100
120
147
98
111
110
113
107
112
112
136
113
129
119
95
125
109
125
118
125
116
120
100
132
123
114
114
126
112
125
102
124
134
110
106
120
131
123
120
123
106
111
127
109
129
108
115
116
116
97
108
126
114
114
101
104
135
105
98
114
117
111
119
118
107
109
106
108
114
122
122
109
103
104
123
147
105
113
121
109
120
113
95
122
104
113
105
117
107
126
102
93
115
100
88
101
109
114
107
98
113
120
93
126
114
113
111
115
105
117
125
101
131
117
101
134
120
100
111
108
124
96
102
92
110
107
117
108
123
118
117
125
99
104
134
121
108
108
111
83
102
112
109
111
111
111
109
119
123
129
124
118
94
100
113
103
107
111
127
114
103
100
123
116
105
100
113
89
95
104
112
110
95
101
108
131
106
94
109
98
114
142
113
119
116
109
112
129
94
113
94
131
107
120
101
130
95
97
118
93
114
114
100
100
104
102
121
90
101
103
113
101
110
110
108
90
95
114
109
80
97
111
110
124
96
107
120
91
95
93
111
120
115
112
101
97
107
127
112
93
101
84
114
132
123
77
106
107
97
102
122
103
110
109
87
88
112
101
111
105
100
135
116
110
103
123
105
117
104
100
109
114
110
134
126
109
125
104
109
123
112
96
96
129
125
112
101
93
128
129
112
91
102
116
104
108
119
123
97
119
107
102
106
94
94
114
103
97
89
103
126
121
108
126
104
100
114
118
119
119
115
110
110
98
97
120
107
107
114
114
129
111
127
104
96
108
106
106
117
103
113
119
96
109
116
102
118
105
102
86
87
94
102
118
111
86
121
107
104
110
106
103
120
104
122
96
122
124
102
120
112
102
112
95
112
114
98
121
98
104
102
110
107
96
105
100
117
102
108
112
108
100
109
110
93
116
98
102
101
128
110
108
127
107
97
108
97
119
113
101
97
108
118
122
118
103
111
125
90
83
106
96
99
94
116
119
102
116
104
110
96
114
113
107
101
112
97
105
103
115
94
96
101
102
94
106
93
82
109
104
105
91
116
120
99
122
106
90
117
104
108
118
110
99
119
99
102
98
117
96
110
112
102
110
112
122
101
97
101
111
104
100
113
118
88
99
108
124
90
117
93
116
110
104
106
106
99
117
93
98
102
124
121
98
121
104
103
108
98
107
118
94
95
100
112
110
109
106
97
125
106
109
111
132
112
120
92
106
99
95
113
102
117
98
102
103
107
105
87
89
110
89
94
121
112
94
122
103
111
99
111
97
118
102
103
109
98
96
109
119
110
115
111
105
101
106
106
115
104
121
109
98
110
106
101
94
104
101
103
121
107
92
87
108
93
98
101
114
99
113
93
114
95
95
104
95
109
85
102
113
106
91
99
93
104
105
107
119
107
112
114
95
115
118
101
98
105
106
96
96
94
108
108
128
105
112
99
97
120
101
103
102
105
112
106
107
86
109
120
111
119
98
101
93
98
98
101
100
100
96
112
112
105
117
90
109
109
99
95
99
110
101
102
120
115
94
106
97
111
117
124
101
119
107
103
101
102
98
117
104
101
90
92
105
119
109
110
121
87
109
103
105
110
98
106
81
97
96
123
98
96
113
121
89
90
101
92
113
109
99
111
121
104
110
115
133
98
111
89
95
101
101
104
99
105
95
123
92
97
107
112
109
104
100
124
111
93
95
110
121
87
105
109
106
89
103
111
96
110
115
110
107
112
99
118
114
101
94
112
106
105
116
101
110
80
77
93
97
99
99
119
99
100
112
99
104
131
99
97
91
103
109
96
118
101
101
110
108
98
107
90
89
108
87
94
119
120
108
97
102
104
101
104
101
90
103
97
87
124
112
112
103
115
111
94
133
112
110
124
113
114
107
104
94
98
98
96
101
94
92
106
109
99
110
90
106
107
109
105
84
109
114
103
108
93
103
105
129
104
116
107
93
108
113
107
113
98
92
101
121
102
96
100
105
100
111
106
100
120
105
99
127
111
90
87
108
89
78
96
92
96
108
123
91
95
94
106
101
113
81
129
118
138
98
116
107
122
109
98
97
94
94
87
109
107
106
103
93
102
111
98
114
108
110
91
123
101
103
120
96
107
102
107
113
111
89
112
114
121
99
107
105
117
113
118
124
107
116
107
117
105
99
102
97
100
126
115
104
90
101
113
113
100
98
106
100
122
95
111
100
101
131
109
105
127
107
97
115
102
98
104
107
94
110
78
99
110
124
78
107
105
105
85
97
111
125
113
119
94
112
89
99
103
120
101
94
119
101
82
100
113
116
103
106
90
99
102
99
100
99
97
101
109
107
96
120
91
93
84
124
112
99
99
91
98
96
119
101
105
105
103
107
105
112
96
96
99
102
89
107
86
83
114
92
106
109
99
99
104
91
116
109
91
99
96
94
122
101
111
90
99
105
100
95
123
107
89
115
107
124
114
107
95
113
106
107
116
100
96
104
121
91
115
99
120
110
108
108
99
91
89
82
94
100
85
112
93
109
96
120
106
98
94
106
104
98
100
107
108
111
106
105
102
115
97
98
99
110
107
92
105
103
102
105
110
110
109
90
105
101
113
112
86
101
98
99
90
115
120
96
117
97
98
102
102
103
92
111
103
100
107
111
112
106
99
100
107
107
109
97
108
112
105
96
112
113
88
103
105
106
90
113
116
106
95
112
93
80
87
88
102
92
109
91
104
105
99
107
104
102
100
111
110
124
102
112
126
107
98
109
130
122
112
103
133
100
115
104
97
97
105
93
97
123
112
102
109
104
127
95
99
107
105
105
116
109
112
112
109
109
135
100
82
89
104
112
104
102
106
100
120
86
115
84
112
105
97
99
110
101
87
110
89
108
84
91
91
121
99
113
107
103
116
98
107
83
116
94
120
94
111
110
107
106
96
98
94
104
119
100
93
102
107
98
103
96
99
111
96
104
106
96
87
117
116
113
87
107
91
81
94
103
118
97
121
93
103
108
117
106
110
90
95
104
106
102
110
101
97
119
111
107
107
99
109
103
120
114
124
101
110
93
116
95
121
99
100
111
111
110
102
101
116
90
98
96
124
117
96
114
114
115
116
102
97
109
87
96
98
104
129
109
111
121
103
110
106
101
106
111
98
100
101
97
118
111
102
116
115
103
121
112
105
103
109
97
110
98
84
94
104
104
95
100
114
98
115
80
104
99
103
115
114
110
96
107
101
115
99
104
99
109
131
124
102
109
101
106
92
100
92
105
96
106
102
107
107
112
108
92
107
95
100
119
111
99
93
102
122
112
111
100
115
122
98
108
94
108
115
116
120
89
112
86
103
116
127
106
107
86
96
113
121
105
92
109
96
108
85
98
120
101
105
114
104
103
91
107
99
111
118
104
94
116
83
102
111
92
112
105
104
105
105
128
117
135
112
103
117
114
96
93
112
111
90
97
116
106
85
120
94
89
111
90
114
125
110
97
88
111
107
105
95
99
82
111
98
116
103
124
114
106
97
99
106
96
89
104
95
103
117
98
110
109
112
131
99
97
99
108
112
105
106
122
101
91
102
113
95
98
107
92
116
105
91
117
116
106
94
106
119
111
90
122
106
104
113
114
123
87
101
120
104
115
95
115
98
116
103
109
110
119
116
110
108
107
97
104
100
123
103
121
114
118
98
114
108
91
96
104
114
98
109
92
116
114
79
101
106
107
102
103
104
105
103
96
102
95
97
98
100
95
92
95
125
98
90
90
84
109
100
85
110
107
116
117
109
108
121
89
110
98
110
117
94
116
118
118
121
114
107
118
99
110
127
116
111
105
113
112
101
97
102
119
100
114
114
91
99
114
100
105
103
116
88
112
115
105
105
97
104
111
108
110
129
116
116
129
117
90
120
104
108
114
87
97
94
110
105
99
118
125
99
107
116
118
110
113
115
109
119
98
92
104
114
86
119
97
107
106
94
107
104
115
114
102
115
105
92
115
145
107
100
102
109
87
109
104
109
102
109
109
102
106
107
107
116
99
111
113
88
101
111
114
126
95
98
115
98
105
97
117
107
101
108
123
100
108
108
114
83
120
111
106
129
103
106
121
103
119
84
110
101
111
100
103
119
101
120
108
107
107
101
94
94
111
100
119
107
112
102
111
110
100
121
88
106
106
105
100
113
101
123
102
102
119
123
104
96
116
107
88
104
103
120
105
98
123
122
115
94
106
116
103
116
119
117
95
109
105
98
102
104
98
109
110
114
95
123
101
94
114
101
109
109
106
112
98
110
115
119
100
119
105
109
100
104
119
114
83
114
124
92
101
115
114
99
101
101
121
96
114
122
123
103
95
138
107
108
126
110
121
126
102
104
99
114
111
117
108
106
112
114
125
95
95
92
107
122
106
104
124
95
99
99
109
114
116
116
116
103
101
101
130
104
113
106
115
102
119
103
110
106
109
107
113
86
108
111
113
107
114
113
99
123
93
100
119
120
106
106
113
118
121
114
122
101
117
125
120
116
136
107
106
118
95
100
119
106
105
110
106
125
113
91
94
92
99
112
115
106
116
123
134
105
126
106
95
114
111
116
111
96
112
94
96
103
85
101
99
102
129
112
99
137
114
107
118
111
89
122
95
121
121
109
126
104
127
125
109
110
96
107
106
104
107
109
111
115
91
118
115
96
99
113
106
113
117
100
108
105
118
130
118
111
115
111
105
104
117
102
118
103
111
115
113
105
115
105
114
97
108
112
100
99
102
107
115
118
114
130
107
119
119
110
104
105
131
94
120
115
101
124
111
125
114
108
98
99
108
117
109
101
101
119
92
131
121
117
128
109
114
103
108
106
108
120
118
98
114
98
108
112
104
131
108
108
100
102
109
117
128
120
102
104
124
92
108
121
108
115
114
113
124
120
108
110
119
114
105
118
117
109
113
109
113
115
104
106
115
126
108
117
116
125
105
119
132
114
99
115
143
113
119
105
106
104
131
102
120
113
109
99
106
125
99
104
98
116
115
124
130
108
113
110
115
106
113
119
131
111
111
121
121
125
119
118
100
120
126
118
94
103
108
128
133
114
95
110
132
128
132
126
108
127
121
126
113
131
127
122
119
119
123
114
113
129
120
111
126
104
142
120
112
117
111
106
107
107
119
132
108
138
118
120
97
129
119
122
115
104
109
106
135
127
131
117
136
111
128
110
121
106
118
119
115
111
109
121
118
100
111
122
135
131
109
110
108
117
132
118
115
106
125
115
130
102
108
120
119
123
116
121
108
108
120
118
116
107
116
117
114
114
104
125
116
102
124
110
106
134
118
105
122
122
99
128
115
112
100
116
109
124
114
122
125
121
116
136
103
112
125
103
109
107
119
112
111
135
113
97
102
112
115
106
107
125
128
111
134
129
120
110
109
115
146
137
120
104
128
145
131
125
118
111
109
117
126
115
81
128
127
122
110
132
110
136
117
129
117
130
104
116
81
117
116
120
128
122
106
117
119
118
107
109
126
119
116
117
123
123
123
127
119
127
127
114
120
112
96
115
95
118
118
120
109
97
107
108
115
105
126
104
108
124
119
133
111
117
103
101
134
123
107
123
97
137
118
109
126
147
141
122
106
118
114
124
110
116
110
135
122
140
126
114
108
122
116
138
113
125
91
118
123
103
128
117
128
139
112
118
116
117
124
112
118
139
124
126
139
116
118
126
110
116
117
125
127
131
114
112
127
124
111
140
113
112
130
110
109
115
112
125
143
120
117
114
114
130
97
107
114
126
124
131
120
125
109
120
118
141
118
119
123
127
132
108
120
109
143
121
109
135
110
121
120
125
132
141
108
130
141
123
116
127
114
116
133
140
118
143
137
118
105
122
128
117
127
105
113
112
120
137
129
123
113
127
127
131
127
117
124
130
129
135
124
143
137
121
127
125
123
124
113
95
129
134
141
159
119
142
136
123
113
127
124
141
126
115
135
144
108
118
147
135
120
107
127
114
132
132
114
128
122
151
134
105
111
123
112
150
125
132
135
116
146
123
149
140
112
115
106
128
141
122
101
118
122
133
118
126
124
136
127
138
134
104
129
125
126
125
122
142
127
133
131
132
128
143
138
124
141
129
108
133
138
112
127
117
126
121
126
123
141
129
134
121
137
122
123
128
136
116
117
132
126
156
131
114
118
132
142
111
117
131
113
122
151
113
128
132
137
125
121
124
141
105
130
134
115
130
110
125
114
130
122
123
112
139
133
131
130
112
132
135
126
137
140
112
131
125
116
123
137
115
105
115
129
118
103
161
122
112
125
108
124
110
135
130
113
143
136
145
118
117
136
125
128
136
141
142
128
136
135
132
133
129
140
122
127
121
130
131
139
126
124
138
115
131
135
115
124
133
121
115
102
128
126
144
125
107
122
117
129
147
111
113
103
130
132
128
119
130
137
120
128
115
133
113
137
110
130
123
122
132
135
129
125
140
125
133
132
122
136
131
126
122
147
118
122
119
138
150
134
138
121
121
106
130
107
107
121
122
124
117
119
140
128
136
127
126
128
118
116
120
128
143
112
147
130
141
128
154
122
132
129
134
105
118
119
121
115
130
141
133
120
129
146
114
121
130
123
125
124
126
130
144
141
138
139
132
127
112
123
140
136
120
133
113
123
121
109
122
122
127
123
145
121
122
128
124
116
133
131
148
118
120
129
116
105
128
133
136
138
130
114
130
111
135
122
126
120
123
120
135
153
97
126
121
94
110
132
131
124
125
113
155
118
117
128
133
119
123
133
140
126
134
123
129
111
143
128
106
131
117
124
148
118
115
114
114
116
126
107
119
124
120
125
136
120
130
123
126
137
129
115
121
120
157
110
122
116
132
132
153
123
117
125
122
119
120
134
108
123
119
136
149
133
124
123
136
121
128
130
136
122
121
131
128
132
135
126
118
133
117
128
126
114
139
127
133
114
123
114
131
118
116
120
127
119
105
118
120
116
121
120
115
104
124
119
135
127
126
113
112
117
115
114
132
105
107
134
132
132
110
116
115
115
119
134
131
119
122
134
101
134
110
125
124
125
119
112
128
145
105
127
140
113
122
138
105
104
105
113
115
111
113
135
117
107
104
119
136
126
98
133
112
126
149
98
101
106
112
116
127
101
126
136
126
119
116
117
83
105
112
122
105
121
108
128
120
133
113
100
131
100
114
120
125
108
130
129
123
106
125
114
103
97
95
116
114
124
117
120
113
131
98
127
95
102
112
128
91
110
101
103
120
110
115
127
118
117
115
107
108
110
91
98
106
112
114
106
114
98
102
111
123
125
103
130
121
112
124
119
119
102
120
110
112
97
106
117
113
105
98
109
113
146
106
127
137
114
134
104
123
100
114
102
117
110
109
100
114
94
109
136
102
99
106
105
104
94
121
105
106
98
96
109
100
122
111
96
100
103
98
101
106
100
103
79
107
109
89
93
118
86
99
86
91
111
97
97
95
127
100
92
67
111
104
106
90
91
109
109
105
96
100
97
112
99
100
99
100
99
81
109
104
91
97
75
109
116
96
90
87
98
100
93
97
97
116
89
85
101
100
105
110
95
106
105
94
98
97
94
94
76
83
101
98
98
104
109
109
77
109
91
93
89
107
89
76
87
95
82
86
78
92
92
103
103
107
86
99
93
101
88
87
88
115
113
90
86
99
98
96
115
112
74
108
97
95
109
100
85
96
100
100
77
84
93
115
92
90
103
72
101
95
81
102
97
95
90
90
79
90
95
97
72
101
90
99
88
86
107
93
77
90
100
90
93
101
87
82
87
86
86
94
108
84
93
85
82
96
88
94
76
86
85
95
80
101
87
83
98
83
78
86
102
68
71
87
87
78
82
79
93
93
89
92
89
81
100
65
88
79
92
99
83
102
99
99
89
94
79
90
68
86
102
77
89
105
93
89
92
108
106
83
99
98
97
74
70
97
84
92
79
77
95
83
90
84
94
88
94
92
92
97
90
91
70
81
76
100
83
89
76
72
89
83
95
83
75
85
91
88
83
98
71
83
91
90
90
99
83
91
80
75
82
84
76
95
76
87
79
84
96
88
92
77
81
78
85
90
100
84
83
93
109
75
75
73
93
78
82
82
75
79
83
82
100
96
85
81
73
85
72
75
69
84
78
87
74
76
90
84
79
97
86
85
75
102
79
101
90
73
80
88
74
70
93
79
60
102
92
93
91
86
68
95
87
83
90
76
95
77
67
82
98
63
79
90
76
88
73
72
79
103
85
70
107
81
83
88
78
79
83
71
81
103
94
79
77
81
76
123
87
72
73
84
82
93
87
82
84
85
92
92
70
77
77
83
87
84
72
96
85
86
83
74
89
85
75
73
70
65
85
83
69
61
80
84
75
92
78
74
78
84
92
72
76
68
90
84
80
94
78
71
83
81
76
83
71
74
87
77
87
87
106
86
92
93
83
77
75
88
64
101
75
81
66
87
61
70
77
77
79
70
69
79
80
81
84
87
88
87
67
104
71
77
87
88
65
89
76
102
72
81
89
75
89
65
54
104
108
75
79
74
81
76
99
79
93
78
76
93
87
70
70
86
93
63
81
91
58
76
77
80
79
79
75
84
78
66
90
106
67
68
89
86
108
75
86
76
71
88
68
71
79
92
79
89
92
77
83
92
66
91
80
90
78
84
101
82
79
71
81
91
90
83
89
66
90
101
93
81
89
82
90
91
76
88
83
79
79
93
85
91
79
88
87
92
87
80
82
102
82
103
76
89
99
90
111
67
96
96
87
85
91
70
85
83
95
85
91
87
66
72
72
92
63
84
87
94
95
62
101
109
82
81
101
88
91
89
97
82
81
101
86
76
81
108
70
87
82
88
75
84
85
90
79
84
80
81
85
74
91
86
110
75
93
88
91
80
78
87
99
89
86
102
88
84
76
103
81
87
86
90
105
79
115
86
106
93
89
94
99
78
91
85
96
89
84
104
91
91
91
87
86
85
79
84
110
107
104
95
109
88
99
87
96
94
96
97
96
97
87
79
121
109
95
95
85
103
102
97
101
100
97
104
80
99
105
96
100
103
97
102
97
107
100
114
109
87
95
111
100
110
90
119
106
101
125
105
86
129
109
97
113
99
93
115
118
99
100
118
87
89
95
112
99
109
109
115
106
110
120
118
88
110
112
108
100
112
118
123
115
115
110
101
129
106
106
128
122
115
119
115
136
100
106
113
106
106
142
101
108
117
129
106
116
128
124
103
121
116
138
120
139
107
117
118
123
109
110
124
125
112
117
129
112
126
133
106
114
142
152
121
130
133
137
148
137
142
141
119
126
110
134
129
137
125
125
136
131
141
132
131
124
144
134
134
143
134
117
126
123
145
145
144
155
128
133
145
147
116
155
151
138
134
135
134
146
125
143
150
157
144
145
140
168
163
162
150
145
144
157
145
164
161
154
156
159
149
150
155
170
157
172
169
174
155
170
184
147
140
187
166
163
173
160
187
161
192
181
178
180
166
155
175
150
195
175
204
193
166
183
178
191
171
184
143
151
179
180
178
196
211
166
189
167
217
182
183
195
171
181
197
198
188
201
188
178
212
185
207
187
188
201
216
193
201
212
227
184
219
193
224
213
195
211
209
211
210
198
188
220
209
213
195
229
219
229
207
228
228
220
214
209
196
245
202
211
236
234
229
249
243
263
216
240
244
206
223
224
224
229
258
230
231
219
226
240
244
262
259
235
237
266
234
228
226
265
271
242
238
267
258
260
287
258
265
256
246
237
262
256
292
253
239
253
274
241
247
273
266
246
285
247
267
263
261
267
263
292
290
290
265
268
255
290
278
241
332
269
268
260
285
251
281
302
297
282
279
246
266
291
284
295
306
279
325
293
299
281
296
267
303
300
281
301
298
283
293
256
299
282
270
297
282
317
284
270
293
276
333
266
303
289
283
294
300
315
282
297
279
301
289
269
296
302
275
292
294
283
271
267
306
268
278
281
305
284
288
275
315
273
317
271
280
300
282
287
270
297
319
303
291
299
313
294
287
329
290
287
292
295
285
292
302
290
285
314
306
299
281
273
307
296
283
305
277
289
309
287
310
315
291
285
274
275
260
273
244
285
298
262
237
281
267
262
264
271
269
243
258
276
251
253
310
263
269
281
273
249
265
278
262
260
285
274
252
257
244
241
241
264
269
247
256
256
236
257
268
250
255
257
247
276
232
234
253
256
262
261
244
212
252
234
233
225
238
260
222
223
272
222
234
246
234
213
200
229
241
199
195
237
223
210
194
233
226
244
221
205
213
183
192
189
209
213
195
199
204
184
186
207
203
178
188
172
172
221
204
189
186
178
187
194
184
184
193
180
202
194
173
185
183
183
148
179
142
171
200
180
179
171
141
166
153
173
175
159
161
161
176
163
151
153
151
166
170
158
144
128
141
150
141
142
130
178
123
126
134
136
128
133
130
151
120
129
139
146
127
152
120
149
143
140
122
120
108
111
113
142
121
134
123
109
105
113
128
110
134
112
116
104
117
115
97
97
116
110
105
94
105
118
110
111
116
120
101
88
99
100
108
104
104
106
91
93
102
92
80
86
79
75
91
88
83
91
78
87
101
72
96
81
88
67
86
91
73
70
85
77
69
93
87
75
73
90
81
84
79
70
81
74
69
75
81
75
57
81
62
93
63
70
73
60
69
89
62
71
70
80
70
57
68
77
79
70
66
71
69
58
63
73
59
65
62
66
60
54
61
79
69
69
63
64
42
66
65
75
52
56
66
68
60
53
53
64
76
65
59
61
74
59
69
72
63
66
57
56
61
79
69
68
60
52
62
67
58
65
54
54
55
65
60
64
56
46
60
61
62
68
64
55
35
62
61
68
78
53
57
53
63
67
68
45
48
72
65
68
61
62
71
76
62
53
68
91
68
62
59
74
55
76
55
66
53
65
56
71
66
73
66
58
64
65
62
71
67
67
74
80
65
77
69
81
73
85
77
79
73
70
76
83
80
63
69
78
81
79
65
77
79
87
65
74
81
87
78
73
74
73
74
87
73
87
74
75
90
83
85
84
77
82
68
85
83
90
82
84
80
92
75
92
90
80
83
89
86
92
95
93
88
88
87
103
86
80
82
98
93
70
81
102
106
98
95
101
91
103
92
91
100
95
100
99
106
117
100
108
88
110
105
111
96
99
114
88
108
102
105
113
124
118
103
119
111
111
111
116
97
90
109
109
113
99
115
110
108
112
121
106
123
146
140
114
117
126
117
128
115
120
135
127
118
131
125
129
111
131
128
116
129
144
131
141
147
118
151
142
153
143
126
143
132
149
149
150
130
129
136
159
134
139
120
134
149
127
142
153
164
140
163
139
170
157
153
147
139
139
155
170
156
151
150
160
149
176
152
146
168
161
162
149
156
171
177
185
152
163
163
166
149
159
185
173
156
172
198
158
172
151
179
174
178
186
175
187
173
173
189
178
194
190
203
179
204
150
169
176
204
200
193
191
171
187
199
192
173
191
193
199
210
217
205
174
188
210
201
204
186
189
184
187
174
213
196
188
228
195
194
210
203
207
210
200
213
219
246
228
224
208
219
205
209
214
195
198
220
235
218
201
209
233
219
240
217
223
235
200
225
207
222
242
234
227
237
249
231
231
226
219
219
228
227
248
241
239
225
218
224
229
226
242
220
223
246
242
261
224
219
254
253
242
216
233
244
272
260
247
258
221
237
228
240
224
238
254
236
237
257
228
237
228
219
249
240
238
230
261
250
247
269
241
249
233
249
259
232
238
212
245
222
250
235
256
265
255
273
242
262
229
268
223
240
248
239
246
234
240
244
245
216
233
236
262
224
233
248
228
226
239
229
226
223
263
222
231
249
228
225
270
245
232
228
227
241
232
243
234
218
252
226
231
230
224
202
250
204
221
229
247
231
195
230
242
237
231
253
184
192
241
208
222
233
229
234
219
218
216
193
217
214
211
221
197
213
219
216
200
216
210
226
189
204
212
239
229
233
238
203
199
199
191
213
207
187
194
224
202
196
225
213
193
237
187
173
203
164
177
207
202
208
197
197
166
186
229
212
176
165
202
214
182
175
199
174
195
201
170
196
165
174
166
176
175
188
146
156
168
162
151
168
165
183
152
144
156
154
153
180
148
145
154
167
138
141
138
163
154
163
134
130
148
143
126
145
140
131
142
149
159
135
148
144
153
116
140
152
126
150
127
104
137
121
131
108
113
106
117
114
126
111
116
105
122
98
105
111
123
122
123
130
96
98
131
109
94
105
102
98
117
88
97
112
91
100
83
106
86
103
97
93
98
89
103
84
93
92
113
82
92
90
69
105
94
98
88
90
80
70
78
87
73
76
83
78
76
68
70
80
76
74
85
75
71
78
71
77
75
62
52
77
59
79
60
60
59
63
59
55
57
64
47
61
45
43
66
49
62
63
52
66
48
47
55
61
56
45
55
56
47
60
55
51
47
35
47
50
67
40
53
29
43
38
44
53
41
35
42
27
31
42
35
47
37
33
37
44
32
34
35
44
29
40
39
33
38
40
31
35
31
33
28
27
25
31
26
30
35
25
33
28
25
20
28
24
19
29
22
19
19
20
24
28
28
30
26
29
30
15
24
28
12
29
21
25
22
22
21
13
27
24
24
22
22
16
20
20
15
25
10
17
19
19
17
15
19
12
15
16
18
20
17
13
16
15
12
17
12
22
17
12
13
7
13
16
16
8
8
9
15
11
14
11
13
20
17
12
10
19
11
16
11
13
7
16
14
14
14
12
9
12
4
8
11
11
10
8
9
9
8
10
15
8
6
14
8
10
10
14
9
4
9
10
10
9
3
4
3
14
9
6
7
4
7
12
2
10
6
6
13
10
8
4
8
5
9
9
13
8
2
5
3
3
9
10
7
6
10
8
6
12
10
10
10
13
7
7
6
4
7
7
6
11
5
5
10
8
6
13
5
5
7
12
11
6
4
8
9
6
4
9
4
8
4
7
5
5
4
4
9
8
8
8
7
6
5
4
4
7
11
6
3
8
4
5
5
8
7
6
3
5
5
3
7
8
5
4
5
8
8
2
2
7
8
6
5
5
8
4
4
5
4
5
5
7
7
3
6
2
4
4
9
2
3
5
5
4
6
8
5
6
5
5
4
3
3
7
5
5
8
4
10
6
7
2
2
6
7
7
6
5
5
2
5
6
4
1
4
1
3
5
5
3
10
5
4
3
8
7
4
6
4
4
5
7
2
3
6
7
7
5
9
4
9
6
1
6
5
4
3
6
4
5
8
7
2
11
5
5
4
2
5
1
4
3
2
2
3
3
4
7
8
7
8
2
4
3
3
3
5
1
3
5
3
1
2
3
9
3
5
3
3
2
2
4
1
3
2
3
2
0
6
4
1
8
6
2
1
2
2
4
2
2
1
2
4
2
4
5
11
7
10
5
4
10
7
12
2
4
1
9
6
4
2
6
6
3
6
7
6
6
6
4
7
2
3
4
5
1
1
9
2
3
4
5
4
3
5
7
2
6
4
6
3
3
3
0
4
3
4
4
2
6
3
3
2
2
3
2
4
4
8
5
3
3
3
6
3
3
3
7
4
4
3
7
2
5
2
8
2
7
4
2
6
1
2
5
4
3
3
1
7
4
5
5
4
2
3
5
3
9
4
2
4
4
4
7
5
6
5
2
2
1
2
2
4
8
4
5
2
9
2
3
3
4
3
3
5
1
2
4
4
6
6
6
4
6
6
4
1
4
3
3
2
2
5
2
3
2
5
3
0
4
3
4
5
5
1
7
5
3
3
2
6
5
3
1
4
3
3
3
5
4
2
6
5
2
1
3
3
7
4
6
2
4
4
6
4
5
8
3
2
4
1
5
4
4
3
4
1
1
2
4
2
5
3
4
4
2
3
4
7
5
9
2
5
4
2
3
6
2
4
3
3
4
2
1
5
1
1
2
2
1
1
3
2
3
8
5
2
7
3
3
4
5
3
5
3
3
3
5
3
3
4
7
5
2
1
3
4
4
5
1
4
3
5
4
5
3
2
3
6
1
4
8
3
2
3
4
5
6
4
3
4
0
4
2
5
4
5
4
0
4
3
6
6
2
3
2
0
5
2
2
3
2
7
6
3
2
1
3
1
1
6
4
3
1
9
2
3
6
3
1
4
4
3
6
2
1
6
6
3
0
2
4
4
4
4
7
1
3
8
3
5
1
4
4
74
59
66
74
74
72
71
67
69
67
67
78
64
71
67
88
69
68
70
62
70
61
73
59
57
63
75
63
59
82
62
64
71
70
70
59
65
54
54
59
66
68
69
61
59
67
63
52
63
55
73
59
68
68
57
71
66
84
59
62
65
50
56
63
55
69
61
72
82
67
60
56
65
53
58
67
65
73
50
51
62
55
78
68
62
71
67
66
66
56
68
66
62
57
67
67
57
61
61
62
67
76
78
58
58
48
62
55
58
78
75
62
63
56
86
76
68
52
67
61
66
72
63
67
53
69
79
31
