0
0
0
0
0
1
0
0
0
0
0
0
0
0
0
0
0
0
0
0
1
0
0
0
0
0
0
0
0
0
0
1
0
0
0
0
0
0
0
0
0
0
0
0
0
0
0
0
0
0
0
0
0
0
0
0
0
0
0
0
0
0
0
0
0
1
0
0
0
0
0
0
1
1
0
0
0
0
0
0
0
0
0
0
0
0
0
0
0
0
0
0
0
0
0
0
0
0
0
0
1
0
0
0
0
0
1
0
0
0
1
1
2
1
1
0
0
1
1
0
0
1
2
1
1
1
0
2
3
1
1
1
0
0
1
6
2
1
2
0
1
2
3
3
3
3
2
5
3
6
1
6
1
3
1
2
2
1
1
0
1
0
0
0
0
6
22
39
46
57
79
77
79
78
60
68
72
99
75
72
92
84
79
74
77
90
93
81
89
82
102
76
83
98
87
105
79
76
75
78
88
99
71
73
98
92
87
88
88
90
97
75
88
99
79
84
67
91
75
74
87
77
100
92
72
100
90
91
69
83
70
86
75
73
108
110
94
80
85
90
87
90
88
73
66
83
94
87
82
88
88
90
86
75
74
85
87
80
106
76
93
75
88
88
88
96
100
88
93
87
87
89
96
81
86
88
88
103
78
91
91
86
100
68
77
74
91
95
96
79
104
84
73
104
90
88
81
100
96
99
98
92
93
89
95
78
102
74
102
83
82
80
99
101
69
88
93
100
88
90
99
91
80
95
96
106
93
96
89
88
82
91
77
91
99
89
100
92
83
104
96
109
106
108
92
87
110
102
102
77
107
106
97
95
85
78
94
97
89
89
97
92
96
121
81
106
83
114
111
94
84
87
97
90
72
99
88
92
93
84
103
89
91
80
93
114
105
105
88
110
106
91
89
109
94
102
83
108
77
98
96
104
99
96
103
106
91
105
99
108
101
95
97
97
84
122
101
104
114
91
86
101
101
106
91
96
112
94
100
88
101
87
94
108
101
103
109
104
91
106
103
105
93
87
82
108
86
84
105
90
107
84
111
106
82
84
79
106
102
95
99
96
108
83
110
94
97
102
100
104
93
105
104
97
91
88
110
86
95
90
77
88
104
95
85
94
100
96
84
98
105
97
93
85
103
103
85
94
93
101
98
93
102
104
138
88
101
95
105
97
84
106
111
97
106
95
104
93
88
106
104
98
99
105
111
114
98
99
106
87
100
109
82
108
99
110
67
109
70
94
81
96
122
87
80
113
101
88
107
90
109
90
98
102
82
97
93
89
92
98
115
95
94
76
96
93
109
93
103
91
102
84
102
88
103
104
91
97
99
105
84
86
95
86
96
97
89
102
87
110
127
99
100
92
94
82
117
97
87
92
107
89
90
104
96
93
96
91
108
100
86
102
99
103
105
112
79
102
104
85
97
103
93
89
92
103
104
94
88
100
83
110
109
105
104
100
93
106
93
89
126
113
77
104
94
106
119
102
104
100
93
94
98
88
108
104
99
104
95
105
84
106
90
104
104
98
102
77
92
96
96
100
99
103
109
97
111
114
96
89
86
103
97
86
88
76
100
85
93
112
101
99
99
94
93
104
92
115
91
100
78
95
93
110
113
98
93
113
97
103
102
115
92
116
86
107
95
103
110
110
101
99
107
94
97
92
106
89
102
100
88
105
97
105
99
103
109
87
113
113
90
101
100
100
86
94
109
107
103
97
112
132
93
112
97
95
96
94
96
89
105
86
88
97
99
109
87
108
91
107
85
96
95
122
101
127
124
99
103
108
102
90
87
117
106
89
87
109
96
82
99
113
95
98
91
103
96
103
113
111
102
105
97
110
100
97
117
109
110
99
100
81
117
101
106
121
101
98
114
111
97
103
102
100
95
105
97
111
87
101
108
97
106
101
117
118
94
100
106
97
96
104
97
112
100
103
108
100
117
108
102
99
94
114
104
115
101
102
100
92
106
129
116
94
96
102
101
99
94
116
107
103
111
111
90
90
96
93
102
106
104
104
102
113
104
107
101
100
99
115
118
96
92
112
102
115
94
106
86
89
93
107
90
111
120
128
122
102
114
94
102
99
96
100
114
95
109
124
100
104
113
105
130
95
109
83
116
97
105
125
83
93
121
109
97
109
100
95
95
88
116
93
115
99
121
113
98
105
99
80
81
121
103
113
102
106
100
115
131
104
95
103
101
101
104
92
84
112
103
96
94
107
105
116
111
115
109
122
91
103
87
113
99
109
111
104
105
112
113
125
103
90
101
116
93
105
98
114
118
112
116
102
103
113
123
118
107
103
122
99
110
117
94
105
113
123
105
120
116
120
106
108
98
120
110
105
115
124
119
107
76
87
110
96
110
103
105
104
101
101
113
104
129
93
92
100
96
126
96
100
110
87
125
97
119
114
103
95
104
112
119
112
129
116
114
98
104
95
113
126
103
125
115
115
116
111
100
104
131
109
125
127
122
97
116
109
121
118
125
115
110
115
126
102
101
125
125
116
117
130
118
114
99
142
114
93
114
113
121
111
113
121
117
116
109
106
136
116
132
113
118
119
120
133
121
93
130
133
114
117
116
125
152
127
112
139
111
117
126
106
124
113
149
110
104
121
129
117
127
129
131
140
98
129
130
140
126
131
130
143
124
112
115
148
118
147
118
130
112
113
117
137
116
110
121
135
129
130
126
118
116
125
123
123
134
115
116
132
157
128
134
104
116
109
107
134
125
123
137
133
128
126
143
110
132
118
145
117
137
125
114
124
143
151
121
115
124
125
111
128
105
130
127
147
117
128
133
125
129
132
151
125
113
121
121
125
114
127
116
114
133
144
135
140
120
140
137
112
125
123
129
133
124
140
144
121
118
121
123
131
117
139
134
133
142
131
127
125
108
139
127
121
115
125
128
134
110
118
107
127
114
110
135
130
101
116
122
123
123
114
120
136
127
144
136
103
131
121
111
123
100
128
138
122
116
126
136
106
131
127
142
122
105
118
115
107
121
143
116
121
121
159
130
118
120
120
105
115
113
115
150
117
129
115
91
119
121
126
125
127
100
125
97
116
122
130
102
118
116
125
122
134
150
114
106
127
111
111
100
108
116
123
115
114
96
112
149
126
130
103
115
114
124
119
97
128
116
108
119
91
98
100
112
123
118
83
126
129
101
110
100
107
114
109
116
111
124
108
115
99
126
108
94
132
122
109
107
106
119
107
95
115
98
112
106
112
126
112
121
115
102
106
121
124
105
100
100
107
105
111
109
101
97
101
97
120
115
115
122
113
114
108
96
102
108
112
104
132
107
114
111
115
94
116
109
118
95
99
112
116
98
101
117
111
110
113
123
98
116
109
101
116
100
106
96
125
121
106
119
124
90
114
96
115
101
120
112
108
117
114
112
122
98
108
98
114
107
100
96
90
118
110
90
96
107
102
99
118
109
118
113
107
120
96
106
106
102
120
118
89
108
108
101
112
103
98
114
98
115
99
98
97
86
108
111
90
97
104
87
123
120
107
105
95
123
112
124
116
118
92
112
101
100
102
113
117
111
98
86
113
119
113
100
107
88
94
109
115
109
112
102
116
109
110
102
97
93
113
117
101
95
102
100
113
91
97
113
86
101
105
106
105
111
98
91
86
93
110
117
105
80
131
120
101
113
95
92
107
99
114
105
93
91
109
111
110
104
97
106
119
120
100
102
131
99
91
114
102
112
97
106
94
110
92
91
92
113
114
106
110
120
105
100
106
103
111
109
93
122
100
107
89
110
109
109
97
101
101
107
109
113
110
103
104
100
115
120
106
92
103
100
91
107
120
116
108
112
87
116
130
84
108
103
104
111
75
106
97
102
114
102
98
89
98
112
106
113
117
124
103
110
92
113
133
99
112
79
109
113
113
100
98
82
102
88
104
98
91
126
100
106
93
109
118
118
79
95
118
114
99
104
101
92
80
95
96
90
114
81
110
99
89
100
99
81
95
99
107
111
107
103
86
86
97
98
97
105
95
94
133
100
98
111
109
102
76
110
116
83
95
109
87
107
103
99
100
90
111
89
103
92
94
86
115
86
97
117
101
91
97
93
102
102
94
109
90
92
85
105
94
95
89
85
93
91
96
109
88
103
98
101
89
109
82
82
113
92
87
94
103
89
102
105
98
96
95
117
96
76
84
106
88
77
93
112
94
92
86
99
112
110
96
95
85
83
106
92
90
113
85
85
103
95
86
96
80
99
89
98
89
74
100
94
94
96
100
91
99
86
103
73
102
98
99
91
83
88
92
105
87
96
94
90
92
102
90
101
84
89
88
99
109
99
88
112
73
84
98
103
87
96
105
102
116
107
103
86
80
109
90
95
83
103
75
97
81
90
92
101
107
111
100
103
83
85
96
93
102
82
88
94
102
89
103
97
96
87
94
89
98
84
77
84
92
98
99
82
89
93
89
98
101
87
68
100
103
106
90
102
83
103
93
93
101
89
106
87
86
84
102
110
93
92
109
69
95
102
100
94
108
90
85
85
82
80
85
83
106
98
82
103
96
89
97
98
96
67
84
91
93
79
93
98
98
88
86
85
83
71
102
104
95
98
82
106
89
90
124
99
94
88
97
85
100
81
99
91
98
105
86
92
88
80
104
91
82
104
106
88
88
109
72
91
92
90
92
93
82
91
106
101
88
102
100
93
84
80
91
89
87
87
98
114
95
96
103
92
103
93
87
95
84
90
76
74
84
80
94
83
87
83
99
78
77
93
94
99
104
81
84
95
90
97
72
80
87
100
97
91
87
104
84
88
80
88
82
83
102
83
88
92
89
91
87
85
101
102
76
92
76
114
91
86
86
97
88
99
86
89
93
83
94
82
89
103
101
105
90
86
78
88
78
73
85
93
87
88
88
87
85
89
87
96
89
87
96
100
94
86
82
71
95
92
88
84
83
79
90
98
94
92
94
98
109
91
106
78
94
98
93
99
99
82
105
77
98
104
95
89
83
86
86
74
96
95
76
92
92
93
111
93
89
85
80
72
69
89
95
88
89
94
99
94
84
101
97
102
93
105
92
101
88
88
104
84
96
84
123
110
86
102
92
96
114
92
72
96
98
85
87
82
93
90
89
84
107
99
89
76
97
84
88
97
92
82
88
71
95
74
92
82
93
73
81
92
82
94
99
75
75
91
97
94
91
89
99
75
84
87
95
91
84
93
97
93
91
81
74
77
110
83
83
96
98
90
87
97
90
84
65
78
85
82
87
89
76
90
86
97
93
75
71
100
97
98
78
99
95
82
80
76
95
89
86
87
86
96
81
88
91
88
102
85
117
86
89
80
90
81
99
94
93
73
80
79
81
91
78
83
68
87
79
93
88
72
105
100
86
86
106
86
75
89
97
86
89
81
87
91
80
84
92
77
93
97
107
89
93
93
90
91
84
72
81
89
82
74
79
90
93
86
80
87
87
87
97
82
89
80
86
91
99
107
82
72
76
97
92
90
87
76
92
84
93
79
101
101
92
83
93
103
107
88
97
86
89
84
86
90
94
70
82
85
87
92
94
98
88
87
79
87
75
89
85
78
98
85
94
85
94
78
84
85
91
88
102
94
78
101
77
88
108
77
89
92
87
91
96
102
76
83
81
73
90
86
85
98
100
94
90
80
93
80
90
93
104
93
92
92
97
103
91
99
80
91
82
85
99
81
113
82
79
80
83
93
92
86
94
87
92
85
90
93
77
92
103
94
86
65
82
91
72
88
70
93
84
86
85
90
92
85
71
91
97
93
93
96
96
86
90
77
83
90
76
93
82
80
65
85
105
97
84
99
85
86
68
78
86
97
79
68
77
90
93
93
92
82
88
86
77
89
89
95
92
81
86
86
77
74
76
91
96
77
79
86
84
86
76
110
73
85
88
82
98
100
91
89
102
85
92
93
76
79
72
98
96
96
85
70
76
79
85
82
87
79
81
88
100
102
78
80
97
97
100
87
89
99
95
70
86
85
99
87
94
72
100
78
89
92
94
102
85
86
103
83
97
90
106
88
86
79
93
78
89
88
92
86
86
100
107
87
106
98
72
102
91
79
76
80
98
88
95
87
69
97
77
92
101
91
84
67
92
71
79
77
93
91
86
88
93
84
77
83
90
79
70
87
88
96
80
87
93
101
93
71
88
78
91
97
83
88
84
85
94
96
101
95
79
88
95
95
92
93
86
94
85
101
97
86
85
81
98
99
86
73
86
78
96
78
70
96
100
107
85
74
92
79
85
71
88
77
81
100
92
87
91
82
78
78
85
88
81
76
98
85
78
78
71
91
92
87
86
76
92
78
98
84
92
72
90
92
89
76
85
85
88
97
76
85
81
77
82
98
71
98
78
72
87
89
97
84
80
80
97
90
113
89
82
91
94
85
114
80
93
85
93
95
76
84
99
85
81
88
90
93
77
74
101
72
95
78
89
80
88
99
84
92
71
75
94
91
88
86
89
87
79
96
91
99
63
77
84
95
94
78
84
86
95
76
80
85
63
71
90
79
77
82
75
86
101
91
81
77
81
86
82
85
86
80
106
72
89
72
111
76
107
86
75
95
84
69
79
96
72
103
91
74
92
87
91
92
73
81
80
83
76
100
86
88
87
75
87
81
90
77
88
94
82
74
90
96
93
84
101
81
77
81
85
92
87
84
69
82
88
88
90
71
82
92
96
114
86
96
84
93
90
78
96
88
100
82
86
94
86
77
84
73
92
83
92
94
106
74
92
87
86
90
66
98
60
104
77
87
98
92
88
86
71
86
73
89
88
97
90
86
87
79
80
83
85
94
80
94
86
86
99
77
68
85
75
97
94
95
93
93
96
88
85
90
96
91
77
84
89
74
85
81
85
89
96
77
81
96
86
75
113
76
110
103
91
65
90
96
82
82
100
87
81
78
95
79
79
90
82
73
88
93
88
87
76
95
88
88
100
90
72
92
75
91
82
88
83
87
78
97
91
100
88
112
99
100
82
89
75
81
91
79
89
93
80
91
85
97
100
85
81
80
78
93
89
80
77
86
93
67
91
93
84
96
86
79
76
82
89
88
82
96
85
86
76
65
90
106
102
70
95
78
78
86
86
99
79
96
79
110
98
88
81
84
94
69
108
90
93
76
111
100
103
90
90
98
75
101
81
103
101
89
85
96
91
87
99
80
83
84
86
88
90
75
83
87
85
82
88
95
78
97
82
83
85
93
90
85
87
78
84
92
84
65
92
92
79
82
101
95
104
82
71
90
94
109
87
82
74
89
90
90
85
85
100
89
94
97
89
88
79
92
87
89
86
84
100
93
101
89
97
76
88
90
82
91
78
85
91
84
89
77
96
95
71
89
81
98
75
101
92
73
90
91
82
97
89
91
82
88
96
88
97
93
86
84
94
83
94
88
83
96
97
80
110
96
92
84
93
97
90
103
86
94
79
97
86
90
88
75
94
73
99
89
89
93
83
93
89
81
72
87
91
72
92
99
90
86
116
96
96
83
93
91
94
80
91
85
86
96
84
88
83
89
77
96
81
68
96
94
93
86
90
81
81
88
74
85
94
78
97
90
66
94
73
89
85
83
92
96
91
92
88
90
86
102
88
85
110
114
75
106
75
67
94
92
84
90
113
99
89
71
86
97
91
97
104
94
95
88
86
93
82
82
89
60
97
88
84
96
86
103
78
105
87
81
99
67
88
72
92
91
101
87
79
112
96
92
73
80
82
86
74
89
88
103
90
87
78
83
91
75
92
73
100
75
81
75
86
89
89
82
84
80
85
82
101
83
84
90
87
75
100
87
98
92
93
94
111
83
90
100
85
88
82
98
102
92
89
94
91
90
85
87
76
74
75
93
95
111
84
83
81
92
93
82
91
88
73
96
101
102
93
86
103
92
101
84
100
87
92
86
83
77
94
81
97
88
83
95
91
105
101
95
115
93
77
84
105
91
101
92
105
75
92
97
91
86
75
91
85
80
93
86
86
98
99
105
96
80
89
109
85
107
77
81
90
103
98
84
116
97
82
83
96
95
92
85
84
91
88
90
103
80
112
83
89
105
88
89
105
93
99
88
89
89
85
88
91
90
90
85
103
81
95
78
90
85
86
111
81
101
96
97
93
81
99
102
97
100
116
74
96
87
77
104
91
91
95
96
87
86
108
105
85
108
96
92
96
91
78
86
93
108
92
93
98
75
91
94
88
103
101
81
91
76
105
101
87
90
91
90
103
67
93
105
95
91
83
93
97
73
98
103
95
85
87
74
101
93
95
80
79
94
92
93
96
119
97
89
93
111
85
101
84
96
85
72
92
79
78
83
66
88
85
93
89
99
101
73
82
90
91
94
84
98
89
90
76
82
93
78
106
93
98
93
91
103
90
107
89
92
83
97
109
96
89
92
80
91
92
84
76
76
94
90
88
107
88
99
105
100
94
86
88
93
115
92
92
96
88
84
95
83
97
100
99
103
112
100
94
99
106
79
95
82
88
74
90
82
83
97
76
112
75
82
90
93
89
82
82
94
93
79
79
81
91
93
105
101
78
78
74
79
97
76
98
105
95
89
80
102
79
104
70
84
94
94
93
76
97
101
99
95
108
78
96
78
86
99
97
98
87
108
95
89
89
73
110
75
87
67
84
108
85
85
93
83
102
106
95
105
86
114
94
72
94
79
93
88
100
96
100
80
108
108
101
112
92
99
88
97
102
104
86
91
92
100
94
104
91
89
92
91
79
81
98
89
85
97
98
82
98
90
80
74
92
99
89
99
88
98
88
85
102
93
106
92
94
90
92
88
115
88
86
93
105
106
96
121
94
105
80
105
99
101
85
104
91
92
107
89
89
96
100
107
107
77
102
87
78
95
110
108
84
86
85
86
94
98
88
95
91
117
98
97
91
72
90
88
95
93
97
90
88
115
112
89
88
93
95
105
96
94
97
101
102
107
101
94
85
106
94
106
104
107
104
109
99
104
97
87
85
99
101
92
88
88
92
102
84
102
98
100
102
102
79
82
110
93
88
112
90
95
80
87
92
100
106
80
82
89
91
111
93
98
97
93
94
85
104
100
119
90
106
103
95
99
98
88
94
95
83
93
102
112
89
82
90
93
97
94
87
100
90
82
92
118
90
112
101
105
105
91
95
102
88
110
96
93
108
104
92
105
92
102
87
93
98
93
77
114
93
104
90
82
97
109
98
87
84
110
112
99
98
99
106
97
116
92
116
97
93
86
99
93
90
93
94
107
92
116
120
104
77
98
102
98
103
106
95
96
95
92
88
91
111
91
96
93
85
97
98
91
93
97
83
100
104
103
107
90
86
86
107
97
92
108
120
89
92
118
91
99
93
103
104
105
108
109
124
104
100
100
105
91
98
87
74
94
89
97
102
98
117
102
84
108
84
98
90
109
92
109
101
115
101
95
101
110
80
106
92
98
97
104
91
90
111
100
100
104
103
106
87
88
105
104
122
78
114
94
114
108
89
105
90
92
104
103
95
124
92
104
112
111
85
113
102
106
102
98
96
82
99
104
102
116
101
117
91
89
109
110
109
98
106
88
95
115
92
103
69
92
104
109
105
99
100
98
108
93
112
91
87
106
107
112
111
125
92
95
90
99
99
97
113
88
105
107
95
82
107
105
95
100
97
96
101
81
100
109
104
111
95
99
98
100
99
110
105
110
104
119
105
109
117
75
95
80
95
115
97
107
97
97
121
105
84
106
104
96
107
105
102
109
98
120
109
100
103
102
102
105
106
91
100
89
95
98
105
83
107
95
92
101
110
87
104
116
92
104
111
106
100
102
96
107
104
101
103
97
83
95
103
115
84
112
98
108
115
107
120
109
104
99
127
110
97
110
119
116
115
108
103
98
86
96
117
102
94
130
110
95
104
87
93
92
108
111
105
99
112
100
107
106
95
109
120
109
106
131
89
118
83
98
103
101
109
106
99
123
94
87
103
130
106
101
98
112
109
122
123
94
89
93
101
113
105
104
109
115
105
112
100
101
91
96
79
91
97
96
95
105
99
109
98
107
94
110
108
115
107
108
116
127
130
113
103
103
109
117
100
103
105
105
113
104
112
101
118
101
104
140
119
115
101
111
103
117
95
110
82
112
111
109
100
87
113
92
113
98
90
106
108
95
108
95
115
96
125
102
92
115
101
102
119
92
119
107
101
116
106
93
112
88
109
112
117
114
108
128
100
96
108
117
116
114
95
94
117
92
118
97
107
113
129
102
106
101
103
93
114
103
103
109
106
101
112
111
108
83
112
101
97
102
130
97
132
98
109
91
114
98
116
92
102
122
107
89
108
122
107
122
117
99
123
125
100
99
118
125
114
96
108
138
107
99
118
116
104
111
105
86
106
89
118
90
118
102
101
110
115
127
104
90
109
102
121
117
92
115
94
115
117
100
116
112
96
103
100
114
110
94
114
111
111
115
121
97
93
116
101
124
112
123
134
109
102
113
116
94
118
104
87
109
102
105
113
85
109
107
98
117
113
105
98
116
97
99
106
122
119
101
103
120
116
95
111
107
111
120
111
93
107
111
106
113
108
111
114
96
98
99
116
109
117
121
105
95
111
110
127
98
123
99
105
104
115
112
111
120
92
115
113
106
97
115
110
105
83
94
103
117
105
103
103
102
100
124
106
106
82
102
98
109
88
123
104
118
122
83
99
107
90
125
112
92
88
96
99
86
95
88
105
106
99
115
126
119
100
110
98
107
103
98
95
105
113
106
107
107
99
97
112
109
108
112
103
95
124
102
118
104
101
116
97
95
108
129
118
100
113
107
81
111
93
101
82
101
99
118
101
116
117
105
96
94
97
103
95
108
112
107
124
100
123
89
95
126
95
110
80
100
89
90
129
83
93
97
93
90
102
116
122
114
122
96
104
93
102
100
109
108
91
96
100
88
107
118
109
90
117
110
114
109
105
103
109
109
96
105
117
110
94
105
104
95
112
93
85
106
102
97
100
90
99
112
105
115
95
88
103
82
87
97
97
99
104
101
102
114
106
92
103
98
114
99
106
87
108
100
94
86
99
97
103
96
100
87
94
102
91
112
86
100
101
111
88
95
109
107
105
85
97
89
100
74
88
83
106
82
95
97
108
108
98
93
81
99
89
96
97
97
94
103
96
103
76
97
96
90
97
88
102
95
89
99
93
87
106
95
89
92
86
90
85
80
98
66
96
90
110
84
90
88
73
91
102
88
110
102
96
84
95
86
100
83
88
79
95
95
101
87
100
87
80
95
96
86
87
90
100
76
92
78
92
97
78
93
76
92
86
88
93
89
97
71
78
90
92
108
94
92
90
91
78
78
93
71
93
71
111
71
83
108
86
81
87
90
76
97
95
82
84
92
91
82
85
86
98
104
80
82
89
78
90
88
76
75
92
91
82
78
114
99
68
90
74
89
89
80
87
89
84
87
86
72
79
103
102
85
83
69
83
73
95
77
81
96
95
82
78
84
78
78
83
101
99
72
88
85
69
98
71
82
71
67
89
79
88
87
86
85
82
82
75
73
83
83
80
81
105
81
71
70
87
93
85
84
71
91
80
79
96
73
82
80
74
67
78
77
69
64
80
77
88
68
102
88
71
90
86
61
86
92
76
68
74
87
75
81
90
78
70
99
86
79
78
77
73
79
86
68
91
66
75
57
101
68
62
82
84
66
76
79
87
80
62
83
78
79
80
60
66
63
85
71
88
71
75
73
78
73
84
84
81
96
81
79
77
69
83
87
59
78
77
72
79
65
91
77
69
78
77
63
95
72
66
75
77
83
92
68
76
73
83
97
87
82
87
81
77
90
80
76
71
69
73
65
83
73
70
60
73
67
70
72
77
75
67
74
73
66
79
94
66
80
71
51
75
59
50
73
70
64
68
75
79
81
64
69
71
67
66
57
69
69
61
67
78
79
78
73
65
72
80
73
77
81
64
61
83
81
71
76
74
71
58
67
58
75
67
76
74
83
73
71
78
74
66
79
63
75
66
83
72
64
71
62
76
68
89
79
75
84
85
75
66
67
62
54
82
78
60
72
77
70
73
84
70
85
89
76
56
67
72
76
61
74
66
65
68
59
71
74
79
74
67
88
74
79
63
64
63
68
74
66
74
74
62
71
74
63
73
81
88
73
72
64
79
66
63
69
77
71
61
72
72
74
64
81
81
61
58
79
73
67
55
74
73
81
73
62
72
71
80
81
79
59
60
64
63
57
65
64
65
72
79
68
65
91
64
59
77
62
55
78
69
80
64
69
72
65
88
70
54
78
73
75
75
78
63
71
60
59
78
68
54
63
55
71
64
61
92
67
84
81
77
83
80
74
68
68
78
77
61
79
69
82
73
75
62
57
67
71
67
61
73
87
69
69
67
67
76
75
78
78
82
70
74
76
62
64
70
67
68
66
59
73
61
65
67
86
82
64
73
85
68
62
67
64
81
74
62
75
71
54
67
68
67
75
51
74
77
57
52
64
65
67
63
68
73
68
70
76
81
72
82
71
71
87
66
63
74
68
59
69
66
71
58
72
73
78
56
63
64
63
75
76
76
74
85
69
62
56
75
84
64
78
69
87
68
61
80
60
84
57
57
71
66
63
67
69
72
70
56
63
81
70
66
70
63
77
58
85
59
72
69
79
63
59
70
59
68
69
67
66
62
59
83
60
86
78
77
75
63
79
83
68
57
88
68
80
65
80
83
69
59
58
63
71
70
75
65
64
68
87
64
66
81
74
81
66
75
73
61
65
72
71
61
64
76
74
89
70
63
61
63
64
72
62
73
63
74
95
62
83
71
74
63
66
66
66
65
78
89
85
63
76
91
72
70
73
91
74
71
82
69
76
74
82
60
85
71
67
83
70
64
73
75
73
97
82
62
87
80
71
68
81
56
66
74
62
74
81
67
75
81
81
71
70
65
91
81
67
87
74
77
81
73
91
94
78
71
65
62
68
74
70
56
77
88
84
64
70
80
94
88
76
73
80
70
84
76
69
93
63
70
68
84
84
81
80
67
56
67
72
78
73
73
73
72
81
87
83
64
83
81
72
96
79
90
90
84
74
72
75
89
72
85
77
92
71
71
69
84
72
85
85
74
72
80
81
87
72
77
65
83
83
88
87
93
78
83
90
68
73
97
81
84
79
82
93
68
93
89
90
85
74
78
84
85
97
82
78
93
91
85
96
88
93
88
80
100
100
97
75
83
79
91
97
96
123
82
104
78
92
89
106
85
77
97
97
82
86
103
89
92
93
93
79
94
100
108
105
94
94
91
81
108
78
123
98
107
105
99
113
107
81
102
109
116
110
100
109
110
117
102
105
100
121
118
101
117
111
130
117
101
112
123
96
114
110
113
125
119
154
102
131
129
112
112
106
113
139
104
136
125
122
112
119
99
109
110
118
127
105
144
125
134
126
121
122
106
116
132
118
127
133
118
126
124
135
129
125
132
140
132
126
134
120
135
139
131
159
116
136
131
132
151
142
138
150
125
143
169
157
148
152
150
148
160
147
136
132
127
143
171
129
147
142
148
162
135
129
138
149
153
138
145
141
148
170
151
156
154
184
163
167
152
145
137
140
158
176
152
150
158
160
175
158
175
157
160
166
178
160
172
195
153
174
154
178
154
177
162
161
197
180
179
166
175
200
159
164
184
171
181
183
182
160
189
167
164
181
181
168
195
152
202
195
187
185
191
146
197
192
177
181
165
186
202
195
193
185
223
209
173
195
206
182
165
204
187
183
214
227
192
181
205
217
203
203
211
196
207
219
204
214
197
202
205
205
199
203
204
218
215
186
211
215
214
197
200
207
201
202
193
211
193
214
222
198
233
183
221
221
221
173
229
217
204
221
230
186
199
219
209
210
213
192
226
226
235
199
214
193
192
228
210
205
212
193
218
210
198
187
186
223
211
201
194
210
219
210
227
218
215
213
209
193
216
217
213
207
180
189
212
226
224
214
204
208
217
222
221
221
190
208
232
209
191
206
195
209
186
195
197
197
186
222
200
207
199
227
217
212
228
209
227
171
195
204
213
225
190
245
210
200
195
194
204
218
191
191
196
192
181
199
207
216
211
162
202
178
183
180
201
220
189
186
181
197
202
204
185
195
204
195
208
199
184
181
210
180
200
163
177
172
173
189
179
185
166
162
153
178
192
181
166
162
167
181
151
151
167
166
181
154
175
175
150
142
171
169
150
165
127
143
143
150
143
158
167
136
144
166
142
175
169
146
144
167
142
147
136
143
140
165
154
129
155
113
139
130
146
134
140
143
115
142
146
101
150
127
124
130
138
107
135
132
117
148
126
124
126
104
132
143
121
120
100
121
108
130
133
125
110
130
96
137
111
107
103
106
104
91
95
91
87
115
102
104
93
101
98
97
114
102
112
91
100
113
99
101
118
95
97
120
100
83
97
70
81
86
108
84
72
89
90
86
80
85
83
79
94
94
72
77
88
75
78
106
84
68
72
72
66
82
72
76
69
74
71
70
52
75
61
78
73
54
83
69
68
78
63
63
69
82
67
84
61
67
72
68
47
57
69
47
71
69
60
54
56
58
60
65
52
58
71
53
60
61
60
72
58
66
70
47
52
51
51
62
54
59
40
59
56
47
63
54
48
69
55
55
42
65
42
38
60
47
49
56
59
53
55
47
57
44
40
49
50
50
49
54
43
40
49
52
40
46
44
47
52
46
47
47
41
57
46
53
59
47
57
53
54
48
49
41
40
48
60
47
54
39
51
50
46
45
39
48
60
47
61
55
51
56
38
40
50
46
48
46
38
49
42
58
37
37
47
58
51
41
39
56
47
55
40
46
53
50
41
59
62
58
44
62
59
52
49
44
48
46
54
46
56
65
35
51
44
52
60
57
45
42
45
43
51
50
61
49
47
59
52
44
56
46
49
49
53
62
55
39
54
50
48
62
68
53
71
59
49
60
53
49
66
45
60
44
54
51
63
62
66
52
50
60
83
49
71
51
61
64
78
61
68
61
59
52
63
71
69
82
59
60
62
94
56
58
65
74
64
69
72
81
85
62
75
64
72
64
78
56
56
59
56
69
80
75
78
63
68
62
79
71
75
78
72
72
73
79
71
72
73
82
92
75
77
94
76
67
80
87
91
81
77
70
77
77
84
86
83
75
99
85
102
90
94
95
80
93
84
77
70
68
99
91
84
97
87
94
96
87
84
80
81
101
93
90
92
103
92
82
90
92
107
99
108
96
108
102
89
118
89
85
88
107
91
104
118
101
114
108
126
103
91
104
121
107
105
110
89
97
105
100
116
120
114
101
115
107
115
126
107
113
125
106
113
135
125
116
137
130
114
116
127
141
133
133
97
121
133
117
128
112
118
122
113
130
126
131
136
111
131
138
145
131
140
130
143
120
132
135
143
125
129
134
140
153
113
130
147
121
133
141
116
114
137
140
139
156
163
135
143
146
138
148
136
156
149
134
128
129
144
151
139
161
141
134
136
173
167
151
159
157
176
132
157
154
154
155
163
150
151
150
149
143
160
159
146
152
145
163
164
182
151
147
147
147
146
160
187
139
157
170
148
168
159
142
179
197
174
175
187
134
184
167
154
144
155
148
177
159
153
176
184
177
162
171
172
191
165
149
155
171
189
191
170
178
176
173
204
166
161
162
154
176
171
182
167
180
160
185
181
176
144
172
157
188
161
151
176
170
181
144
175
179
173
164
155
160
152
156
168
169
158
190
167
175
165
160
192
170
179
159
171
160
182
170
197
173
183
158
161
165
172
176
170
168
152
181
188
192
199
164
171
154
183
158
174
165
149
178
164
184
164
154
182
175
176
150
169
172
154
159
177
173
151
146
154
162
163
176
160
178
156
178
157
152
133
167
154
154
158
163
166
162
166
180
140
169
140
181
163
152
141
142
128
165
137
144
156
155
144
140
155
166
151
133
141
139
128
129
145
133
135
119
125
144
129
150
141
136
124
127
117
138
126
121
116
142
160
132
145
148
111
144
139
125
141
112
137
131
123
145
132
115
131
114
143
127
116
111
112
99
116
114
119
116
110
118
109
140
108
116
107
115
107
113
105
105
103
101
118
127
120
145
101
95
99
104
103
98
89
103
97
91
121
116
105
87
104
101
111
91
89
82
86
96
83
99
102
94
96
99
96
86
90
79
92
78
77
75
90
83
96
81
91
86
75
80
93
65
82
87
75
80
78
68
72
68
84
89
72
71
83
55
75
69
56
64
81
63
59
53
58
61
71
72
65
68
69
55
68
51
52
48
70
51
63
60
49
47
52
48
56
42
48
58
56
57
43
52
56
58
46
49
49
55
40
55
45
34
34
40
40
39
48
49
54
51
39
46
37
47
43
38
42
33
46
38
48
39
38
35
41
29
34
37
46
39
24
33
27
34
27
34
27
37
33
37
39
24
38
33
37
24
30
30
22
37
20
37
23
39
28
18
26
23
29
27
24
30
21
20
31
21
21
28
22
17
16
19
19
24
18
32
15
23
19
19
15
23
10
23
19
18
19
21
17
16
13
20
10
20
15
20
17
18
15
22
25
16
13
14
13
18
12
19
18
20
14
17
16
19
14
7
11
15
9
16
10
13
19
15
17
11
11
14
5
10
13
14
8
13
14
12
14
10
11
10
12
10
15
17
9
9
8
11
7
10
8
6
11
10
14
14
7
9
9
14
6
13
9
6
12
7
9
14
7
8
9
10
7
6
7
7
7
8
12
11
9
8
10
7
13
6
10
11
5
9
3
10
4
8
4
4
10
4
10
10
4
3
2
9
7
4
5
4
8
9
5
7
6
6
9
7
5
5
8
3
7
6
11
6
10
8
5
3
4
9
3
3
5
5
4
9
2
3
3
10
7
3
6
5
4
4
6
6
1
9
5
5
8
5
5
6
3
3
4
8
4
8
4
4
8
4
6
7
8
2
2
8
3
2
4
5
3
3
3
5
3
5
0
3
2
0
2
7
5
2
5
2
6
7
5
2
4
6
5
3
3
3
2
7
7
1
3
4
3
5
5
5
3
4
7
6
3
1
3
6
1
6
5
3
3
5
1
4
3
5
5
7
2
2
3
4
4
3
3
5
6
4
4
4
4
2
4
3
6
3
5
3
0
7
4
7
3
5
1
6
4
4
4
4
10
4
6
3
7
5
5
2
2
6
1
2
7
2
6
4
5
3
3
3
3
2
5
5
4
4
7
4
1
0
2
4
5
7
7
4
4
4
1
5
2
1
4
2
4
3
3
6
3
3
1
3
1
3
2
3
5
3
3
6
4
9
0
3
3
3
3
1
3
6
2
4
5
3
2
3
2
3
5
5
2
1
5
4
1
3
3
2
3
5
5
4
2
5
1
4
3
2
3
2
3
4
3
4
3
3
4
2
3
4
3
2
7
2
1
2
3
1
3
3
8
3
9
4
3
0
5
5
6
1
5
6
1
1
2
5
4
2
4
4
4
6
1
5
1
3
2
2
3
1
2
3
3
2
6
4
3
7
0
2
4
4
5
2
2
2
5
4
3
1
4
3
4
3
4
4
3
4
5
3
3
3
3
4
3
4
3
1
3
2
3
3
1
2
3
4
4
2
3
2
1
1
3
5
1
2
4
4
5
1
4
1
5
3
4
0
2
1
4
2
3
2
5
1
3
3
2
3
5
8
3
2
2
5
2
4
3
4
2
1
4
4
3
3
3
1
2
4
1
6
1
3
0
6
4
1
3
6
4
3
4
4
4
4
1
3
2
6
1
2
4
4
3
4
5
3
6
6
1
1
4
3
2
0
4
3
3
3
6
2
2
5
5
1
4
1
3
1
0
4
4
2
3
2
1
1
3
2
4
5
4
4
2
4
2
2
5
4
2
4
3
1
0
1
1
2
2
5
1
2
3
1
0
4
2
0
1
3
4
2
1
1
2
4
3
3
3
2
5
2
0
2
2
3
0
5
2
5
5
2
5
3
3
1
4
1
2
1
7
4
2
2
1
0
3
2
3
1
2
3
1
6
5
1
1
2
3
2
5
5
2
1
2
3
4
4
2
4
2
6
1
1
5
4
4
1
3
2
2
1
0
6
3
3
3
3
2
2
3
2
2
1
2
1
3
2
3
5
0
3
1
5
0
4
2
2
3
4
3
4
3
5
4
7
6
4
1
0
0
3
2
2
2
1
5
2
3
1
3
2
2
3
6
2
7
1
1
2
2
4
2
0
2
3
3
2
2
3
2
2
1
3
2
5
3
1
4
1
0
2
3
3
0
5
3
3
5
2
2
4
7
1
3
2
3
3
1
3
3
2
3
3
3
35
40
38
51
35
46
37
43
46
40
45
39
50
45
28
52
54
40
38
49
34
41
47
48
50
56
45
41
52
44
48
50
46
50
48
36
44
38
61
53
57
64
38
34
39
36
46
51
37
41
32
42
45
52
45
50
32
47
49
42
44
51
39
43
40
40
31
51
49
45
50
41
44
40
57
42
48
49
44
51
42
53
37
45
43
38
41
40
48
35
46
33
33
35
34
38
35
52
39
41
31
42
42
43
41
56
40
42
40
44
52
41
42
40
39
61
39
42
43
50
48
41
35
35
42
53
47
35
