0
0
0
0
0
0
0
0
0
0
0
0
0
0
0
0
0
0
1
0
0
0
0
0
0
0
0
0
0
0
0
0
0
0
0
0
0
0
0
0
0
0
0
0
0
0
0
1
0
0
0
0
0
0
0
1
1
0
0
0
1
0
0
0
0
0
0
0
0
0
0
0
0
0
0
0
0
0
0
0
0
0
0
0
0
0
0
0
0
1
0
0
0
1
0
0
0
1
0
0
0
0
0
0
0
1
0
0
0
0
0
0
1
0
0
0
0
0
0
0
0
1
0
0
0
0
0
2
0
0
1
0
0
3
3
1
0
0
0
1
1
1
2
3
1
3
1
1
1
5
4
5
2
3
2
0
2
0
0
0
1
0
0
0
0
4
18
52
62
63
75
74
79
72
85
88
74
83
81
62
91
85
75
82
91
70
86
94
77
79
74
62
92
82
77
75
77
88
91
96
76
81
77
85
60
81
78
89
80
80
84
100
70
67
95
80
70
71
92
63
86
76
79
84
81
77
95
91
82
80
80
71
86
72
75
86
82
79
76
86
80
81
72
84
92
70
84
84
66
83
89
94
72
87
80
76
91
88
82
87
85
87
102
94
103
86
99
104
89
76
75
97
89
81
89
84
77
88
89
79
84
80
72
84
76
81
105
83
72
87
93
80
84
91
102
94
105
84
104
98
98
79
89
86
87
90
103
102
86
99
91
86
93
102
82
89
94
84
92
73
94
72
93
103
84
62
82
87
105
89
85
107
83
84
111
101
98
77
85
95
98
94
80
93
80
75
87
94
86
108
90
98
100
99
96
78
93
103
99
84
72
94
86
91
81
89
93
84
107
79
113
89
90
89
115
101
86
113
100
81
89
91
92
107
80
98
89
90
111
79
115
90
90
81
75
92
104
90
100
94
87
86
98
97
98
100
100
102
91
88
89
92
96
86
116
97
93
100
122
93
90
105
90
91
83
103
110
96
98
103
83
88
97
100
100
92
96
98
101
90
102
107
91
101
90
88
111
80
81
92
85
89
102
100
81
101
105
95
90
101
99
82
83
100
103
102
94
94
90
91
82
106
131
98
96
85
83
99
86
111
97
91
86
95
93
92
93
72
91
91
105
73
107
84
95
90
83
102
102
106
98
97
89
84
82
85
93
102
86
84
99
93
73
103
91
108
97
99
101
80
83
106
85
95
94
105
104
96
91
77
98
86
93
100
95
93
94
93
111
86
88
88
96
102
91
91
79
91
66
80
106
109
105
88
90
89
90
80
91
88
95
83
90
93
86
88
92
97
94
95
92
71
107
87
93
112
87
74
104
97
99
90
89
82
77
115
89
73
87
92
104
106
87
81
78
89
101
97
92
89
93
103
102
85
65
99
95
79
105
90
89
95
89
110
84
105
83
68
102
85
95
94
87
104
104
86
102
78
97
85
90
100
103
90
101
92
98
105
96
105
93
102
99
97
115
83
89
99
88
96
101
99
106
72
120
93
85
92
110
115
96
96
86
110
109
89
102
89
88
91
89
97
99
98
104
85
113
93
96
109
98
81
98
113
103
114
97
80
93
96
90
99
109
102
92
91
92
99
93
87
89
105
94
95
100
82
93
84
95
102
101
106
85
82
107
107
103
92
94
98
99
98
99
96
83
100
98
101
102
76
92
109
112
115
93
105
116
88
96
83
111
101
106
111
117
90
102
101
103
89
110
103
78
100
108
104
103
92
97
117
96
105
91
86
84
114
97
97
106
115
116
92
116
101
113
85
92
92
86
95
97
93
96
91
89
85
119
87
82
104
91
103
96
98
95
116
85
98
115
104
97
68
92
97
104
97
100
86
93
88
107
83
98
76
97
93
93
102
84
109
107
98
91
103
81
82
83
87
89
106
103
96
90
101
94
91
85
111
114
106
94
112
110
85
96
97
88
94
90
100
99
121
102
114
90
83
102
101
91
101
96
103
100
108
100
93
101
107
87
80
111
94
85
112
102
96
113
88
88
87
96
93
90
112
91
99
116
93
115
108
82
95
94
93
104
81
96
97
103
107
87
110
89
113
116
112
93
109
108
105
110
100
99
99
110
115
112
110
98
112
104
124
92
116
101
86
97
100
93
121
90
84
103
99
87
105
93
112
95
90
96
108
94
104
99
100
105
113
111
102
94
94
86
105
102
97
91
113
100
90
106
113
99
110
122
95
95
96
110
111
110
111
92
84
94
94
112
95
99
101
105
89
108
96
93
103
101
103
95
103
122
97
117
77
102
97
106
114
128
99
117
113
110
95
100
113
101
88
120
112
97
99
113
119
119
114
109
98
107
107
110
102
120
111
127
102
115
92
104
114
118
114
94
112
113
101
112
123
86
114
107
110
105
102
102
107
109
98
114
119
121
104
99
111
103
126
99
105
114
112
117
114
106
100
122
109
110
102
98
103
114
112
111
121
88
93
118
113
126
137
102
123
109
122
102
131
121
116
113
103
109
129
108
98
103
108
118
100
101
112
120
113
93
119
97
128
106
109
111
125
115
107
119
124
112
118
116
114
109
125
113
135
136
131
130
123
133
136
104
102
125
117
119
98
123
140
122
128
120
117
114
130
141
114
122
134
102
143
112
133
109
122
121
121
110
112
99
147
116
103
114
109
110
110
124
137
132
125
144
117
122
116
117
136
135
118
134
113
113
131
119
108
130
108
121
124
135
125
110
114
133
117
137
122
136
123
129
116
133
112
138
123
116
123
136
110
133
106
132
113
133
131
126
110
133
141
127
115
133
134
116
133
123
132
113
122
130
109
102
132
125
110
143
134
106
118
147
133
123
133
113
135
129
122
132
111
133
126
126
140
134
118
122
146
126
135
127
142
134
120
137
118
108
144
113
135
133
115
117
121
111
135
106
124
130
142
116
135
129
111
121
144
129
114
128
130
109
117
116
112
124
136
117
109
122
125
125
124
108
107
95
127
89
110
131
118
123
111
128
126
121
120
112
109
105
120
115
119
111
121
98
126
115
131
114
108
107
119
110
102
97
93
116
118
113
96
118
115
95
106
114
111
100
124
106
103
110
106
116
108
105
112
107
95
126
126
95
118
101
111
104
110
121
107
117
110
107
117
118
111
126
112
112
122
101
95
109
105
105
117
112
116
116
106
127
103
97
107
100
139
132
120
116
124
116
106
101
98
103
102
118
117
113
102
98
111
103
103
107
99
110
100
103
124
117
97
104
112
113
107
92
100
100
92
100
114
93
111
111
108
117
123
108
88
102
88
107
115
90
120
113
109
94
97
114
108
121
128
112
102
116
91
103
117
117
114
101
111
91
131
111
100
104
120
87
94
96
107
94
98
104
105
93
110
126
103
98
107
81
115
122
104
103
107
102
99
105
99
105
80
87
98
96
92
98
95
97
101
113
104
103
109
99
90
116
99
104
91
95
96
103
107
97
100
72
80
108
99
104
119
124
123
104
78
95
106
88
108
91
109
94
88
94
100
95
113
105
102
101
111
109
101
91
91
91
106
104
98
113
107
94
90
102
105
103
96
91
112
85
105
111
100
92
96
94
98
84
101
85
109
82
105
106
113
92
91
97
101
92
107
111
125
103
99
96
110
84
94
105
100
97
89
106
107
95
83
112
83
94
105
91
82
99
104
90
106
95
108
104
77
93
96
114
89
112
95
102
109
100
86
104
107
82
102
99
120
97
98
103
113
111
76
96
94
105
91
104
89
104
100
101
93
99
105
108
96
93
94
101
90
90
74
96
83
108
108
90
98
99
90
102
93
119
88
103
109
92
101
89
92
103
101
90
96
91
89
82
86
98
90
110
103
106
107
97
94
109
88
106
95
93
92
91
92
122
90
92
80
94
85
84
112
92
104
83
104
89
97
102
103
101
84
105
95
105
99
76
92
88
107
119
104
89
106
92
88
103
92
100
94
74
108
93
69
107
89
102
97
77
94
94
88
98
75
130
87
91
91
105
111
98
79
97
102
83
90
89
121
94
96
104
87
86
88
89
84
88
99
85
108
94
76
83
88
87
86
97
97
98
99
108
88
83
113
81
104
93
100
88
95
82
86
83
88
76
96
82
91
95
80
100
83
111
99
89
87
98
85
81
98
87
80
91
116
100
91
94
82
74
89
91
112
101
95
98
78
91
83
87
93
81
75
84
95
90
77
102
81
89
87
112
102
102
97
97
80
84
96
92
81
89
100
83
102
95
104
102
104
84
102
88
89
100
90
96
74
80
105
111
77
89
85
82
88
81
80
92
88
90
80
98
93
106
111
88
94
90
68
95
86
83
80
84
98
91
86
93
88
89
76
98
96
77
89
83
75
71
107
88
93
94
98
82
75
88
94
93
85
102
100
94
95
72
76
85
89
92
67
95
97
89
90
91
82
87
77
87
97
112
102
97
68
75
83
103
89
98
98
99
69
77
79
89
94
78
94
99
99
85
90
81
94
85
86
92
96
96
87
99
100
62
84
103
83
95
96
102
100
76
102
80
92
92
96
81
100
71
85
84
81
77
93
91
88
87
87
80
76
69
80
89
93
90
87
80
86
85
86
87
80
93
98
98
82
76
94
97
89
88
78
90
101
86
91
91
85
89
79
80
91
82
76
100
79
91
106
92
84
88
89
83
92
69
100
99
88
109
83
74
91
85
90
79
122
83
89
77
81
75
83
84
89
95
74
84
93
71
90
97
86
71
98
89
77
87
70
72
87
87
96
92
88
90
80
87
90
87
79
92
74
86
86
85
106
106
90
94
91
84
90
75
74
83
84
80
93
79
91
102
77
71
90
90
99
107
83
87
86
97
80
75
77
83
80
95
77
78
89
87
79
85
79
76
81
72
107
94
97
84
91
70
92
86
93
103
89
81
94
100
89
70
85
90
111
85
81
81
85
92
81
100
97
85
86
71
79
82
80
77
98
80
88
75
94
83
103
77
90
82
74
82
86
79
89
79
81
89
68
85
93
72
78
89
87
103
75
87
82
81
75
76
83
77
93
86
79
89
77
86
86
77
89
86
100
88
83
89
106
83
97
84
83
80
79
90
86
93
90
70
83
72
73
82
93
81
68
71
82
90
93
85
74
72
84
77
90
96
85
78
71
75
75
94
81
74
99
68
85
86
81
80
80
80
105
86
98
68
80
98
59
95
66
78
93
71
89
87
84
88
86
75
74
90
81
85
97
80
92
71
88
79
75
94
76
88
79
91
91
79
94
96
73
85
82
85
90
84
83
74
79
76
82
72
82
86
75
76
89
88
70
79
81
79
90
85
94
93
90
83
82
92
70
72
85
75
71
70
74
73
89
78
84
73
77
71
89
79
88
83
74
78
93
82
87
82
85
71
74
75
88
87
81
78
69
82
67
96
88
84
105
68
87
95
70
75
86
70
96
84
81
84
80
71
70
85
72
81
78
77
83
75
91
90
75
64
89
72
92
84
96
104
74
87
94
75
92
91
84
81
79
88
78
88
85
79
85
95
60
105
76
107
103
95
81
89
82
78
75
88
83
89
87
84
87
89
80
92
88
74
78
102
82
95
80
87
89
99
82
88
68
82
88
83
75
75
82
83
101
88
91
76
73
93
84
81
68
71
89
87
84
91
74
80
78
87
80
87
68
82
73
76
67
92
75
89
91
82
89
73
79
94
82
82
81
90
104
84
75
66
86
86
81
82
94
85
97
81
87
77
84
67
71
94
87
81
70
91
74
87
111
66
88
82
92
72
88
74
84
81
82
90
72
76
85
84
70
93
87
92
74
77
85
79
90
70
77
63
82
83
79
84
74
79
101
85
92
85
71
70
94
71
79
79
82
92
92
80
70
71
79
89
81
97
73
90
66
80
79
104
79
82
66
88
93
86
81
90
88
93
69
72
81
87
96
83
70
77
72
90
80
91
90
81
87
92
94
65
100
91
68
71
90
81
77
97
75
80
86
75
84
72
67
73
78
85
85
87
93
85
63
61
75
92
96
84
79
76
93
67
90
93
80
80
69
86
75
87
78
93
91
85
85
90
83
85
80
80
91
83
92
68
78
88
67
86
74
87
84
96
78
64
66
93
86
94
77
68
77
86
82
93
89
85
91
71
83
97
76
74
82
78
77
96
54
63
73
86
75
87
92
82
82
82
81
81
70
63
70
86
79
87
87
71
78
70
84
85
58
86
94
81
78
76
90
77
72
91
91
99
77
78
76
87
93
74
88
82
84
75
67
74
89
91
93
77
80
78
78
80
88
79
92
85
83
79
80
80
73
88
75
93
73
83
78
87
70
80
97
82
72
83
69
93
90
88
77
101
66
77
70
98
92
74
74
75
80
69
84
86
81
76
77
82
62
75
77
91
75
80
80
96
97
89
88
78
75
98
86
82
87
103
81
103
74
82
86
63
76
98
93
69
76
84
85
82
89
75
87
75
81
75
76
73
76
84
94
88
81
75
83
73
78
74
78
108
74
77
78
88
80
81
74
87
65
83
86
87
77
75
82
76
92
72
84
88
78
79
77
82
82
60
100
88
81
82
79
68
73
80
83
83
87
69
81
69
82
71
77
81
82
90
89
91
79
90
101
69
94
75
68
67
74
79
77
89
68
90
80
67
87
79
79
75
86
109
71
84
65
88
88
81
116
95
65
86
73
77
88
102
84
92
90
68
84
64
90
101
66
109
88
79
91
80
88
76
90
76
79
90
61
70
82
75
62
87
64
91
78
92
81
76
74
78
100
85
105
89
84
95
64
80
94
80
74
73
70
72
72
75
73
98
70
77
88
77
73
82
88
85
90
80
73
71
79
70
77
84
81
73
80
96
87
86
85
79
87
80
70
74
78
79
72
76
92
96
79
89
81
68
102
81
77
94
80
80
84
82
84
77
95
78
88
83
86
73
84
73
75
70
103
65
85
96
83
76
95
76
80
76
91
77
68
86
70
78
95
83
72
93
87
74
92
72
78
70
92
86
75
71
84
82
91
81
76
84
83
93
84
72
74
84
99
100
92
72
99
86
89
81
81
76
92
70
86
87
89
81
83
87
78
79
90
80
80
72
75
83
78
74
82
81
86
95
74
98
72
69
92
86
84
73
74
77
77
86
75
81
73
80
89
66
79
88
70
85
76
69
78
81
83
78
65
71
86
70
66
70
85
85
84
106
87
108
82
85
81
72
80
70
62
86
91
79
102
87
88
83
79
63
69
72
87
71
79
77
86
83
80
81
69
84
67
84
77
73
81
92
86
67
89
80
66
84
80
84
66
83
79
76
87
79
83
96
72
87
98
71
87
74
96
79
82
73
65
78
94
72
71
78
82
67
62
73
99
77
98
81
79
70
104
73
88
63
76
76
68
87
85
96
72
66
89
79
84
80
70
102
108
81
89
89
61
91
90
86
77
68
69
79
83
86
73
79
77
72
80
68
85
69
71
82
94
77
95
66
71
83
69
79
81
93
80
86
89
86
76
87
75
87
70
71
71
71
90
67
97
85
91
76
87
84
74
103
87
78
80
94
77
82
81
90
74
87
80
83
88
86
68
80
77
70
72
91
77
84
66
73
71
85
88
74
92
93
97
59
95
81
74
87
95
89
98
82
97
83
68
78
94
81
75
71
76
79
85
77
69
79
76
79
89
86
74
82
77
71
90
88
71
75
86
62
69
83
82
88
77
79
82
75
78
104
77
82
74
86
86
86
78
91
82
71
71
85
72
79
79
84
95
80
82
77
88
90
75
89
89
76
94
92
86
73
92
87
75
77
68
72
93
76
89
94
96
78
87
91
78
93
96
84
109
81
84
85
97
86
78
82
83
67
88
77
85
68
86
87
91
87
70
64
66
69
92
80
86
88
83
82
105
76
72
84
85
87
80
81
93
101
84
80
92
78
76
62
86
84
93
95
78
75
84
78
84
79
94
76
87
94
77
92
66
87
95
86
80
73
87
79
102
94
95
97
78
77
81
100
74
77
72
80
75
70
91
101
89
85
84
82
86
87
73
72
94
76
92
81
90
88
86
90
75
81
73
89
75
94
82
77
87
79
104
86
80
81
73
89
94
94
79
75
74
79
91
87
75
99
88
81
85
83
89
93
80
80
74
75
69
90
104
84
85
83
117
86
77
85
88
81
80
99
99
88
76
75
86
77
96
100
96
88
71
93
83
88
86
79
82
66
88
68
79
91
85
80
87
81
74
97
81
81
82
84
98
79
74
76
76
96
74
88
78
90
73
93
92
101
89
82
93
70
93
94
89
83
86
92
78
88
106
82
94
82
98
81
92
82
73
69
88
71
77
78
96
71
86
85
80
71
81
77
73
88
87
94
76
79
82
94
86
85
77
95
103
82
80
90
80
73
93
108
80
83
86
80
87
90
74
88
84
76
87
80
93
88
88
84
101
92
83
94
93
75
89
104
87
72
85
79
88
88
81
82
88
87
79
69
83
84
72
80
83
65
104
93
85
88
79
88
102
105
68
95
92
77
81
88
94
90
86
88
90
74
97
88
104
99
86
67
80
87
75
95
79
84
78
86
78
83
79
80
92
86
82
91
105
85
78
104
84
74
78
76
80
91
83
97
72
83
103
102
87
106
81
87
71
83
74
70
67
79
91
76
97
95
98
100
102
86
92
82
84
86
81
86
94
99
78
101
91
82
93
71
64
74
93
94
86
78
99
88
75
81
69
96
90
73
103
79
82
75
101
96
83
79
80
93
109
88
88
88
80
81
88
85
96
98
100
82
82
98
88
83
89
87
84
100
106
78
101
98
83
91
83
91
82
97
81
85
75
95
91
78
95
80
94
72
93
84
90
74
92
79
109
82
94
95
80
88
87
107
85
80
71
91
91
88
82
86
84
78
73
80
91
82
84
85
90
88
101
81
87
70
73
95
85
89
77
99
100
89
99
101
113
85
89
84
90
93
84
85
107
107
77
103
90
91
94
80
90
65
84
84
97
108
92
83
94
87
92
103
114
98
84
79
97
70
91
83
95
80
97
113
72
83
96
80
82
107
97
85
93
85
90
101
87
88
88
88
96
80
86
74
82
94
92
73
90
92
91
102
68
76
77
86
94
79
94
89
94
71
93
75
74
76
82
86
105
82
97
98
91
94
84
105
92
86
92
89
108
93
72
89
95
88
91
91
68
107
81
81
88
100
99
80
77
90
103
106
96
88
91
96
85
98
92
98
73
83
85
106
118
82
73
83
92
86
94
78
90
87
77
88
97
95
79
73
92
97
88
120
89
86
88
98
89
92
86
109
84
102
108
109
90
75
91
99
107
83
89
105
103
89
92
89
77
80
67
100
105
104
98
110
76
94
107
86
91
104
89
112
84
90
91
105
85
105
79
92
91
105
99
103
81
88
106
84
106
100
92
98
98
105
75
103
79
93
83
85
91
95
88
106
89
95
90
93
87
79
101
103
96
93
94
80
98
95
89
81
97
95
82
89
89
93
89
89
77
81
99
63
93
77
102
83
96
96
91
83
86
112
98
88
95
94
90
91
102
105
100
107
90
115
93
87
100
78
93
97
83
95
93
95
92
79
88
89
96
88
100
91
100
101
94
90
93
85
106
102
104
94
97
103
86
89
97
83
77
92
116
79
90
105
99
100
102
95
90
88
73
92
89
102
94
81
88
101
89
100
92
103
86
82
92
103
73
102
104
108
105
87
86
83
104
99
90
92
77
106
84
93
111
93
82
88
93
107
86
108
96
93
107
104
87
86
85
89
88
107
92
94
107
107
98
110
91
90
101
103
93
86
94
102
110
92
93
88
103
103
93
97
108
91
96
103
95
83
99
105
108
108
104
105
85
101
108
98
106
85
93
111
100
99
95
106
97
96
84
93
95
90
83
93
81
87
89
100
102
90
90
92
105
114
91
105
110
95
113
107
109
82
109
106
104
86
103
92
102
86
119
91
92
88
100
95
112
98
92
101
100
103
103
104
96
108
109
87
77
99
107
97
103
98
98
91
96
84
99
95
107
143
99
102
100
101
92
98
86
109
112
93
88
110
87
94
94
98
102
81
96
108
108
91
104
106
107
75
98
89
98
88
96
109
122
107
91
70
96
100
97
90
85
111
120
99
85
95
102
112
87
106
119
92
110
95
99
93
96
93
88
106
99
117
114
101
92
112
94
94
113
76
99
95
103
115
85
90
103
101
104
101
110
90
106
104
118
92
103
98
125
118
109
109
114
98
78
95
95
91
98
104
98
102
100
76
96
99
112
101
87
81
101
97
113
84
118
92
107
119
102
89
110
131
116
112
87
111
89
87
89
91
78
101
85
95
111
83
95
94
107
111
107
116
111
118
85
82
98
102
82
90
115
95
89
101
95
96
94
90
100
99
105
96
132
115
93
101
108
100
98
95
99
88
96
102
93
109
98
96
82
96
85
109
90
95
94
87
114
92
98
80
96
96
114
88
119
98
102
109
92
97
96
96
120
102
115
99
92
89
110
78
108
89
105
85
100
103
95
91
117
98
91
84
100
93
110
99
91
94
110
96
103
104
109
98
99
103
96
112
100
111
96
100
84
98
116
103
109
104
96
112
110
97
102
81
86
90
100
74
95
100
89
77
101
98
117
112
98
118
98
111
84
111
116
118
115
124
87
100
107
97
94
101
102
104
98
109
115
95
91
93
90
116
98
106
103
99
100
103
82
93
110
103
110
98
97
90
94
97
84
93
96
97
117
90
98
102
82
116
89
101
102
112
93
93
122
85
88
99
88
112
110
84
106
95
102
94
100
91
80
107
84
91
105
94
88
104
87
104
89
102
97
102
71
93
102
97
96
88
107
83
89
104
98
105
80
89
94
109
88
102
96
89
115
93
97
86
89
98
85
106
88
94
84
97
93
101
102
99
93
84
79
85
108
96
97
97
103
83
92
96
88
94
75
97
81
95
79
111
94
90
95
95
78
92
107
91
103
72
106
93
86
68
101
96
97
89
102
96
84
105
91
95
89
70
86
84
83
83
100
93
92
92
101
89
86
91
80
91
89
80
92
88
109
80
91
95
103
94
90
86
85
77
93
74
94
84
99
84
96
90
101
90
75
76
89
84
84
98
107
81
73
98
85
106
75
89
89
103
86
89
86
82
93
88
75
84
86
77
82
99
75
88
86
92
89
74
89
78
79
87
92
80
74
89
74
79
78
79
88
98
82
89
89
79
87
81
69
84
86
94
89
107
75
83
70
95
81
84
81
89
68
86
78
75
91
69
80
65
84
86
74
86
83
69
81
69
79
82
87
94
72
75
82
56
87
79
73
80
79
68
63
76
79
71
94
64
72
77
94
89
85
78
87
85
77
89
91
81
85
79
75
77
86
68
90
74
82
65
74
83
54
73
74
75
66
79
73
81
75
82
78
68
67
75
79
59
77
73
73
75
80
62
86
84
64
75
63
87
75
80
80
73
78
74
91
76
60
72
73
73
80
67
78
63
57
72
84
76
81
69
69
73
62
77
76
77
73
73
69
69
79
71
79
76
72
88
72
72
75
78
66
59
82
77
62
63
76
70
64
60
67
83
63
73
60
66
69
82
88
74
69
75
70
64
75
72
68
69
70
65
73
74
72
61
71
71
68
70
71
75
67
86
70
75
71
62
69
77
70
83
56
72
71
77
72
78
75
74
79
76
89
72
66
70
72
66
74
63
83
86
70
62
70
53
82
71
66
66
75
56
57
66
67
64
82
78
60
65
75
80
76
72
69
70
65
63
68
74
62
59
73
60
56
80
72
67
87
66
72
66
79
72
61
71
72
69
65
70
60
76
76
84
74
63
66
84
80
75
59
79
60
73
68
69
80
79
64
61
62
59
52
54
76
66
65
58
65
68
60
62
75
72
65
68
58
69
70
77
64
67
67
69
57
67
54
51
74
67
69
71
68
60
61
54
70
71
65
60
56
75
55
78
51
53
71
74
54
52
55
63
63
60
51
75
64
55
65
67
83
76
63
72
54
72
68
62
56
65
71
71
76
55
57
59
66
75
64
63
70
66
61
63
72
74
64
69
57
86
68
81
54
70
69
60
68
53
65
52
60
73
60
59
60
75
67
60
73
70
58
68
71
64
61
70
58
66
62
60
62
50
81
66
67
62
78
69
83
62
68
57
75
62
60
78
59
67
66
66
68
81
61
61
72
70
62
56
68
73
66
69
52
53
72
66
79
56
62
60
65
57
66
59
58
63
64
64
66
65
58
61
61
70
81
59
63
65
60
84
55
83
72
75
63
73
64
65
81
55
56
62
70
65
57
66
46
46
68
74
68
64
68
67
64
67
60
72
74
60
63
57
59
70
73
75
66
62
54
58
65
62
58
68
65
70
48
64
57
65
71
50
72
59
69
78
70
63
69
66
55
78
67
59
76
66
75
64
74
66
58
62
71
72
69
79
60
60
71
44
61
54
63
71
60
49
65
69
53
56
62
70
58
58
60
69
53
62
57
62
54
73
48
67
78
66
68
53
70
58
56
52
58
67
62
64
48
66
60
63
57
50
61
73
53
48
61
57
66
66
59
59
73
73
56
56
52
61
62
57
56
66
56
58
61
57
71
54
67
60
62
59
65
54
51
52
64
55
72
53
52
69
69
51
68
58
46
53
59
64
74
54
61
67
68
64
61
55
72
69
66
73
63
57
68
55
75
57
64
62
61
75
60
76
65
63
60
58
59
61
68
60
71
61
56
61
59
66
68
60
62
58
66
56
66
63
59
67
64
71
63
76
61
62
53
62
65
62
61
62
78
63
64
51
66
78
70
66
50
54
75
58
59
53
78
59
67
62
56
73
56
61
72
74
63
70
68
62
59
78
52
71
60
79
61
65
56
60
72
56
75
66
64
71
63
70
68
67
51
84
66
61
53
96
61
71
75
56
61
58
68
61
75
74
86
82
66
66
60
81
76
64
59
85
61
70
68
77
72
74
77
59
74
67
88
52
69
74
56
92
85
79
76
58
67
56
70
74
90
68
77
63
71
66
76
59
62
68
66
60
86
82
87
81
75
72
72
87
78
82
65
77
80
86
70
81
80
83
91
72
70
63
84
90
82
82
81
68
88
65
76
76
63
94
102
66
86
75
84
73
85
80
84
86
90
80
78
89
85
81
79
79
80
87
90
78
89
90
89
80
65
83
81
60
66
95
85
102
99
86
76
81
76
77
103
93
96
111
107
88
86
97
79
83
104
104
92
91
106
90
90
98
96
110
96
74
90
79
78
96
68
89
95
93
71
108
107
98
107
118
107
96
95
85
94
97
118
114
104
101
103
105
112
102
106
108
126
106
103
90
114
92
102
116
113
120
96
108
116
80
118
109
121
137
117
106
119
119
143
109
111
113
101
125
151
131
94
106
120
139
108
101
115
108
110
116
127
122
135
137
124
118
171
120
112
137
150
129
138
127
115
137
114
121
143
141
130
150
129
121
141
134
140
137
136
116
139
141
143
136
133
133
144
145
150
144
153
145
136
128
150
136
120
142
137
141
153
129
164
136
147
136
125
130
150
148
159
152
151
163
139
154
161
155
104
140
175
135
145
153
147
150
160
156
160
172
182
142
161
163
150
175
181
161
181
154
169
172
167
167
167
177
143
172
157
191
184
161
153
168
160
152
162
156
160
190
170
177
171
166
186
174
160
160
173
172
187
188
176
159
171
187
201
165
179
161
185
176
200
147
172
154
158
154
171
211
168
168
179
195
177
157
187
207
192
171
179
186
180
169
178
199
167
188
170
208
191
198
152
175
169
202
195
209
191
172
189
196
194
195
182
201
191
173
169
197
202
181
203
190
173
175
186
197
191
189
196
222
192
193
165
186
195
192
197
189
193
194
176
191
198
186
190
191
176
187
197
191
185
184
190
179
191
173
193
178
197
188
184
188
157
178
190
173
170
171
182
181
207
185
189
154
182
195
202
177
186
148
157
164
162
192
175
168
176
175
160
194
183
184
166
199
170
166
164
182
179
173
165
179
170
172
158
159
169
149
138
142
170
168
177
155
165
153
152
158
159
176
149
154
165
143
148
142
156
165
163
137
163
168
161
114
152
153
150
142
159
163
130
144
156
143
134
156
143
142
142
143
138
133
128
159
123
123
132
146
114
123
143
125
125
106
123
150
118
139
135
111
135
125
114
111
133
115
135
123
110
117
125
115
139
112
116
125
114
118
118
115
104
101
99
101
123
108
113
89
111
109
119
104
98
89
94
108
108
91
118
117
89
106
121
92
104
93
91
89
103
95
99
93
108
89
87
100
93
97
94
83
82
87
89
94
78
90
86
83
88
86
80
91
82
82
76
63
79
74
74
85
65
77
75
78
82
74
72
60
63
64
68
59
57
68
67
45
57
58
67
62
64
54
69
65
64
70
70
64
63
74
76
60
54
64
53
54
57
60
66
58
54
54
65
47
60
59
51
61
47
54
60
51
69
61
54
63
44
46
57
40
48
59
41
54
53
59
46
56
41
45
47
60
41
57
48
49
41
51
47
52
50
40
40
47
34
47
41
40
53
45
34
39
56
45
45
46
52
47
40
49
45
40
41
44
36
49
33
41
49
50
35
31
41
32
43
25
46
42
50
41
32
40
36
35
35
46
43
31
32
44
43
52
38
34
36
33
42
44
46
45
38
47
41
42
36
48
39
47
39
31
30
32
58
37
28
33
33
36
26
41
42
42
30
38
40
41
43
42
42
43
33
40
32
46
43
42
50
47
35
52
31
45
45
46
50
39
53
35
47
36
41
45
52
43
43
41
41
50
47
36
35
42
49
43
45
61
47
48
44
53
48
40
56
44
53
49
53
44
46
43
57
44
52
50
49
59
43
43
50
50
55
49
47
50
62
46
46
41
58
46
50
62
61
62
58
55
53
58
48
47
63
65
46
53
41
56
56
49
47
51
63
52
61
63
68
49
46
69
64
46
45
72
61
63
61
74
68
56
47
66
65
75
64
61
65
55
68
56
72
69
63
49
60
77
75
65
59
68
66
72
68
66
67
68
79
55
63
71
94
83
68
64
83
63
70
66
81
69
70
60
73
74
58
68
89
77
73
80
92
84
75
73
71
69
86
72
79
69
90
94
101
79
83
84
95
72
81
78
98
98
85
75
87
84
99
88
102
100
74
90
84
87
107
94
98
84
114
88
98
93
86
90
92
80
88
89
88
104
90
92
70
91
99
97
89
99
105
105
108
100
112
93
99
109
106
110
121
97
116
107
108
91
100
109
110
85
108
106
115
107
107
103
110
124
110
115
119
101
112
100
85
104
108
125
113
118
140
119
116
115
109
112
117
112
99
108
110
122
118
124
123
144
130
130
122
119
122
128
133
119
123
154
133
97
123
141
135
127
133
138
127
137
135
130
124
132
128
139
127
142
131
135
125
142
116
129
156
131
123
135
124
127
135
156
137
114
139
136
160
132
128
144
145
153
134
133
122
166
133
138
125
149
137
136
148
120
133
137
132
144
168
178
148
150
172
145
153
151
149
152
147
147
145
144
138
139
147
137
160
151
160
155
150
158
161
152
135
147
163
163
162
143
149
161
158
137
171
157
133
151
149
151
144
154
147
151
153
156
134
173
166
156
151
138
144
160
139
160
157
144
151
149
122
143
177
142
168
139
159
155
154
151
151
150
138
163
156
162
139
156
137
162
146
151
146
167
165
141
143
159
150
149
148
149
164
146
141
116
151
149
150
144
152
138
159
146
126
148
147
139
130
142
152
141
124
127
138
143
144
141
128
118
137
126
128
130
150
141
155
126
127
162
137
122
131
143
123
125
117
124
118
117
141
129
139
135
142
125
138
122
126
132
113
112
122
108
144
131
163
110
125
138
130
109
108
116
113
118
102
121
131
116
123
106
105
112
132
120
103
95
102
115
102
113
108
117
106
100
108
117
92
112
129
111
105
88
115
117
107
112
107
102
86
81
96
90
95
96
99
98
95
113
79
72
84
93
82
94
104
90
107
83
94
86
91
84
98
78
93
91
77
78
84
77
78
87
74
84
73
88
89
82
70
93
85
78
81
77
81
71
64
68
66
62
65
70
76
73
59
66
67
60
60
67
62
54
69
79
66
59
74
53
57
67
67
76
62
55
53
59
60
68
55
54
56
57
52
61
60
57
48
45
53
42
65
51
53
35
54
46
42
41
45
65
46
33
38
50
37
47
32
39
49
31
39
39
41
46
41
42
45
44
43
42
27
23
34
34
31
38
36
32
33
34
51
34
52
40
32
30
36
30
36
39
35
34
31
25
39
28
30
28
30
27
26
33
19
28
22
24
25
34
25
30
11
22
23
22
30
24
16
20
28
16
20
15
21
28
14
25
18
15
24
20
17
24
20
25
17
18
22
18
17
28
21
14
15
18
18
16
16
14
18
20
13
14
14
20
15
14
18
18
13
16
13
18
16
13
12
14
12
11
14
9
13
13
4
9
13
10
12
16
11
10
13
15
10
9
8
8
7
8
9
12
7
14
9
9
10
11
11
8
6
15
11
9
10
16
8
8
14
6
3
4
7
9
4
9
7
9
4
4
8
5
7
11
11
6
7
7
8
5
6
9
4
7
13
8
10
8
6
8
6
4
3
8
10
5
4
7
9
7
10
6
12
11
8
6
7
6
3
7
4
6
11
4
4
6
2
7
5
5
1
6
8
4
3
4
7
10
6
4
5
3
6
3
2
5
2
1
7
5
8
5
1
6
1
5
2
6
1
3
4
3
4
3
4
5
2
5
5
2
8
4
3
6
3
2
4
3
7
3
5
2
6
9
8
1
2
4
3
4
4
3
5
1
5
4
4
5
7
2
5
2
4
1
6
5
5
2
2
4
6
1
6
6
5
3
3
2
5
2
1
3
1
3
4
1
3
5
5
4
5
2
5
2
4
5
2
3
0
3
3
1
2
1
3
1
2
5
0
3
4
3
3
4
3
1
5
0
6
3
1
3
1
2
2
3
1
0
3
4
3
0
4
2
2
5
4
4
3
0
3
4
3
0
5
1
1
2
1
1
3
6
2
6
2
3
1
1
4
4
5
1
5
1
7
0
2
8
5
4
1
4
1
2
4
4
4
0
1
2
5
4
3
4
2
3
2
1
4
4
3
1
5
2
2
1
2
5
4
2
1
5
2
4
3
0
3
1
3
2
3
3
2
6
2
3
2
4
6
3
5
4
1
2
3
3
3
1
2
3
7
1
2
2
5
3
4
5
3
2
4
2
4
4
0
5
4
3
3
2
3
3
1
3
1
1
3
1
0
3
1
3
2
3
4
0
1
2
3
4
2
1
1
2
2
1
4
6
1
2
2
6
2
4
6
1
2
3
3
4
1
3
0
5
3
1
3
3
3
8
4
2
0
1
6
1
6
2
2
0
2
2
2
4
3
1
0
3
2
4
3
2
4
1
1
2
0
3
1
6
2
5
1
0
7
0
2
2
4
4
5
2
4
4
2
0
0
2
4
1
2
5
0
4
3
3
4
2
1
0
1
2
1
6
3
1
0
1
3
3
1
3
3
1
2
1
2
3
3
2
3
2
1
0
6
2
2
7
2
3
3
2
1
0
2
3
1
2
5
1
2
2
3
1
2
1
2
2
3
3
1
1
2
3
1
4
2
2
2
1
3
5
1
3
2
1
4
0
1
4
4
4
2
2
1
2
1
5
4
4
4
0
1
1
1
4
1
0
2
2
3
4
2
2
2
2
3
2
2
5
0
5
1
3
2
1
3
3
4
2
1
5
5
0
1
2
2
3
2
3
3
5
2
3
4
2
2
1
2
1
1
1
2
1
3
2
1
1
4
1
2
2
4
2
2
3
1
1
2
1
1
0
2
3
5
1
2
1
2
2
5
3
6
3
2
2
4
5
3
5
4
4
1
3
1
3
2
1
3
1
2
3
0
4
0
2
5
3
3
5
1
2
1
2
3
2
5
1
4
1
1
0
2
2
2
1
4
3
2
2
4
1
0
2
1
2
2
0
1
6
1
5
0
4
4
0
3
3
3
1
1
0
2
1
1
2
1
2
1
2
4
2
4
1
6
1
3
1
4
1
3
1
3
1
4
1
0
3
0
3
3
1
2
2
1
1
3
1
1
1
4
3
0
3
2
3
2
5
4
2
4
1
3
2
0
0
3
1
3
0
2
3
0
2
2
1
1
1
2
2
5
3
1
3
1
2
0
2
0
1
2
3
2
2
0
0
2
2
6
2
3
2
1
4
7
0
2
0
2
3
2
1
1
3
2
2
0
3
4
1
1
2
3
0
3
2
2
0
3
1
3
1
0
2
2
1
3
29
34
39
43
34
30
40
30
36
30
25
28
41
34
41
47
41
38
43
42
42
27
35
30
32
37
25
32
43
30
35
40
46
39
39
44
25
37
33
39
39
30
35
34
29
37
37
47
31
23
35
37
37
35
36
27
26
32
36
33
41
35
28
40
36
36
21
31
27
45
39
33
41
33
30
40
32
37
32
40
25
39
25
42
30
28
24
28
38
34
23
28
33
30
37
35
30
41
40
30
28
19
32
38
33
40
31
27
31
35
35
17
22
31
31
36
31
34
27
34
29
32
21
32
33
32
29
24
