0
0
0
0
0
1
0
0
0
1
0
0
0
0
0
0
1
0
0
0
0
0
0
0
0
0
0
0
0
1
0
0
0
0
0
0
0
0
0
0
0
0
0
0
0
0
0
0
0
0
0
0
0
0
1
0
0
0
0
0
0
0
0
0
0
0
0
0
0
0
0
0
1
0
0
0
0
0
0
1
0
0
0
1
0
0
0
0
0
0
0
1
0
2
1
0
0
0
1
0
0
0
0
0
0
0
3
0
0
0
0
0
0
0
0
0
1
1
1
0
1
0
1
2
2
2
0
2
0
0
1
1
0
1
2
3
0
2
3
1
1
2
2
1
5
4
4
3
5
5
8
5
5
5
6
2
3
2
3
1
1
0
0
0
0
1
18
27
63
56
64
69
100
79
63
83
83
91
85
88
86
66
88
84
81
92
80
92
97
84
91
110
88
85
79
81
73
103
99
96
85
87
77
73
92
83
79
90
79
82
84
85
90
86
86
85
90
100
82
88
104
80
68
89
79
85
79
78
92
89
88
80
85
100
86
78
89
74
88
76
94
87
75
87
82
85
92
94
79
75
86
70
96
90
83
98
80
83
77
100
87
85
90
101
89
77
106
70
89
89
91
101
69
81
87
91
92
95
95
85
88
89
75
113
91
92
110
87
86
76
96
86
102
93
98
77
88
99
90
98
84
103
101
91
100
79
88
88
82
102
97
94
89
91
79
91
98
99
90
94
75
110
94
77
83
105
97
103
100
79
101
107
89
81
93
102
87
101
86
81
96
97
88
95
92
98
99
107
86
101
104
86
81
100
86
97
85
115
103
94
109
97
94
100
93
95
88
84
86
91
109
102
97
94
108
88
81
98
96
102
84
110
96
102
105
105
100
100
88
87
86
102
84
86
109
113
106
103
91
115
95
91
106
93
106
112
108
98
93
101
73
106
107
86
97
92
99
110
92
98
104
94
107
112
99
103
92
97
91
92
96
94
97
98
108
91
126
97
91
115
97
88
98
103
90
90
89
87
116
102
108
104
98
98
96
98
108
103
94
85
93
86
95
107
91
87
109
99
91
94
100
106
97
115
92
112
101
103
93
117
106
92
88
103
91
96
102
111
107
91
97
110
96
86
123
100
118
100
98
93
95
93
106
100
102
102
86
97
103
100
101
98
89
107
107
93
100
109
84
100
100
96
86
105
90
104
94
103
97
83
92
106
87
97
86
99
102
96
94
106
102
91
81
94
90
84
93
72
88
111
105
104
99
89
81
90
118
75
111
112
94
91
111
92
94
97
104
93
93
105
91
106
86
82
101
99
92
91
87
96
110
96
108
114
83
89
101
101
106
113
94
89
106
67
95
92
95
113
109
87
103
120
92
110
108
94
102
94
95
108
92
90
98
104
120
102
95
94
104
108
89
104
91
76
115
129
98
91
97
102
110
99
104
101
92
107
97
100
74
97
97
94
111
112
99
98
93
95
94
96
94
108
104
98
115
97
79
91
92
106
95
100
93
89
95
94
107
111
111
110
100
91
97
108
99
83
94
90
111
92
103
92
95
99
100
105
107
106
101
108
115
107
93
91
94
94
107
107
98
110
114
111
95
103
117
104
96
103
109
84
109
106
120
88
115
97
109
101
83
107
105
105
92
88
106
105
93
130
97
99
91
96
111
105
95
99
108
96
100
102
94
103
101
93
105
101
83
98
125
113
107
87
92
113
109
93
99
96
82
105
91
118
105
112
107
106
98
115
86
111
101
87
99
77
100
107
97
110
102
133
93
90
103
108
93
107
120
116
100
119
116
116
111
108
122
119
110
86
108
98
90
112
99
121
95
96
96
93
105
91
126
105
103
113
79
92
121
114
110
117
103
99
110
100
108
98
90
84
113
100
103
95
105
109
102
103
115
106
103
118
105
107
80
100
93
94
113
115
102
111
98
99
129
96
103
112
92
107
120
86
96
98
95
104
110
118
88
109
89
94
96
96
102
112
93
84
107
98
122
109
95
108
120
130
115
115
112
107
108
104
116
107
91
88
113
115
120
123
112
106
124
94
107
93
102
104
106
102
93
110
100
100
109
103
113
121
118
117
113
100
94
89
91
101
112
117
124
105
119
119
111
97
123
106
110
120
105
118
115
108
102
99
124
97
119
119
116
111
106
104
118
126
127
96
104
99
98
108
88
118
95
99
121
106
90
113
123
115
117
113
116
112
109
114
92
113
108
100
120
110
100
112
107
103
121
107
114
120
131
84
120
110
106
135
90
105
114
98
104
111
108
111
113
110
111
107
94
115
104
113
117
109
108
128
105
110
108
108
133
105
112
129
112
125
120
107
113
107
134
108
106
94
108
108
111
101
108
110
111
97
120
111
117
117
119
131
104
116
116
102
100
100
131
107
117
95
112
114
118
120
106
82
111
111
104
115
124
129
111
124
110
98
115
118
116
121
126
117
125
113
116
115
115
112
112
137
120
120
115
124
122
111
124
123
114
123
139
116
106
113
104
109
116
113
120
130
116
121
109
118
121
117
120
133
123
120
112
105
124
117
121
124
110
130
122
106
132
108
109
117
128
115
110
123
128
118
126
111
127
127
113
122
131
133
123
112
138
127
138
119
113
89
145
116
115
121
125
112
120
134
136
134
123
112
116
144
126
129
112
122
123
126
121
123
132
118
125
132
135
95
153
115
145
136
131
118
133
146
121
128
120
115
126
120
133
135
140
109
162
121
139
130
128
126
127
134
122
132
143
140
145
132
112
129
144
117
122
144
117
108
104
136
123
125
125
128
140
124
124
143
144
125
123
127
110
135
127
131
138
139
144
130
140
128
148
125
136
132
148
120
112
130
136
135
127
124
132
142
131
121
132
127
140
120
134
101
131
122
150
148
134
168
133
121
129
124
152
135
124
135
119
125
107
129
133
118
138
123
153
138
131
136
118
126
127
135
117
127
122
136
139
133
129
133
134
120
116
136
133
127
115
142
139
139
129
127
126
125
128
138
122
125
144
121
118
143
127
105
135
123
113
134
115
116
117
121
129
111
137
119
137
143
141
111
104
114
116
132
120
135
135
131
133
115
107
130
125
126
123
132
124
123
125
126
135
126
117
141
127
154
137
101
156
114
122
129
111
121
112
102
118
116
108
132
112
139
108
116
122
101
128
131
131
137
130
112
118
123
108
117
95
125
120
116
133
114
103
99
116
106
121
130
128
103
117
113
128
126
134
127
111
117
127
124
116
116
116
108
103
100
127
122
129
102
122
134
114
122
128
105
121
119
87
94
127
107
108
113
92
116
132
100
118
111
121
118
117
142
126
118
109
124
119
125
129
124
123
111
112
106
127
112
120
134
115
121
112
129
117
97
115
129
123
100
104
105
124
105
109
110
92
112
117
128
108
108
118
114
119
112
130
110
109
96
104
109
123
115
109
133
120
104
115
109
120
126
116
115
113
109
122
117
115
112
101
107
103
108
117
97
117
102
112
118
110
120
110
98
128
113
99
103
98
114
115
118
110
105
116
108
122
88
137
116
100
104
105
128
124
124
99
97
121
116
111
113
112
109
124
122
107
130
109
101
93
123
117
95
120
125
113
105
104
83
114
110
112
115
133
122
94
90
118
111
124
103
92
109
97
109
123
97
103
110
109
110
104
124
122
110
111
98
102
112
104
95
127
99
126
125
105
115
100
118
102
119
111
92
111
112
108
102
96
99
112
105
112
111
113
98
108
95
99
118
98
113
113
106
115
103
128
103
111
110
101
127
114
100
120
113
116
85
102
113
92
99
110
96
111
104
95
105
100
108
95
125
110
114
119
116
115
110
101
107
107
117
113
103
117
107
115
105
124
101
104
110
112
117
100
122
108
100
99
117
112
107
108
95
108
99
101
108
111
118
106
104
105
103
126
87
116
113
114
103
99
109
112
100
117
121
102
114
93
98
100
102
91
110
85
118
100
92
99
107
102
125
110
117
104
102
120
105
103
100
105
130
114
126
107
97
97
106
108
86
126
104
71
80
92
103
97
118
110
118
91
107
90
101
98
108
108
130
101
99
105
104
99
91
107
89
120
87
103
109
95
118
101
95
105
118
104
97
101
107
111
89
106
96
100
106
116
106
103
98
101
90
98
116
102
87
106
112
110
114
99
106
88
96
79
107
109
109
122
116
105
100
99
97
93
96
102
102
97
108
94
95
105
111
116
104
117
107
99
100
101
85
105
102
104
99
89
102
118
108
103
100
92
105
101
98
92
99
100
97
98
94
71
124
106
90
101
78
112
114
114
103
110
107
84
106
104
97
112
101
107
107
109
113
114
107
104
114
106
85
105
79
91
100
106
107
114
79
96
111
95
97
114
92
106
85
86
89
95
101
100
94
90
89
106
89
78
93
96
83
104
101
87
101
98
101
124
94
94
74
99
92
90
102
115
98
97
98
87
105
101
109
95
107
72
104
82
107
97
107
102
95
106
91
82
97
95
91
106
104
101
110
94
99
98
105
94
111
98
100
107
100
98
104
99
97
100
95
112
119
107
88
95
114
87
91
93
114
100
101
102
111
111
103
77
79
94
104
93
103
105
86
104
94
84
107
96
81
111
100
97
103
94
91
113
107
96
97
119
103
90
84
90
90
102
117
112
110
99
96
92
85
116
88
90
103
93
111
98
94
109
93
116
86
97
101
89
91
84
99
107
94
104
101
108
105
98
88
86
93
113
109
95
85
96
99
77
108
73
91
107
82
96
97
79
98
90
98
90
86
100
100
105
97
94
95
91
97
87
88
95
101
107
99
110
106
97
104
78
85
92
100
88
83
92
87
106
93
102
117
91
93
108
107
88
93
91
78
98
97
103
87
93
85
95
95
112
76
100
82
84
105
81
80
98
95
114
103
83
98
92
79
92
88
108
84
77
81
101
98
85
97
101
98
80
96
101
66
70
77
88
83
100
99
89
99
87
94
90
85
92
80
103
78
108
86
103
98
83
88
89
101
98
89
91
100
103
81
83
95
105
84
92
106
101
89
87
81
106
90
84
95
117
120
93
80
108
92
109
84
91
91
89
83
76
100
84
117
98
104
96
77
98
92
86
102
102
89
85
98
88
76
95
102
96
113
74
72
89
102
97
93
91
120
98
80
106
97
86
68
98
60
114
81
109
83
102
76
104
95
102
81
105
98
90
103
101
88
85
86
103
83
102
87
106
89
99
89
103
79
92
87
104
88
109
92
111
109
90
105
86
99
97
119
99
102
90
82
96
98
107
97
111
97
80
99
101
95
93
82
113
101
98
87
102
88
105
77
84
86
90
80
91
89
99
83
84
99
113
93
99
89
98
98
93
83
101
99
99
113
108
97
88
100
91
70
107
87
86
100
88
83
102
100
91
83
80
94
108
78
108
82
93
103
82
107
86
70
90
101
103
104
106
104
102
69
99
76
95
118
103
98
98
97
83
102
93
98
99
82
95
97
99
100
79
93
100
78
88
80
83
104
92
99
84
96
109
93
101
88
109
91
103
77
91
93
98
76
97
88
106
104
85
89
92
98
93
100
95
98
85
111
90
101
99
94
100
93
105
83
93
96
81
85
86
85
84
105
91
97
93
90
93
106
103
112
103
87
94
98
82
91
73
96
96
90
100
91
100
86
92
98
93
97
85
92
96
88
84
89
84
81
92
106
97
100
97
82
76
82
93
76
98
103
103
116
107
92
106
101
90
89
92
71
94
111
87
98
85
105
97
100
94
93
87
100
81
92
75
97
106
106
96
96
97
92
104
85
85
104
108
109
92
69
103
107
107
107
109
96
99
98
86
79
97
98
97
85
90
94
91
96
90
86
93
83
89
87
87
81
87
88
102
74
90
87
97
106
102
84
78
81
86
86
92
91
95
82
94
104
99
103
88
116
85
83
88
98
92
97
90
90
75
95
91
91
95
100
85
99
90
103
101
77
79
98
78
89
99
88
79
106
87
92
82
113
93
92
83
76
87
103
73
97
96
85
116
90
82
80
97
96
87
88
83
91
87
98
90
86
93
88
95
98
77
86
87
83
84
90
105
105
77
91
93
85
108
99
102
78
85
87
92
80
94
111
88
97
92
105
94
83
72
97
84
73
100
104
81
74
95
86
83
93
82
110
94
121
98
88
86
90
99
90
90
93
99
90
89
91
81
89
92
109
86
73
95
92
106
99
98
108
97
77
91
108
104
95
93
83
94
91
96
91
94
81
93
98
102
95
75
116
89
93
99
88
83
114
88
88
84
97
97
90
99
95
84
99
110
96
87
94
88
75
100
101
100
91
91
82
86
99
74
91
82
76
78
100
94
87
82
79
102
104
85
94
103
91
95
80
109
92
86
91
89
90
111
100
103
85
79
87
87
97
89
101
89
86
89
104
79
99
97
87
85
101
91
91
91
98
101
93
90
93
99
111
104
96
72
102
80
94
78
93
98
84
91
100
105
98
88
73
91
100
86
114
97
80
96
95
86
93
90
101
94
88
93
100
95
90
90
90
102
90
94
92
97
88
84
102
97
100
86
88
95
88
108
85
90
72
96
89
94
104
77
87
95
94
98
93
86
103
102
91
97
99
90
98
96
86
97
84
110
71
84
105
89
110
86
97
97
114
73
101
89
84
103
94
79
92
102
93
79
86
99
92
86
87
90
82
85
101
91
88
88
78
96
70
93
84
95
110
88
94
89
92
112
97
78
93
92
92
99
109
98
99
90
93
106
100
78
87
95
80
78
85
91
87
92
90
102
98
89
95
99
81
108
82
103
87
111
100
85
77
89
89
91
101
93
86
78
92
96
88
96
94
101
91
84
82
87
94
82
87
83
96
101
87
83
95
86
92
80
109
75
91
108
94
95
84
106
108
81
98
95
87
91
103
82
82
100
87
79
96
103
97
87
96
88
99
92
94
80
88
112
94
87
107
86
99
83
81
105
95
102
97
86
107
93
113
100
90
89
98
92
81
98
109
91
106
106
78
96
106
103
99
99
84
110
90
93
88
92
106
93
105
113
104
105
84
89
92
102
102
93
79
97
98
74
93
88
92
115
99
89
93
96
102
71
106
87
80
80
70
74
90
94
84
106
83
91
82
110
97
78
79
86
88
91
84
102
96
108
93
90
102
89
100
102
106
85
108
80
98
104
74
88
85
108
104
92
84
91
93
88
94
97
91
83
88
102
90
107
82
96
85
98
94
91
101
84
92
98
102
95
94
90
92
79
102
99
92
92
100
89
103
91
111
93
76
90
76
86
93
90
78
103
99
101
95
92
99
75
92
93
90
106
86
85
108
109
111
108
83
96
86
89
83
94
92
93
93
100
79
90
100
99
84
99
99
102
85
93
83
78
73
79
82
113
101
106
78
96
77
72
93
100
93
95
84
107
90
95
81
102
85
86
73
98
76
70
95
94
91
103
82
100
80
98
103
91
81
90
99
83
86
99
97
91
84
77
88
110
98
86
96
122
89
93
90
77
91
80
90
87
102
100
116
80
84
79
86
98
112
101
101
108
73
108
89
83
78
93
96
95
74
88
119
84
105
77
95
91
113
87
104
91
107
97
87
93
95
91
100
113
103
101
107
86
101
90
86
76
90
89
76
96
87
91
85
96
106
104
98
88
105
78
94
93
98
91
94
83
77
108
113
95
99
91
83
102
125
85
102
106
106
88
72
84
78
97
91
113
88
104
82
96
99
119
87
84
95
94
80
91
102
95
100
110
83
81
99
93
115
88
96
115
77
97
100
94
106
87
88
97
111
95
84
85
97
102
115
83
97
91
105
117
94
110
86
81
100
91
95
86
102
76
97
99
99
87
85
108
101
91
94
88
104
87
100
89
100
115
98
99
91
113
97
93
95
92
106
105
104
90
96
108
107
88
93
88
106
87
88
106
84
107
98
110
104
97
94
73
97
92
88
94
99
106
70
82
98
88
96
87
104
108
100
97
97
83
93
93
84
112
96
92
122
87
110
83
94
100
95
110
100
89
96
100
87
108
90
87
104
89
111
101
95
99
72
92
99
88
82
87
96
99
88
93
84
87
92
91
105
94
103
116
99
104
92
90
96
85
99
91
108
103
89
101
89
107
104
119
107
99
97
104
93
99
89
74
96
111
98
99
113
116
102
102
116
91
88
86
95
89
103
87
99
83
96
84
90
110
105
84
112
115
107
93
80
81
98
103
84
99
112
102
94
89
99
101
100
103
98
106
119
101
91
99
103
79
90
115
91
101
108
79
87
110
102
103
86
87
89
105
83
110
105
85
99
111
98
84
117
80
93
86
86
100
93
104
99
100
94
87
95
96
90
98
88
87
86
109
89
101
102
96
104
113
92
95
113
105
108
109
112
119
97
91
98
96
86
94
126
107
90
108
100
100
101
112
115
90
110
102
90
105
97
96
107
100
119
103
109
96
90
111
102
117
103
97
86
120
96
80
102
98
119
87
108
85
103
108
84
107
92
92
108
103
93
92
107
97
107
117
85
95
110
89
104
112
98
107
107
88
88
108
81
80
100
101
96
103
93
101
105
87
100
94
91
101
96
102
102
107
83
105
108
95
86
102
119
99
87
113
102
100
103
88
100
89
89
98
93
90
90
103
107
104
114
101
87
96
103
104
109
105
90
92
94
96
116
105
106
94
112
99
99
103
94
111
109
96
93
98
106
87
99
87
88
123
92
96
115
114
97
112
92
104
111
83
112
107
103
83
90
106
110
86
92
96
109
92
111
92
106
103
89
83
95
97
112
103
94
102
116
113
101
105
110
101
91
87
106
92
101
75
93
104
93
94
109
100
93
102
91
90
105
103
101
94
88
81
101
113
106
84
101
87
120
108
97
81
93
102
98
97
80
105
82
83
114
120
86
114
78
89
104
100
84
96
110
87
95
108
104
99
104
103
95
103
86
88
90
97
100
99
100
109
94
92
81
97
93
103
99
116
106
117
78
109
98
116
90
99
114
99
92
99
79
106
105
97
107
96
93
111
111
82
108
99
100
99
98
145
91
110
96
94
121
94
103
100
97
111
94
102
106
118
97
119
113
109
87
90
97
98
95
110
96
81
103
114
93
107
85
101
104
98
88
106
104
91
104
113
111
91
96
102
112
99
115
115
92
93
107
111
103
76
100
112
94
128
97
104
124
102
97
91
104
88
110
99
119
84
84
94
99
88
105
94
92
92
108
108
108
105
87
82
90
94
103
105
107
91
112
92
107
99
114
91
107
100
95
83
107
94
101
91
106
96
94
101
99
93
118
120
102
104
112
105
108
95
102
95
108
108
90
111
110
106
101
93
107
91
106
111
89
93
104
111
89
120
101
97
110
110
96
116
104
106
97
111
113
107
93
102
94
108
95
102
112
106
115
118
105
97
100
111
93
108
106
96
98
97
101
90
99
101
97
94
101
102
106
107
117
83
100
94
105
82
106
98
101
89
118
104
102
105
101
119
104
96
101
99
96
102
98
98
92
100
86
105
113
100
107
96
109
97
104
109
119
99
103
114
113
95
121
102
98
101
112
110
118
103
105
95
111
111
108
104
92
103
108
110
101
98
104
110
105
116
116
102
118
109
99
99
90
101
129
114
102
111
126
102
108
93
106
109
111
101
108
105
95
119
101
111
122
90
107
100
119
121
110
113
88
108
109
112
123
107
91
107
123
96
99
117
109
115
99
105
93
97
107
101
97
105
91
102
86
139
110
106
91
97
113
92
106
110
116
109
119
109
94
105
124
127
116
106
112
118
102
113
127
99
120
101
106
125
117
121
110
129
100
121
109
110
111
98
94
110
107
112
128
117
107
111
105
102
112
96
94
82
107
118
106
120
118
88
104
109
125
107
97
135
103
110
102
101
94
103
108
112
97
111
108
114
109
127
99
102
108
114
124
115
123
119
106
109
107
118
120
116
100
113
95
117
115
132
123
112
135
108
103
98
112
118
120
108
114
99
107
128
106
104
118
105
118
88
106
109
112
118
99
109
90
107
100
131
99
103
112
123
112
88
130
118
130
123
109
106
129
124
119
107
92
127
109
109
103
119
115
119
145
102
96
123
108
104
115
113
91
118
116
102
116
110
116
114
125
100
118
128
129
126
109
99
99
99
110
107
104
128
115
109
111
131
113
100
124
105
111
106
118
115
112
107
105
124
124
125
110
116
116
118
125
122
105
94
113
114
125
117
131
111
125
114
120
110
101
139
103
120
114
93
111
132
102
121
113
123
118
113
109
102
124
131
109
122
119
100
118
118
118
119
127
113
141
110
107
127
113
116
98
123
107
116
117
121
113
105
113
111
119
107
127
130
96
135
115
128
110
125
104
119
123
113
96
118
132
113
113
103
119
109
92
129
128
133
110
100
103
117
119
123
143
112
113
112
107
114
105
109
106
110
124
91
114
119
108
129
102
115
112
113
110
95
141
116
105
122
111
108
109
99
109
108
114
117
117
125
115
103
104
128
150
107
115
119
106
92
107
132
101
106
110
103
129
101
121
85
117
109
112
104
105
129
102
125
119
120
115
111
92
122
133
127
116
108
88
110
114
131
116
118
118
96
111
118
117
117
114
109
102
104
120
115
107
120
114
135
114
97
117
127
111
117
101
105
118
120
118
105
126
102
118
110
94
114
90
105
104
104
127
112
101
109
118
121
110
122
98
118
114
123
109
126
115
125
103
118
106
112
118
109
126
106
102
126
101
111
99
108
112
109
114
124
111
106
119
102
134
135
117
129
118
118
112
118
99
104
105
103
114
117
113
107
104
101
105
112
137
111
105
103
116
124
119
92
97
105
115
106
115
85
111
119
110
113
125
116
116
113
115
110
106
114
104
141
107
117
122
108
118
97
131
110
134
115
117
110
122
121
101
119
105
121
108
116
108
107
92
110
104
113
106
116
95
111
122
104
130
94
108
100
103
132
111
101
95
108
119
119
118
110
104
119
102
117
107
111
107
103
106
123
97
106
118
123
101
105
114
107
113
100
112
108
107
132
110
101
107
119
95
114
111
103
132
122
116
110
108
118
131
106
117
94
119
124
133
102
116
112
111
121
110
99
108
100
108
97
105
107
93
107
104
117
110
116
77
97
117
87
99
131
116
122
123
114
114
96
105
109
101
100
113
115
122
114
107
103
118
97
111
113
102
112
94
112
99
116
100
125
111
99
118
117
111
108
125
113
94
98
98
92
101
98
105
104
115
84
107
97
105
109
97
116
97
115
93
105
106
95
106
82
82
102
107
102
112
131
113
114
90
94
97
98
101
82
109
95
94
87
107
81
95
117
97
110
95
124
109
89
95
94
80
106
114
105
107
96
89
86
97
101
101
96
97
97
99
116
112
95
80
100
94
106
100
108
91
103
105
108
112
93
79
105
84
90
105
102
102
105
93
90
93
110
95
116
103
108
100
92
93
97
109
111
107
105
122
102
86
115
88
97
99
85
88
79
96
104
91
93
95
91
83
99
107
90
85
78
114
100
100
98
95
70
94
90
99
92
107
114
90
85
100
87
92
86
85
81
103
95
95
87
94
82
84
87
89
105
98
91
90
86
110
82
92
106
73
94
96
106
101
99
85
82
78
91
90
95
94
102
94
83
81
77
78
92
95
102
87
81
90
79
101
90
83
85
90
92
91
104
81
100
74
76
91
90
75
89
83
88
69
81
82
79
80
89
80
83
91
87
92
86
72
84
72
71
79
85
74
86
93
65
87
80
71
57
88
93
88
86
88
79
80
95
67
79
59
75
69
82
94
74
100
83
93
61
91
83
88
95
86
82
90
87
102
69
68
86
86
68
75
78
83
89
84
77
94
92
73
85
59
73
88
82
83
70
82
99
76
100
78
77
76
72
76
78
87
67
72
73
84
74
77
91
85
81
85
76
84
87
94
78
69
81
70
64
86
84
80
77
78
79
76
92
76
75
73
86
59
70
65
70
68
71
92
63
82
70
87
91
73
77
70
72
78
71
100
65
83
88
69
77
88
72
83
62
74
76
79
89
88
82
97
78
81
70
70
83
84
73
88
75
80
71
78
79
81
84
72
73
74
58
85
63
73
73
75
74
67
74
77
82
91
93
102
73
91
55
83
73
81
63
65
61
65
86
86
78
86
74
57
77
65
62
67
69
67
92
92
77
75
75
58
91
74
87
79
74
65
91
65
86
73
84
74
70
83
68
82
71
92
83
84
91
77
72
67
81
73
79
66
82
69
66
75
81
75
72
66
74
83
64
70
81
76
78
73
62
64
70
69
85
74
74
81
63
79
86
79
91
75
73
72
61
71
84
71
80
62
62
72
89
75
72
76
72
81
65
83
74
74
78
79
85
87
73
63
72
84
80
63
92
87
68
68
78
61
78
88
71
80
86
69
71
83
59
65
65
82
78
51
71
64
73
58
75
85
80
48
68
73
57
67
71
73
64
73
66
81
83
88
71
56
62
76
77
65
78
84
87
73
67
65
74
75
91
68
73
71
69
62
66
68
73
65
83
102
58
84
67
70
77
77
67
69
76
64
75
70
72
76
81
74
68
70
66
70
75
82
78
72
66
90
59
79
72
69
70
78
73
82
90
50
60
66
68
67
65
80
89
74
67
90
63
69
65
78
74
79
90
63
71
70
69
67
73
78
62
74
77
75
77
93
75
57
75
69
74
70
60
88
67
67
87
63
64
62
71
63
65
78
81
72
74
75
89
75
85
58
76
75
60
85
81
69
83
72
70
76
80
79
71
64
71
81
93
82
73
65
68
73
72
79
78
52
82
74
78
89
79
74
73
60
83
67
67
84
74
67
74
72
78
82
66
80
73
78
74
76
69
92
75
70
76
86
78
76
61
77
79
85
86
71
64
69
80
82
84
69
72
84
76
68
92
81
85
77
70
79
69
79
85
83
71
80
75
72
76
78
82
90
74
70
69
78
98
89
73
82
75
83
94
83
82
69
79
64
92
83
76
85
83
70
75
77
75
80
64
75
80
90
83
91
77
86
83
80
92
76
90
93
92
94
78
82
86
90
83
79
71
103
93
80
73
86
88
91
76
96
86
90
82
87
82
86
93
84
80
90
87
92
63
83
74
109
92
76
82
73
82
88
89
75
87
94
77
82
81
75
85
73
81
89
99
89
97
80
110
91
83
85
81
95
79
97
111
91
89
96
105
102
89
81
100
100
78
98
82
90
81
101
82
85
115
84
90
101
101
89
97
100
85
104
101
109
84
89
89
99
90
95
95
103
97
102
92
105
88
101
81
98
89
118
102
75
110
109
127
98
99
90
86
119
109
119
106
107
122
95
106
107
104
95
96
91
114
91
111
113
111
98
122
115
99
118
117
124
93
123
102
104
113
128
102
104
110
104
113
99
134
109
108
128
94
114
107
112
130
109
131
111
128
134
111
134
120
110
126
137
102
109
121
121
130
127
129
151
133
127
122
137
113
145
132
139
111
116
123
121
130
140
130
131
129
131
139
157
126
128
143
136
146
141
147
134
147
151
141
144
155
133
160
127
128
169
128
129
138
159
137
175
130
145
151
155
147
162
145
145
134
148
140
144
162
140
145
135
151
144
146
130
158
144
166
168
149
148
172
169
163
163
167
174
159
160
171
162
154
171
156
177
167
167
168
180
168
170
183
131
184
171
185
192
157
172
157
164
164
177
200
182
180
167
178
193
183
192
198
194
210
178
179
171
210
198
199
218
186
205
190
182
187
184
178
203
212
183
176
193
214
211
217
177
196
210
189
196
200
191
214
196
197
206
226
187
220
179
216
195
216
206
222
186
223
196
191
211
238
220
201
214
205
201
228
198
213
198
216
226
228
235
210
214
209
247
199
241
221
244
253
210
208
244
214
228
212
227
255
238
235
219
203
252
218
250
246
221
231
245
233
232
226
250
223
236
201
254
236
231
244
240
249
235
234
223
238
258
275
241
257
204
260
242
231
221
229
252
255
254
231
224
237
246
259
256
232
236
238
249
254
210
229
243
231
252
257
252
270
235
261
254
267
252
253
259
267
217
245
268
221
252
258
266
252
247
264
233
235
219
268
231
274
273
284
255
220
231
244
222
241
266
260
239
257
243
229
260
258
241
248
233
218
268
254
271
240
268
235
259
230
233
244
241
243
238
248
225
225
224
224
251
217
248
244
230
234
237
233
235
236
259
204
227
216
223
265
245
231
259
243
216
248
215
214
224
233
247
252
252
211
231
237
236
210
201
226
194
218
220
189
227
207
235
185
202
207
192
216
208
195
210
232
190
211
197
203
208
213
224
201
208
182
214
213
219
211
180
194
171
159
200
184
205
202
187
193
209
173
188
175
160
181
187
190
190
167
186
173
160
171
168
184
160
191
164
183
151
187
163
181
159
174
141
174
178
177
155
151
165
164
152
152
160
168
151
141
176
160
136
169
137
151
134
152
157
127
135
147
137
146
141
159
142
130
131
113
116
147
126
132
127
144
119
128
136
124
120
117
128
120
128
106
109
118
116
113
130
91
117
142
116
123
124
120
125
113
115
104
106
111
91
97
95
104
100
95
96
102
103
108
96
110
84
97
94
105
83
99
75
90
121
116
87
83
86
103
84
71
91
85
84
76
89
89
83
79
98
78
81
103
88
67
89
64
60
69
79
89
86
84
76
68
61
75
79
87
92
93
70
69
62
70
68
75
87
74
86
70
67
73
61
64
74
55
82
63
71
63
70
69
47
58
61
62
71
53
74
77
55
54
72
52
56
56
59
58
57
53
52
56
65
50
56
53
62
58
68
60
58
53
59
64
69
65
57
62
59
61
53
59
59
53
54
64
68
64
63
67
62
57
45
53
68
55
46
62
50
66
62
42
55
47
55
47
44
52
43
47
56
53
56
59
49
47
55
55
63
57
53
56
44
52
53
49
56
47
52
61
65
45
59
59
58
54
51
58
57
65
66
50
57
39
54
61
61
68
58
74
52
56
49
55
51
57
52
52
44
48
65
43
74
53
60
47
63
57
53
50
52
54
65
54
58
55
55
54
50
67
70
70
59
56
49
41
59
57
79
44
60
62
58
60
59
52
64
71
68
63
63
57
56
69
55
62
68
64
62
51
63
63
70
64
68
65
52
73
60
60
78
72
76
63
72
68
83
50
50
69
68
79
73
68
78
91
69
90
76
82
79
83
62
74
89
87
73
80
69
79
90
80
79
85
84
90
90
90
75
106
86
82
85
94
80
91
86
92
87
96
85
94
88
98
82
89
83
99
92
90
95
84
104
87
99
104
81
117
94
97
92
98
105
95
111
102
92
92
103
95
111
110
109
94
106
105
91
107
106
100
133
96
106
113
115
133
120
95
123
104
127
106
109
120
114
113
118
121
128
110
117
117
121
129
109
126
135
137
104
104
135
127
113
121
127
128
110
150
142
121
141
130
120
125
154
136
128
124
146
125
122
143
156
122
134
150
128
140
143
136
126
154
127
148
126
145
131
139
131
123
142
138
151
153
174
144
132
132
117
152
142
156
133
158
165
144
154
144
142
177
155
174
138
154
133
154
158
177
153
163
169
174
160
171
189
155
163
165
167
159
166
146
161
177
155
158
181
158
158
175
165
159
161
175
161
186
189
193
166
185
191
173
182
181
182
181
181
191
164
177
194
193
189
188
204
181
180
201
198
181
191
190
197
171
160
187
195
180
174
194
180
216
166
183
226
177
190
199
197
192
173
211
189
200
200
206
210
176
195
210
206
207
189
195
221
203
198
211
192
216
197
181
203
191
183
199
203
217
202
183
190
235
216
231
201
229
206
212
198
206
201
175
192
238
200
184
198
203
207
220
177
205
205
211
199
183
206
231
227
224
216
214
189
192
200
190
195
210
199
196
215
221
183
197
215
201
191
194
210
203
176
196
193
177
218
210
200
187
197
203
203
201
196
207
204
189
201
217
187
187
221
196
222
209
195
213
190
190
208
213
195
202
184
181
210
179
179
190
190
180
169
195
182
184
193
188
181
172
197
175
187
181
199
179
185
201
173
206
182
216
182
173
199
186
195
170
186
186
165
171
180
183
191
195
195
173
160
185
185
162
158
166
170
166
181
158
171
156
161
163
185
171
167
176
146
178
153
159
140
143
149
181
179
162
154
168
158
128
148
148
155
171
146
163
156
128
155
144
146
151
166
151
142
137
144
146
149
136
149
117
132
133
128
142
156
147
142
128
117
136
140
129
124
122
133
147
121
111
131
124
126
111
126
106
129
116
108
124
120
109
101
130
107
123
135
112
105
89
125
126
110
112
112
108
93
96
107
115
100
104
87
111
96
96
84
89
117
106
92
102
95
99
87
89
100
93
94
100
95
95
66
89
99
79
93
88
85
89
76
82
97
76
67
76
83
66
81
85
68
79
87
74
79
78
65
69
74
70
67
73
66
65
66
58
73
62
57
52
52
73
52
58
58
61
75
42
69
58
48
52
50
45
60
61
69
50
53
40
51
50
40
46
52
55
43
47
45
41
45
54
54
51
50
43
55
40
49
44
47
36
37
39
57
42
35
35
35
47
38
34
37
49
44
43
45
35
32
37
30
43
28
28
38
38
20
27
42
27
32
34
34
36
33
26
24
31
31
43
33
27
28
29
35
20
24
30
20
27
20
26
23
34
17
24
28
22
20
29
28
19
21
26
18
20
13
16
18
23
28
19
18
16
13
19
16
20
17
16
17
24
17
18
14
26
18
17
20
9
10
13
22
20
18
12
13
11
25
13
16
12
8
15
14
19
13
16
15
14
11
12
12
12
9
8
10
18
13
13
10
16
12
12
12
10
11
11
11
11
3
13
14
15
7
18
9
13
13
10
11
8
3
7
13
13
7
8
11
9
9
11
12
11
9
11
11
6
6
12
5
5
3
11
8
11
9
7
5
8
4
8
6
8
14
8
6
8
6
6
3
1
9
7
7
8
3
7
6
4
7
4
4
9
4
8
5
5
9
7
3
6
6
8
4
7
3
6
3
5
10
5
2
5
5
8
6
6
7
8
6
4
4
4
9
6
8
11
5
3
6
4
4
8
5
6
4
5
7
3
4
7
6
5
5
5
5
8
5
3
6
7
3
6
0
4
7
2
4
6
6
5
6
3
7
7
8
4
2
6
4
4
6
4
6
4
6
5
5
4
6
4
5
5
6
2
2
4
7
0
2
4
3
3
6
5
5
7
3
4
6
4
4
7
5
7
3
5
4
2
1
0
2
3
4
4
2
2
2
1
5
2
4
5
4
6
6
2
6
5
2
7
3
5
3
9
2
1
5
6
1
7
4
6
2
5
2
5
5
4
0
3
3
3
6
2
2
5
2
2
4
5
8
2
6
2
2
1
4
4
7
3
6
3
4
0
5
7
4
6
4
4
3
0
6
2
2
4
7
1
4
6
1
6
3
0
4
2
4
2
2
4
4
0
3
3
1
1
2
4
3
1
2
3
0
5
3
1
5
2
4
6
7
3
9
7
3
3
1
3
2
7
3
5
3
4
12
1
4
2
3
5
7
3
3
2
5
4
2
4
1
0
0
3
1
3
1
3
2
4
4
3
1
0
5
1
3
4
1
3
6
2
2
4
3
5
2
6
2
2
3
1
1
3
3
3
4
2
2
2
2
3
2
4
1
1
9
6
1
5
6
4
7
9
1
4
4
4
1
4
4
0
4
2
1
2
4
5
4
5
3
3
3
4
1
3
6
2
2
2
3
6
6
5
3
4
4
5
4
5
2
5
1
6
5
5
2
3
4
6
6
4
4
2
6
5
5
7
3
7
5
5
3
4
3
3
2
3
4
5
3
7
6
1
3
4
3
1
2
4
5
1
4
3
4
2
6
2
1
4
3
1
2
7
0
4
3
2
6
7
1
1
2
5
4
1
6
1
6
4
3
3
3
1
4
5
4
6
1
6
2
5
5
2
4
1
3
4
2
1
4
3
8
4
2
2
0
7
5
4
0
3
7
3
2
3
2
3
3
2
4
1
3
3
2
1
3
2
0
1
2
1
2
3
2
0
2
4
4
2
7
1
3
2
4
0
4
3
3
6
4
3
3
2
3
4
4
4
5
5
3
5
2
3
4
2
3
2
6
5
2
3
1
4
0
4
0
5
4
2
5
1
9
4
3
3
4
2
1
3
3
1
3
4
3
1
4
1
1
4
4
7
4
4
3
2
3
4
2
3
5
2
3
4
2
5
3
3
2
8
1
2
0
6
2
3
2
1
0
2
2
2
2
4
4
2
2
2
5
4
5
2
1
2
2
3
2
4
6
3
1
0
2
1
4
3
3
5
3
1
1
68
67
52
52
43
57
65
62
58
56
56
55
35
58
61
57
63
43
56
73
58
54
59
67
57
57
60
53
65
60
43
53
58
62
56
65
55
50
69
56
67
50
48
57
53
57
51
51
51
57
65
64
61
57
72
53
51
52
54
55
57
58
36
63
50
54
45
64
57
63
46
68
49
67
58
46
53
57
57
57
54
50
53
57
65
49
46
50
52
54
53
57
39
54
44
64
49
65
56
67
48
44
41
57
54
57
48
55
58
45
54
61
46
62
59
45
46
47
48
47
58
52
60
48
37
56
52
16
