0
0
0
0
0
0
0
0
0
0
1
0
0
0
0
0
0
2
0
0
1
0
1
0
0
0
0
0
0
0
1
0
0
0
0
0
0
0
0
0
0
0
0
1
0
0
0
0
0
0
0
0
0
0
0
0
0
0
0
0
0
0
0
0
0
0
0
0
0
0
0
1
0
0
0
0
1
0
0
0
1
0
1
0
1
0
1
0
0
0
0
1
0
0
0
0
0
0
0
0
0
0
0
0
0
0
0
0
0
1
0
0
0
0
0
1
0
0
2
0
1
0
0
0
0
1
0
0
0
1
1
0
0
0
1
2
0
4
1
3
4
3
2
4
4
1
2
4
6
5
3
2
4
3
9
3
3
3
0
2
1
1
1
0
0
1
11
37
56
68
81
56
79
82
87
82
89
91
94
88
75
89
86
103
89
85
82
72
67
81
82
89
88
68
92
79
76
84
85
101
86
90
100
80
81
90
87
96
72
95
90
83
88
79
91
79
77
85
81
89
72
96
91
73
79
90
79
92
93
103
87
87
87
92
73
86
86
86
94
85
84
104
79
84
94
121
92
104
77
86
80
93
78
91
84
91
88
87
90
106
95
87
98
97
81
92
95
89
107
89
89
90
90
79
89
94
89
101
88
87
93
82
93
92
83
94
82
80
93
97
90
107
80
63
95
100
105
93
90
90
93
100
85
87
107
79
91
82
94
94
104
75
94
109
95
95
79
92
79
86
102
85
95
95
106
94
90
111
102
81
105
82
85
77
99
122
83
92
93
99
97
95
102
76
107
81
91
98
111
96
78
86
104
85
96
97
88
98
107
114
98
82
93
95
99
86
99
98
90
96
84
86
88
94
99
110
92
98
105
93
100
93
86
101
95
83
94
110
85
100
82
84
101
92
95
106
120
109
105
83
90
99
83
90
107
89
78
99
90
107
114
119
96
95
114
93
101
101
89
102
114
97
89
95
109
86
105
104
108
88
94
105
114
87
115
88
116
106
112
108
108
115
103
99
121
95
102
97
90
85
113
90
76
103
93
80
87
100
111
99
106
101
101
79
99
110
97
109
86
104
93
91
98
121
101
117
82
83
114
94
99
101
108
100
82
81
91
94
113
83
88
116
89
72
113
84
88
107
118
110
95
106
103
105
93
101
97
92
98
95
99
121
111
86
93
105
99
89
109
104
101
86
96
101
98
94
95
104
100
93
96
110
91
103
101
107
87
94
100
78
104
83
86
92
87
100
84
110
104
113
102
99
93
96
86
111
88
112
86
98
84
112
99
84
82
84
113
121
100
97
81
93
109
87
92
102
90
94
102
95
106
102
94
98
88
101
80
106
91
97
102
100
96
108
101
109
96
101
117
77
87
108
117
95
92
94
115
96
101
87
97
90
96
115
77
98
95
97
93
117
83
74
102
70
79
99
94
107
120
105
91
115
96
105
96
88
101
86
98
97
92
81
104
92
91
101
105
112
109
98
99
112
96
108
108
103
100
117
105
100
105
89
101
92
79
122
108
101
83
116
109
111
109
92
91
94
103
98
85
100
101
98
94
108
105
89
97
108
92
101
95
105
87
93
117
103
124
105
115
94
88
106
96
94
89
103
86
86
110
106
119
110
106
114
102
99
102
116
82
101
124
92
91
113
112
96
96
107
105
119
89
110
90
91
97
115
106
114
91
107
88
123
95
72
101
110
101
96
108
90
105
99
91
92
97
100
108
99
94
101
103
106
111
88
101
116
95
134
109
123
87
99
94
114
103
112
98
92
99
109
101
105
101
107
96
107
100
113
116
91
86
122
98
106
115
93
105
106
88
97
110
100
93
101
101
109
122
114
95
97
114
96
132
119
100
104
113
117
116
96
108
104
101
103
118
104
127
108
98
104
113
110
87
86
104
106
94
104
99
106
106
94
105
91
120
88
106
101
113
111
103
99
112
106
78
103
101
99
82
112
118
90
115
111
124
106
107
96
96
109
98
94
104
107
109
95
103
116
101
99
103
112
110
111
108
94
91
106
126
113
118
93
116
116
101
110
96
100
96
104
97
104
100
109
114
112
105
111
115
100
114
113
103
89
120
89
113
106
110
107
110
106
112
102
97
98
96
106
111
107
123
105
110
102
104
107
101
96
101
112
105
104
105
101
113
109
107
110
93
96
106
102
95
123
123
113
126
109
116
113
112
93
126
118
112
104
111
103
106
113
109
108
112
111
105
106
98
95
94
110
107
116
97
107
99
91
113
113
109
112
115
121
125
97
104
102
116
95
104
107
115
105
131
98
102
102
106
122
134
114
116
100
99
109
106
123
110
109
126
96
119
116
107
103
117
104
91
111
116
114
111
115
112
115
112
113
100
132
111
121
113
122
103
95
115
108
103
136
118
127
151
92
99
113
113
111
106
103
106
112
133
92
111
117
108
108
131
122
129
116
122
103
98
109
110
120
116
110
110
111
120
102
109
118
114
104
133
116
100
101
119
130
140
122
115
104
104
118
129
120
110
111
103
112
128
131
104
128
107
115
133
133
132
107
115
125
109
128
115
110
113
130
112
116
126
105
115
121
108
113
129
115
120
127
117
119
123
128
125
130
150
119
121
128
130
112
116
128
136
121
141
142
116
112
121
122
123
115
113
107
144
107
115
124
114
127
125
117
136
139
144
115
116
118
122
125
120
115
146
112
113
155
117
132
145
124
113
111
148
127
126
133
101
112
136
104
122
133
129
142
127
124
140
144
117
128
139
140
149
141
137
147
137
138
146
119
127
143
138
131
141
144
141
127
124
119
121
120
143
130
104
149
127
135
153
118
109
148
145
110
134
121
119
125
138
144
126
106
153
118
118
144
131
118
131
141
114
145
130
116
129
120
132
118
136
134
121
144
114
126
135
148
134
117
147
126
129
130
132
95
129
119
141
119
130
147
132
122
123
148
122
133
158
120
155
139
97
134
111
123
140
135
124
140
126
136
120
118
134
122
127
120
128
130
127
129
154
148
128
126
135
145
134
131
121
124
129
112
143
136
129
101
146
115
119
111
113
103
119
120
113
105
107
127
132
106
116
123
107
111
125
128
117
124
126
118
110
117
116
137
128
116
111
122
112
118
121
121
109
113
104
134
127
128
121
129
121
122
103
108
127
129
133
128
99
128
132
123
124
102
99
109
128
120
110
113
110
117
123
115
123
106
111
108
120
89
111
105
132
103
117
103
144
104
126
129
121
114
118
132
110
117
107
110
138
129
131
114
119
119
98
111
143
112
115
110
113
131
105
110
104
114
107
100
129
115
122
128
113
101
133
106
123
84
112
120
95
119
100
114
96
97
125
95
110
103
114
104
119
115
111
117
102
110
119
113
112
119
106
93
121
104
110
115
117
107
107
114
116
128
103
120
90
103
113
120
139
104
122
117
105
114
106
111
112
110
111
109
130
112
101
103
124
109
115
96
123
102
108
118
108
106
103
106
122
103
109
106
100
128
98
111
96
103
109
118
123
94
104
109
97
115
87
100
96
106
102
114
102
115
111
118
106
120
93
107
119
111
101
111
104
113
108
115
102
100
103
97
117
118
116
105
96
99
95
94
97
121
112
113
98
116
104
99
126
119
109
112
132
101
121
106
100
101
104
107
117
100
113
112
119
91
93
100
111
110
102
108
101
104
100
108
101
120
109
94
115
111
95
97
117
122
124
98
101
90
108
114
136
108
102
116
104
98
123
101
99
109
107
101
88
113
118
102
84
129
123
91
112
101
108
114
111
96
101
102
125
96
100
107
100
100
110
111
108
115
105
103
112
81
101
109
103
104
123
115
89
108
106
117
84
115
112
111
105
101
119
99
95
113
110
107
97
101
98
111
82
98
83
119
91
107
92
103
107
105
109
119
90
97
111
113
92
97
99
102
116
113
113
88
109
130
100
99
116
103
115
99
105
99
112
92
91
94
112
118
118
92
98
101
108
98
91
94
80
99
89
106
104
105
111
91
87
106
98
105
129
108
116
111
118
108
89
99
100
112
108
98
107
123
99
83
96
101
90
97
94
97
113
103
100
89
103
108
83
81
104
108
128
97
120
105
99
113
84
86
77
90
91
100
105
105
98
104
99
98
108
88
94
83
93
92
108
94
92
81
93
98
110
87
92
103
105
89
92
88
97
87
107
97
85
95
82
111
93
98
67
84
95
90
80
91
107
96
88
89
101
94
113
111
90
103
106
91
94
87
100
98
88
84
90
96
91
98
92
81
105
78
104
96
100
106
93
102
100
107
92
99
77
89
80
95
90
104
106
95
99
94
94
93
92
102
93
99
96
108
83
98
111
90
99
110
115
89
90
96
89
101
96
111
76
124
99
86
77
101
76
89
86
121
107
95
102
108
110
102
106
90
96
89
77
90
90
98
87
89
108
93
110
85
112
90
106
89
93
102
83
105
96
90
82
99
106
83
106
91
85
107
87
117
99
96
82
91
97
91
84
95
90
93
93
98
80
108
102
92
87
98
92
94
105
103
76
77
112
100
88
92
92
115
105
91
95
94
80
91
89
82
91
100
85
89
102
88
80
92
95
93
92
91
86
95
90
112
98
87
78
88
87
115
87
89
104
88
89
93
82
80
103
85
104
91
108
97
83
97
99
95
92
91
101
94
80
85
85
96
104
85
98
100
92
95
95
97
97
98
116
107
79
96
97
77
81
102
87
84
92
112
99
85
103
93
103
96
91
89
71
90
90
83
82
107
80
99
83
91
70
97
89
102
91
101
97
84
99
94
85
82
97
88
99
100
104
103
107
66
88
101
97
95
92
81
96
94
93
75
87
93
86
90
105
97
88
88
68
85
88
88
97
119
95
75
98
101
80
98
85
84
94
70
81
77
76
90
92
87
90
91
96
103
90
91
90
88
70
89
98
103
87
90
78
93
94
86
96
88
86
89
75
67
82
96
90
108
102
95
109
82
78
90
119
91
118
97
94
93
83
88
82
90
96
85
100
89
95
81
98
79
91
100
86
89
96
70
88
95
85
83
83
77
87
111
101
107
85
87
72
88
81
107
96
99
86
94
77
99
87
98
75
93
99
94
91
90
72
82
68
82
73
87
106
97
91
103
75
96
80
82
97
85
70
81
76
112
90
102
94
93
92
90
90
91
93
96
89
104
91
98
88
87
96
85
97
93
90
94
76
106
90
94
93
79
76
84
80
92
106
98
91
108
77
90
106
87
97
85
98
80
94
89
95
75
86
96
82
96
83
81
92
83
89
93
80
79
79
88
93
102
96
85
94
81
82
86
98
72
78
109
85
77
99
93
100
87
88
92
116
86
86
90
87
85
99
93
103
103
102
105
93
82
87
89
99
89
94
99
85
75
89
96
91
96
92
98
84
75
81
85
84
78
88
102
91
90
82
96
88
71
107
92
97
86
87
90
82
80
79
92
78
81
95
86
81
89
88
83
92
80
91
88
101
88
97
91
99
91
92
76
86
95
98
100
89
87
102
74
100
95
80
100
89
92
79
92
105
97
90
88
88
90
98
103
87
81
105
88
91
99
92
86
90
83
98
92
87
83
68
105
103
94
96
97
92
100
90
84
82
95
97
97
103
87
98
88
79
86
93
89
69
95
81
76
88
90
86
103
96
89
100
86
98
77
92
82
69
90
93
90
82
65
76
92
103
94
92
79
96
101
103
87
98
81
73
111
84
72
87
80
95
90
95
96
75
89
88
81
99
83
94
104
81
96
111
80
93
87
88
88
93
86
98
87
94
91
85
93
90
92
92
95
94
106
89
89
81
85
82
76
84
77
83
86
95
65
88
95
98
75
98
98
92
75
82
98
100
101
91
94
91
88
94
91
78
89
82
83
94
109
89
78
105
85
90
76
82
78
83
93
96
82
85
86
105
77
92
103
104
84
75
82
94
103
99
92
68
87
92
71
91
99
101
78
90
90
72
101
118
91
77
78
84
86
72
105
75
87
101
91
86
95
96
92
93
90
90
87
85
81
83
80
94
82
102
74
99
83
72
83
83
84
101
84
95
88
86
84
80
82
77
65
82
84
82
101
95
90
78
88
95
85
88
94
105
86
77
97
79
91
88
86
98
91
83
82
88
92
76
76
74
101
87
85
103
95
92
63
92
106
84
85
102
74
105
79
92
68
73
93
78
68
96
108
71
74
89
77
86
87
94
76
98
99
83
102
83
72
87
87
93
103
89
114
97
78
80
90
81
71
93
88
82
89
83
91
98
80
90
89
89
92
87
78
102
90
87
75
96
109
89
87
100
99
92
86
101
100
80
89
96
84
74
91
105
102
77
101
105
88
84
71
99
98
80
73
76
100
95
85
86
88
80
94
86
85
96
92
91
98
74
92
87
98
95
81
84
86
78
99
73
66
83
93
81
97
75
93
90
85
85
90
71
78
102
82
70
94
87
79
88
54
91
79
105
80
84
82
93
91
86
83
104
79
76
91
83
77
85
83
80
88
76
90
96
105
88
96
79
84
85
88
96
107
88
93
89
86
85
99
78
84
89
88
87
101
105
100
75
94
78
81
67
89
77
95
76
83
71
70
71
85
71
90
90
102
93
78
92
84
95
75
78
90
91
96
96
99
103
79
86
82
100
84
107
78
73
80
90
96
88
78
92
85
93
75
75
82
77
94
86
77
93
90
80
88
89
86
73
93
100
95
87
83
74
75
82
97
90
92
92
76
82
90
85
72
76
86
77
95
93
87
82
92
80
80
77
90
86
82
88
88
114
87
85
75
93
93
90
95
75
82
82
83
85
100
76
98
82
87
94
69
93
106
106
90
105
112
95
80
68
93
90
93
109
92
101
94
89
87
81
87
75
86
88
88
82
92
89
100
90
98
101
109
92
84
82
104
80
85
83
80
76
92
92
87
94
83
97
98
78
87
85
90
91
94
78
83
86
75
83
83
71
96
93
79
93
77
82
88
90
96
80
87
100
73
82
87
79
97
101
83
82
83
77
85
94
90
74
87
81
75
80
106
93
88
101
86
79
95
85
85
113
109
83
92
97
101
97
99
86
76
88
79
88
90
84
83
86
104
90
86
78
80
87
77
92
75
90
99
92
104
105
83
76
79
106
91
91
88
80
98
88
86
77
107
79
107
73
92
85
87
93
83
68
81
95
74
75
92
86
68
87
86
85
82
105
101
82
95
102
76
90
79
74
95
71
85
103
108
96
67
75
91
78
91
95
89
91
100
88
83
85
94
83
80
82
96
82
100
93
89
89
85
88
98
75
90
105
95
88
92
98
87
98
90
92
91
105
100
96
89
102
78
86
79
93
78
71
88
104
89
89
82
93
83
95
104
87
99
85
76
86
102
81
76
81
86
106
82
88
81
79
79
102
89
70
99
95
76
86
102
92
89
92
88
86
106
76
65
91
90
79
104
81
88
78
71
80
91
80
78
76
79
93
98
72
90
83
79
99
98
103
97
79
77
83
88
90
83
94
83
91
60
84
81
97
96
89
102
94
103
91
71
101
88
93
86
96
80
75
87
84
83
89
101
80
91
92
80
94
92
93
96
97
75
90
78
107
78
95
77
106
94
86
73
85
89
87
82
96
73
87
93
92
90
93
76
102
82
91
84
91
92
86
105
83
82
104
106
102
74
93
76
90
95
79
79
95
86
114
86
91
90
77
87
101
74
84
99
96
78
88
81
90
94
82
79
85
99
106
87
106
99
76
105
103
104
101
91
105
96
92
79
93
75
91
90
94
99
92
88
78
93
94
98
94
93
89
95
108
86
110
67
85
92
94
90
85
89
72
93
99
106
75
96
94
102
85
97
93
92
103
95
101
93
97
81
86
106
93
62
80
102
77
95
87
109
90
114
87
89
75
75
95
95
106
103
84
85
103
87
79
112
92
72
91
96
97
92
92
81
70
90
84
89
84
79
86
94
90
94
104
80
87
87
92
87
92
69
86
101
105
87
85
101
86
71
103
87
77
72
69
80
83
102
94
92
96
94
99
96
76
94
89
104
111
71
82
102
86
85
80
88
82
68
88
92
82
97
90
83
86
92
91
63
84
98
105
84
99
75
86
92
78
92
111
87
108
79
105
87
89
86
93
89
74
88
81
96
77
85
95
81
91
87
79
81
114
84
91
95
70
87
95
86
97
94
76
94
88
104
96
90
81
84
95
98
94
88
92
84
92
113
80
87
84
88
100
92
86
104
100
94
96
93
92
106
87
87
91
93
97
98
97
107
92
83
91
91
117
90
85
87
94
97
89
94
86
105
93
88
86
98
99
97
102
98
83
82
112
78
73
81
93
95
94
82
88
86
89
95
93
75
99
88
90
94
87
72
98
91
86
85
71
84
85
100
135
87
95
90
87
69
99
78
89
92
92
89
82
98
101
96
109
83
102
87
84
80
85
91
89
82
106
94
92
75
94
93
84
86
83
82
100
80
106
93
97
91
89
91
81
90
104
98
105
93
81
96
88
83
79
88
91
82
85
99
94
87
90
104
80
82
91
85
88
103
78
76
85
95
106
80
92
103
94
93
125
106
89
71
95
100
88
88
91
106
80
88
101
82
89
98
91
96
74
97
98
87
91
82
105
97
87
99
90
82
98
94
87
82
102
99
89
104
99
101
95
101
94
81
96
85
84
98
99
77
92
98
95
97
104
83
78
94
97
92
105
88
82
81
97
104
96
107
96
115
93
110
109
79
77
97
96
85
101
102
92
102
73
85
99
105
110
101
96
94
95
87
102
87
92
92
87
96
98
96
106
112
100
99
94
108
86
88
96
89
93
91
90
96
105
127
108
92
95
82
94
106
87
89
93
99
90
78
97
94
113
72
103
85
90
101
83
85
92
85
87
83
97
109
98
91
83
97
104
88
94
87
86
98
85
111
88
95
102
110
101
101
93
91
95
79
89
105
92
106
95
97
80
76
104
95
79
95
107
86
111
81
97
133
105
89
92
88
109
97
95
109
91
103
87
94
90
83
91
107
84
99
104
98
103
109
83
97
103
87
95
95
83
104
97
107
91
99
98
96
106
80
100
95
98
78
87
92
118
117
95
91
89
101
85
99
110
90
87
88
113
91
92
91
92
99
85
124
93
90
102
115
83
100
92
110
95
84
86
95
110
92
84
101
103
93
105
70
97
97
90
103
102
100
103
113
99
103
98
96
98
116
85
98
118
85
89
96
99
109
96
93
87
89
93
99
107
86
108
99
100
98
92
85
86
106
121
93
78
116
129
95
105
80
106
92
86
100
88
110
94
95
116
89
104
99
95
86
92
109
92
100
108
106
101
114
109
86
98
101
85
110
84
77
85
94
106
105
92
99
108
95
92
109
114
104
98
92
93
108
88
87
85
109
99
105
108
103
91
101
93
82
99
100
85
78
89
121
79
106
96
103
102
89
97
92
91
94
122
109
90
85
121
106
94
95
98
108
94
97
92
91
98
90
96
119
89
85
103
98
99
100
111
97
94
89
105
111
102
84
93
93
126
79
97
94
114
97
96
86
96
107
96
106
108
109
117
114
104
96
85
111
104
77
100
89
104
113
103
95
96
92
105
81
106
107
120
103
89
90
115
99
99
99
106
100
114
107
100
104
93
89
92
96
107
93
99
89
107
108
105
91
92
113
97
96
97
101
78
92
101
98
84
123
104
93
103
103
112
77
101
113
106
99
123
103
102
98
104
93
107
101
107
99
117
98
96
95
110
112
97
93
94
98
100
136
94
81
105
102
98
111
94
104
105
101
100
114
104
111
96
111
96
100
100
86
109
100
94
115
94
105
88
104
116
98
102
91
106
90
108
109
104
96
100
111
94
98
107
97
92
105
109
109
102
80
116
127
112
107
112
114
130
104
115
97
83
106
92
107
98
107
108
103
104
94
99
106
97
110
107
103
130
105
112
91
103
102
118
115
106
91
102
93
111
94
98
92
105
90
91
119
92
107
88
114
107
123
107
114
110
106
103
125
104
109
100
106
105
113
113
100
100
110
97
104
111
122
94
119
117
109
115
110
116
109
126
111
102
111
114
111
101
120
95
94
99
100
95
95
109
112
104
110
109
114
90
114
91
105
108
102
122
110
99
110
107
105
109
106
118
99
87
119
85
119
118
89
96
86
109
95
120
116
114
96
91
117
133
98
110
93
110
99
105
126
114
104
105
112
114
113
102
125
101
105
111
112
111
109
105
121
100
89
115
104
113
108
107
112
102
116
112
121
123
124
115
105
124
113
87
110
122
116
92
102
94
103
111
115
108
112
100
110
90
124
113
121
115
118
104
83
117
116
108
109
121
126
129
99
100
102
92
117
104
99
129
124
112
124
92
76
114
101
103
111
106
104
125
122
105
106
107
89
105
115
108
120
107
124
95
85
104
113
109
122
115
111
123
102
101
112
106
111
101
103
102
115
129
115
112
108
100
97
111
104
118
108
115
104
118
127
108
109
116
93
125
99
113
105
130
101
113
119
97
119
112
99
114
90
115
105
94
113
124
108
103
95
120
104
108
107
106
103
95
93
119
94
122
133
90
113
111
107
120
110
99
119
108
114
102
115
97
105
125
96
99
122
105
108
101
115
103
102
128
98
122
107
107
103
124
109
111
122
124
139
101
120
96
96
102
98
107
108
114
114
122
115
132
111
123
96
86
119
106
109
100
118
119
92
105
105
101
107
113
110
111
99
97
105
95
92
125
110
118
103
116
118
114
104
116
99
91
99
102
131
106
90
102
129
105
109
98
92
109
106
114
106
102
109
108
101
107
114
117
105
125
103
111
102
120
109
110
107
110
93
86
122
97
104
109
95
124
93
108
104
104
98
105
108
112
102
98
100
104
92
115
104
107
94
102
99
104
91
101
111
104
124
105
102
117
99
90
97
117
98
115
106
91
108
104
99
97
98
96
73
115
100
109
96
124
107
99
109
92
117
108
96
102
106
112
106
99
99
94
111
101
99
108
116
114
91
116
108
99
99
106
80
99
105
99
97
106
102
105
119
112
94
113
99
112
107
88
108
113
96
111
97
105
78
103
108
106
109
103
100
116
86
107
96
89
94
97
101
91
96
106
99
101
95
89
97
99
101
90
106
108
111
83
104
107
114
116
82
88
102
94
95
119
113
85
105
90
112
102
75
109
92
86
98
100
96
107
106
95
112
106
95
92
98
90
89
90
100
103
104
77
77
78
106
110
100
111
106
120
91
97
88
100
95
104
93
96
104
103
84
87
101
90
96
100
85
79
97
89
93
95
94
96
92
86
84
87
86
84
97
82
90
89
81
93
90
91
90
98
107
83
73
92
103
96
86
101
102
99
91
107
99
77
101
98
87
97
94
94
95
90
92
91
79
88
86
96
108
87
90
82
97
100
84
95
102
94
84
88
91
81
84
87
106
74
93
70
88
95
89
79
100
90
77
110
86
90
89
84
81
79
90
91
88
87
103
89
82
94
83
87
89
97
77
70
92
99
94
64
78
82
88
91
107
101
88
89
86
77
83
74
76
78
116
78
93
64
83
88
79
71
73
83
89
88
90
74
77
84
60
71
99
79
90
78
93
83
72
93
93
84
83
82
86
86
94
86
93
70
99
61
69
80
65
89
76
74
90
73
78
81
79
76
85
71
70
83
85
81
78
89
88
75
106
88
78
89
86
69
69
76
76
93
83
73
75
96
74
76
67
70
88
72
69
68
72
110
74
88
75
75
82
59
73
78
62
67
79
67
62
77
86
76
73
86
72
70
82
71
85
71
76
76
81
71
70
79
55
77
82
73
65
62
73
82
77
90
76
89
86
69
66
67
88
66
83
75
73
87
71
53
75
60
71
69
89
72
71
67
83
82
64
58
87
66
71
93
62
82
84
85
64
86
70
61
71
60
65
71
62
71
72
69
70
83
78
74
48
66
71
63
70
87
76
78
62
73
62
72
73
71
76
66
77
71
72
65
77
62
59
87
86
54
56
83
62
85
80
67
70
61
83
75
80
56
76
79
73
67
83
63
88
78
60
69
73
85
67
66
80
77
63
59
97
66
65
67
71
72
67
71
76
88
70
64
81
74
80
75
58
73
71
80
72
73
55
84
82
74
74
64
75
96
77
83
68
75
75
74
76
67
87
58
79
90
69
68
93
70
58
69
61
87
61
80
73
52
64
74
71
74
71
70
69
69
72
76
61
75
64
63
84
86
70
72
55
65
66
64
64
75
75
86
77
68
65
55
70
61
54
72
69
61
66
73
59
83
59
69
70
86
86
64
79
68
60
80
66
78
64
59
63
70
78
69
52
81
70
72
72
66
69
54
83
69
79
81
64
73
70
67
62
70
56
51
51
65
73
76
63
69
76
66
60
78
67
51
55
64
77
82
62
85
51
74
63
82
65
82
78
75
70
74
64
63
82
78
55
69
74
71
82
61
79
63
69
68
68
57
74
62
92
63
68
62
61
51
57
84
64
78
61
55
75
77
57
63
67
80
79
66
84
66
53
76
62
60
58
66
56
64
58
73
79
73
68
66
63
72
56
68
62
73
59
77
53
87
62
60
71
76
64
74
60
67
63
70
57
72
88
57
67
74
69
69
72
66
64
66
73
60
54
71
74
67
74
78
71
62
73
72
69
58
66
78
84
73
74
62
65
56
72
69
74
64
85
63
76
73
79
68
65
57
77
64
77
73
61
79
78
76
70
54
64
65
62
61
64
71
81
72
85
66
62
62
68
63
63
81
69
57
80
58
73
79
69
71
79
76
73
66
86
68
66
61
58
83
66
61
55
55
84
77
59
62
68
73
65
67
56
73
69
72
73
72
89
74
80
83
75
70
73
62
65
56
68
67
80
55
81
81
59
62
79
66
70
67
75
69
87
75
71
86
74
69
78
65
70
71
58
66
72
65
77
70
72
68
63
62
70
67
69
72
62
66
66
64
80
60
89
83
73
82
69
75
85
73
73
65
65
75
81
82
86
75
77
68
85
71
81
87
72
72
68
71
66
70
65
86
76
70
75
70
71
72
76
80
72
69
80
85
69
71
82
64
72
84
78
80
81
74
74
69
79
75
77
92
103
77
85
93
73
78
77
79
89
83
81
88
87
86
92
70
68
82
78
79
71
87
88
87
82
82
71
84
88
90
67
103
90
82
81
84
90
90
78
89
91
79
103
92
85
93
77
72
99
79
81
80
100
97
107
80
99
98
89
115
83
94
108
75
73
96
86
89
100
90
102
97
100
99
89
94
80
100
113
110
97
92
112
93
100
116
95
87
86
84
84
103
105
94
75
115
102
96
113
115
101
128
93
106
84
117
98
104
103
100
108
105
108
85
99
132
107
106
96
87
121
103
97
97
130
113
103
133
129
108
123
125
134
123
119
101
108
107
116
134
124
119
134
125
120
100
133
129
121
154
118
131
128
132
125
129
113
124
110
125
136
125
130
134
133
143
151
104
126
131
116
147
126
138
130
145
130
140
143
137
120
145
142
149
127
131
148
121
126
137
150
127
160
139
157
163
151
159
151
151
137
156
166
155
142
139
167
167
131
164
143
140
149
152
166
154
153
160
173
158
193
173
184
169
173
150
166
162
157
161
159
184
147
172
188
168
166
159
166
181
154
175
174
159
154
156
149
156
182
206
195
160
191
195
197
150
179
198
183
138
180
166
202
170
183
203
206
181
201
189
213
186
181
186
188
199
184
167
177
203
183
219
210
195
213
194
163
187
202
174
213
200
186
207
230
231
213
207
222
211
192
182
206
197
185
189
215
215
201
211
187
203
224
229
202
210
210
209
208
231
210
203
210
229
203
194
217
203
213
205
215
232
202
193
208
223
234
217
223
209
202
211
218
215
269
232
213
201
216
209
216
186
242
204
213
192
228
219
224
198
231
226
239
212
205
193
192
228
209
211
209
215
222
213
221
211
237
230
200
222
233
242
228
186
228
218
245
236
215
224
218
212
231
192
233
225
209
222
214
208
222
210
223
230
213
248
219
204
203
197
197
190
202
209
227
205
209
201
219
219
194
205
203
208
208
204
203
229
201
203
180
194
206
190
207
194
197
225
201
217
192
202
196
152
191
203
195
192
187
205
202
183
191
187
198
174
190
209
179
198
172
184
167
189
201
179
177
196
179
169
185
205
165
170
167
179
183
178
182
191
173
196
172
178
170
187
169
175
158
176
171
172
162
173
159
155
178
162
175
157
168
167
160
165
159
163
141
179
164
167
154
153
142
144
146
143
159
137
157
153
142
152
152
137
155
137
139
144
127
132
124
132
123
112
127
122
129
149
118
134
123
119
112
119
142
113
112
130
118
119
133
109
117
110
129
123
129
101
113
107
117
102
115
133
96
103
105
110
94
99
107
86
108
90
104
102
98
92
103
102
92
95
100
104
103
100
99
84
110
97
101
80
81
88
97
82
70
75
86
90
85
99
76
76
85
81
72
79
75
67
85
77
79
77
65
70
71
75
61
54
64
72
69
77
66
65
78
68
86
75
60
64
65
68
64
53
60
64
73
73
64
58
61
53
60
69
61
43
59
77
64
53
69
58
70
54
55
52
51
68
61
69
46
52
59
58
49
59
45
45
52
47
48
44
55
57
43
36
52
56
47
50
61
51
43
47
41
52
38
52
34
47
53
52
50
47
50
48
47
43
44
51
46
53
36
40
34
38
38
54
40
41
30
44
33
49
35
43
40
36
35
54
52
39
36
56
41
47
52
52
44
41
46
41
40
36
44
38
44
35
46
30
50
43
52
29
32
42
45
37
41
46
46
47
46
51
40
54
43
38
39
46
62
50
50
47
42
32
40
48
41
37
41
44
40
45
40
53
43
37
46
47
44
47
57
38
46
43
34
47
43
52
39
50
56
36
51
57
54
36
44
54
50
39
40
55
63
48
49
37
44
47
64
59
62
50
48
50
40
47
52
57
53
58
49
58
53
47
50
58
38
64
53
57
54
60
56
68
60
49
52
57
50
66
62
84
54
69
62
67
70
65
67
69
77
44
69
53
53
68
55
66
70
67
57
64
70
67
71
75
75
81
65
61
70
65
56
69
60
73
77
79
64
65
73
63
82
62
73
66
78
87
81
71
80
81
78
73
73
72
88
77
76
80
88
75
85
89
78
82
72
84
84
74
85
75
94
79
85
85
76
75
89
99
95
85
87
81
96
97
93
94
82
86
69
87
95
86
98
79
102
105
105
94
108
85
109
107
96
120
97
110
92
111
117
106
101
95
109
100
106
118
99
100
102
115
107
99
112
110
117
113
97
106
113
131
122
119
125
120
93
120
131
116
124
109
115
119
119
103
102
112
114
117
121
112
108
126
125
115
126
116
124
127
118
133
139
122
137
146
117
133
123
147
169
133
135
137
134
124
132
131
120
124
141
155
143
145
128
128
123
125
127
121
126
126
129
139
155
143
154
136
146
138
140
153
159
156
127
156
148
143
154
137
145
162
134
155
143
160
140
156
138
141
152
166
166
134
142
133
163
158
158
175
146
126
156
170
156
178
165
170
161
185
169
160
151
161
190
169
183
185
155
179
158
167
200
169
168
188
186
166
164
180
159
194
184
192
179
183
149
176
166
159
175
169
194
175
169
180
177
171
153
155
180
187
177
174
172
161
160
184
164
198
173
190
181
164
197
161
199
208
175
181
189
182
153
180
164
156
204
190
195
183
175
175
185
191
171
186
184
195
183
188
182
167
204
181
201
184
188
167
150
191
186
150
193
169
212
184
187
161
184
188
178
161
169
153
168
195
189
191
165
155
167
192
178
184
198
180
190
164
172
188
183
186
172
171
178
182
192
194
196
153
172
174
164
187
168
167
167
157
181
160
170
176
145
141
165
151
165
178
191
167
170
157
158
194
158
150
148
160
177
144
159
138
155
157
168
185
159
151
157
150
166
144
134
162
145
165
151
143
150
149
158
145
166
137
135
155
151
136
146
128
140
121
132
150
124
140
146
114
116
133
131
140
135
135
138
157
109
124
123
137
158
135
128
131
140
122
114
157
132
132
111
129
103
134
97
113
111
99
111
107
115
121
115
109
127
122
114
113
108
106
101
117
118
101
134
104
114
104
106
107
123
108
95
101
120
95
106
97
92
78
113
111
113
82
88
95
99
87
87
103
96
111
93
82
80
88
82
89
73
82
84
91
70
97
97
78
86
78
76
73
74
68
70
74
81
65
69
79
81
70
74
75
66
73
85
61
80
73
57
68
73
61
55
60
59
63
54
72
45
76
47
74
51
53
64
54
56
59
63
65
69
52
47
37
36
54
51
50
56
46
52
34
44
40
59
41
41
57
47
36
48
44
31
45
59
35
47
41
29
33
38
36
39
49
27
32
47
41
39
40
35
34
46
33
35
29
28
31
40
29
37
30
38
25
30
19
42
36
32
31
24
31
28
18
31
26
21
27
28
23
27
32
24
18
22
30
24
18
34
23
23
21
17
19
27
23
24
16
21
19
18
17
19
16
23
17
24
21
23
18
17
30
19
16
14
30
20
18
10
16
17
14
20
17
17
20
18
12
10
13
14
11
22
8
7
13
17
14
14
12
14
16
7
14
21
18
10
12
14
15
5
16
16
9
11
12
10
10
16
6
13
7
10
6
6
8
6
7
8
15
9
10
8
16
6
10
7
11
8
8
8
8
17
14
8
1
9
9
6
12
4
6
13
10
8
4
3
8
9
11
19
7
9
8
9
6
7
3
7
7
6
11
12
5
7
5
5
3
9
9
9
3
5
7
8
8
9
10
3
8
2
5
7
7
4
5
9
5
0
4
2
5
1
4
4
5
4
5
3
7
6
5
3
5
4
4
5
3
7
3
7
4
4
2
2
6
3
5
1
7
7
1
7
5
4
3
5
3
4
3
5
3
3
2
6
7
1
4
3
4
2
3
5
7
3
5
1
2
5
6
6
4
11
2
2
4
6
1
5
4
9
4
2
3
2
3
5
3
3
7
4
5
5
3
3
3
4
4
6
0
3
5
10
5
5
4
2
4
2
4
2
1
2
1
3
2
2
2
2
5
4
2
4
0
4
4
1
6
4
5
5
5
3
4
2
5
1
0
4
2
4
5
3
5
3
1
2
2
5
4
2
1
3
3
2
5
3
5
2
4
1
5
3
3
3
5
5
3
2
1
3
3
4
4
4
7
2
2
4
0
4
4
5
5
6
4
5
2
6
4
2
2
6
1
1
2
5
0
6
3
0
4
1
6
2
2
5
2
3
2
5
2
5
6
1
8
1
1
5
3
1
1
1
3
2
2
4
5
4
5
2
1
3
1
3
3
2
2
1
5
5
4
6
0
4
4
4
4
3
2
1
1
5
1
2
3
4
3
5
4
3
5
1
3
4
6
3
3
5
5
2
4
5
3
3
2
4
1
4
3
8
6
9
3
2
3
4
3
0
3
4
5
3
4
7
4
2
2
6
4
4
3
4
2
1
1
3
8
3
1
1
5
1
0
3
2
5
4
4
4
3
3
2
3
5
5
2
3
1
2
3
5
2
3
2
6
1
4
3
1
4
1
4
3
3
5
5
2
4
1
1
5
2
2
1
4
4
1
3
5
5
1
3
1
0
2
3
2
3
5
5
4
6
2
4
3
1
2
2
3
3
9
2
0
3
3
5
2
0
2
3
7
2
2
4
4
1
3
5
2
2
4
2
4
2
1
2
2
1
0
4
2
4
7
3
1
2
4
4
6
0
4
4
2
1
0
3
4
2
3
2
4
2
3
2
1
0
3
0
4
2
1
4
2
4
2
2
3
2
0
2
1
4
5
0
0
0
9
4
0
1
4
2
3
2
6
2
3
6
3
4
4
3
2
4
2
4
5
2
2
2
6
2
2
4
1
3
3
2
3
1
6
3
0
5
3
7
2
2
3
6
1
1
3
3
4
0
4
3
3
1
1
3
2
4
2
5
0
1
2
3
2
2
4
2
3
3
1
3
4
1
2
4
1
0
3
2
1
3
6
3
0
0
5
2
1
4
1
1
5
3
3
3
4
2
2
3
4
1
5
2
2
3
4
2
1
6
0
3
0
3
2
3
5
2
0
2
4
3
4
2
3
4
2
5
1
2
3
2
4
5
1
2
4
3
3
3
4
1
3
2
3
4
4
2
0
1
7
2
1
3
1
0
2
1
4
4
2
2
2
2
0
3
2
1
2
3
1
2
5
4
3
0
4
2
2
0
4
3
0
4
0
3
5
3
3
2
2
2
1
4
3
0
1
2
4
4
2
5
3
3
3
5
4
1
6
1
2
1
0
4
5
3
3
4
3
4
0
2
3
5
40
42
49
50
41
43
55
49
39
43
51
36
40
44
39
41
32
38
54
31
51
41
39
55
42
55
43
49
40
45
43
52
41
54
49
45
52
51
34
30
52
35
36
38
32
43
41
45
39
44
37
58
55
50
43
42
40
51
40
34
35
44
43
49
50
39
38
35
41
52
34
53
36
44
33
33
49
34
44
39
41
56
33
40
42
42
44
36
48
32
54
49
38
43
33
41
49
42
43
35
45
48
47
37
32
43
31
32
37
38
34
39
41
41
37
39
38
35
35
49
52
33
38
51
49
35
48
19
