0
0
0
0
0
0
0
0
0
0
0
0
0
0
0
0
0
0
0
0
0
0
0
0
0
0
0
0
0
0
0
0
0
0
0
0
0
0
0
0
0
0
0
0
1
0
0
0
0
0
0
0
0
0
0
0
0
0
0
1
0
0
0
0
1
0
0
0
0
0
0
0
0
0
0
0
0
0
0
1
0
0
0
0
0
0
0
0
1
0
0
2
0
2
0
1
1
0
0
0
1
1
0
0
1
0
0
0
0
0
0
0
0
0
0
0
0
1
0
0
3
1
2
1
0
0
0
1
1
0
2
1
0
1
1
3
0
5
1
5
4
0
2
3
6
1
4
2
3
3
3
3
5
3
9
8
2
3
1
1
0
1
0
0
0
1
13
30
50
44
87
73
80
78
85
85
90
84
58
88
85
92
87
75
74
88
88
81
85
71
93
79
87
79
74
81
84
85
89
84
85
93
99
106
91
99
84
88
72
81
81
81
79
109
88
93
89
82
81
112
113
80
67
91
75
98
96
86
105
95
88
78
109
85
88
80
109
86
67
99
73
95
93
85
94
98
93
86
76
100
95
87
87
102
95
74
82
80
106
93
91
106
88
87
81
89
91
98
93
84
90
91
93
107
99
94
97
85
85
107
72
79
105
95
108
78
100
102
97
84
103
85
102
73
93
99
85
112
92
97
98
103
80
94
103
83
82
79
76
72
83
89
90
84
115
86
120
85
76
100
104
93
101
101
88
96
88
88
84
101
71
87
106
96
116
86
90
85
87
87
80
93
87
87
121
94
99
106
85
94
103
95
95
87
95
78
108
101
96
116
107
86
92
89
99
79
96
98
113
92
108
116
109
95
107
91
81
94
99
98
78
95
107
91
92
92
84
98
81
81
116
109
113
84
106
93
120
113
88
107
100
95
101
85
110
111
110
92
88
104
89
104
99
88
103
101
94
97
84
102
110
103
94
105
107
89
101
112
94
131
100
93
90
103
101
102
118
98
101
99
91
90
87
108
88
103
110
93
93
86
111
100
104
86
97
120
106
101
94
94
97
102
113
118
107
111
92
102
104
89
101
94
94
91
91
108
110
91
95
103
96
103
90
123
99
112
83
91
96
96
93
107
95
84
97
81
92
87
98
112
110
94
100
104
87
115
86
97
89
97
106
103
102
91
92
118
122
111
86
94
107
102
111
106
93
101
89
103
119
113
111
104
110
84
88
102
103
107
87
100
117
89
104
90
93
99
107
89
84
74
92
99
102
114
93
112
107
106
105
106
99
107
83
111
86
86
100
89
85
79
99
111
104
109
95
101
93
101
117
95
106
91
92
87
100
122
104
110
81
93
104
98
115
96
113
110
94
95
88
89
85
110
117
95
104
106
95
95
99
95
90
102
98
115
98
102
91
89
79
99
96
100
107
96
99
98
86
83
111
99
99
92
108
108
104
108
106
102
99
106
112
107
101
91
92
102
108
98
101
95
116
85
108
115
90
102
95
93
92
100
88
103
124
109
91
113
92
102
105
113
89
89
103
112
104
97
100
97
98
105
94
112
107
106
109
106
94
109
94
106
107
101
97
105
116
106
123
114
91
112
118
98
104
97
127
111
110
86
101
102
99
96
113
108
97
112
95
89
100
85
92
103
98
96
114
91
89
90
103
88
86
96
103
101
110
95
95
114
103
102
119
98
81
109
116
96
122
104
111
120
123
90
116
111
103
103
120
118
128
101
122
91
107
100
113
98
88
116
87
93
99
106
114
98
117
103
99
86
103
108
94
108
109
106
104
114
103
113
94
101
104
105
96
97
97
96
115
95
96
102
97
81
112
115
114
107
93
108
107
115
104
103
109
119
89
105
108
117
113
92
103
92
93
102
104
100
108
102
112
90
112
100
116
103
124
103
95
88
110
105
94
107
100
111
103
114
109
101
100
107
105
97
118
91
116
101
109
106
117
103
99
100
102
110
106
94
110
89
116
103
110
114
104
93
116
103
105
99
132
95
107
124
110
104
116
109
96
112
129
96
111
114
104
99
94
86
125
96
87
93
99
113
125
105
100
99
110
106
126
102
93
102
120
114
114
110
104
101
96
115
108
105
104
110
104
103
126
101
110
116
106
109
113
114
125
119
102
104
115
118
111
91
117
107
108
105
92
97
117
120
112
105
110
119
126
103
95
108
99
90
110
114
112
101
106
119
114
105
94
94
126
108
101
114
120
121
118
124
106
103
100
126
104
115
125
111
102
107
109
119
128
108
126
120
127
104
97
132
97
110
126
116
96
115
107
105
120
102
119
100
110
101
109
100
112
100
100
105
106
131
113
104
107
105
104
100
115
103
102
115
121
103
134
98
103
103
121
118
128
122
109
111
85
108
107
97
119
102
115
101
121
106
106
105
110
130
130
102
122
103
123
117
123
134
110
127
125
135
108
131
128
126
122
143
100
106
120
123
119
119
120
121
104
111
115
124
115
112
115
119
111
123
110
131
127
117
102
115
122
122
117
127
116
135
136
117
117
137
99
111
116
113
110
129
111
135
128
117
119
119
121
124
108
108
100
123
114
130
128
120
115
125
147
129
124
111
132
117
107
124
130
118
122
111
123
119
132
128
136
141
129
113
132
134
107
112
124
113
105
140
110
120
111
109
126
104
115
113
119
130
128
120
119
140
123
125
125
157
138
143
107
124
131
123
148
128
129
120
119
127
139
116
130
115
129
135
128
126
125
122
127
151
132
117
123
123
130
128
129
135
122
132
148
120
119
134
137
129
131
99
137
118
125
111
128
137
126
137
116
144
140
140
116
107
130
122
137
121
133
125
126
135
137
130
115
140
129
125
135
117
135
133
128
127
128
120
124
124
141
144
150
129
139
128
118
120
154
132
131
111
136
108
128
125
115
131
127
138
143
145
119
151
138
115
124
136
149
139
121
123
134
145
123
120
111
124
131
145
128
141
124
143
126
138
126
140
128
145
123
135
115
123
138
118
129
129
130
129
135
140
125
132
137
119
140
113
141
128
125
126
118
122
124
127
119
124
114
131
144
112
133
141
111
131
131
131
121
115
125
138
117
134
129
126
132
137
124
93
108
114
121
122
132
129
135
120
111
121
101
124
128
122
124
124
125
133
124
127
109
140
121
110
117
132
121
112
122
116
99
120
131
128
110
111
120
113
114
126
118
129
105
121
115
106
117
118
121
125
121
109
126
124
109
114
96
115
136
102
107
95
115
120
98
135
127
118
114
126
127
121
121
120
105
142
113
115
110
131
118
126
105
129
116
120
128
128
128
108
124
132
102
118
111
125
125
118
116
126
116
121
128
99
101
104
128
130
131
99
119
113
128
99
119
113
112
119
113
121
110
128
116
95
141
127
121
128
111
110
113
106
101
115
113
115
132
128
119
108
123
112
126
129
141
127
113
109
124
111
124
115
144
129
102
101
106
107
119
114
124
101
122
106
126
123
107
115
109
125
99
124
97
117
109
108
103
122
106
106
115
110
119
109
102
112
135
113
101
105
128
136
94
110
125
121
108
105
105
117
98
123
110
127
126
112
98
112
100
110
111
112
117
133
108
101
115
105
95
110
125
117
122
120
106
122
105
108
108
118
130
112
102
89
106
104
108
123
108
114
113
120
107
103
118
103
117
131
106
131
109
121
119
113
105
113
95
112
110
90
110
124
137
104
102
90
109
118
129
100
134
112
121
115
117
113
112
105
103
103
104
119
94
104
117
107
108
102
119
126
132
119
99
98
97
119
131
93
86
139
115
93
109
104
126
115
102
86
95
102
109
103
111
96
108
128
101
113
112
108
104
126
121
98
117
126
110
110
96
108
96
105
104
95
96
100
93
117
106
108
121
111
113
113
89
96
110
107
114
99
118
116
96
102
112
114
122
121
131
94
120
133
112
95
91
120
115
91
104
117
107
82
105
113
118
132
107
109
125
104
106
100
88
104
111
119
104
85
108
101
132
78
103
111
96
108
136
113
111
109
101
116
111
104
93
108
113
108
103
89
99
102
100
106
108
109
93
113
87
104
98
110
113
106
88
107
114
108
94
84
97
100
116
124
94
107
105
90
107
101
105
107
106
101
85
100
91
114
95
85
100
96
114
107
99
106
111
95
96
98
94
94
105
116
109
91
103
112
88
115
116
115
104
97
108
108
118
107
106
102
96
116
92
94
103
97
106
94
104
114
106
94
115
105
105
102
77
106
89
104
103
109
94
101
115
103
95
96
110
104
115
108
100
93
108
107
108
129
126
108
98
93
113
104
105
104
74
97
93
113
91
104
115
96
116
97
82
84
111
113
118
96
113
108
101
98
101
103
86
107
114
104
105
94
109
104
104
107
108
85
85
105
99
90
112
98
124
89
110
110
112
113
85
87
89
94
97
104
104
115
96
93
82
95
114
92
93
98
105
97
118
115
100
96
101
101
108
100
114
102
92
94
97
89
105
89
95
109
96
96
113
90
98
97
86
107
113
89
93
112
103
96
90
115
99
106
90
86
98
84
93
103
92
108
94
105
89
94
95
83
90
95
106
111
102
91
115
98
93
86
96
91
95
103
101
116
91
90
100
91
110
97
118
108
119
89
94
93
88
109
85
97
104
96
115
97
87
87
96
105
91
103
98
105
93
86
110
108
84
95
102
93
95
99
102
107
104
90
98
103
94
93
110
107
104
105
92
119
108
90
113
99
94
68
110
82
93
96
94
112
98
77
108
103
107
105
94
96
89
112
125
91
105
103
90
120
105
91
97
101
94
97
99
105
90
92
102
104
94
92
114
109
100
95
91
113
101
93
90
100
110
88
98
89
90
105
99
104
91
86
110
99
92
103
93
105
104
92
112
105
96
104
123
91
110
98
101
104
94
106
123
104
82
101
91
89
133
89
110
80
111
111
94
104
90
88
101
107
106
98
77
86
93
86
106
99
81
80
89
87
95
110
112
103
91
88
91
109
96
84
92
109
126
106
102
94
98
91
110
107
84
109
76
92
81
99
92
97
112
84
109
81
94
81
114
93
102
121
95
82
118
91
96
110
90
105
96
102
101
95
114
115
117
93
93
99
93
96
88
88
80
101
96
107
104
97
95
88
101
109
92
96
93
106
96
113
97
105
91
105
105
92
92
99
118
97
92
87
96
108
102
91
87
105
106
93
97
96
83
99
110
98
114
105
87
107
103
98
107
81
93
97
87
98
98
86
96
98
107
105
85
92
95
97
93
107
85
99
84
120
92
88
95
73
98
90
107
98
87
109
115
94
93
92
92
85
107
105
92
101
100
93
98
89
89
108
95
71
89
81
90
91
91
93
87
102
120
73
98
93
87
114
103
91
88
95
90
90
98
90
73
97
91
106
105
89
110
97
91
88
82
89
99
90
104
81
100
90
107
98
93
95
113
101
87
95
84
87
96
93
91
108
99
79
87
91
95
98
86
100
120
103
106
102
78
86
92
107
85
88
86
89
91
101
100
106
83
118
77
93
92
91
104
91
91
103
85
99
84
100
95
76
89
102
100
88
88
102
99
83
105
94
91
111
94
95
87
98
97
97
83
91
95
97
100
117
100
97
86
88
120
101
90
84
108
107
85
100
86
120
110
75
92
102
93
102
110
102
106
97
98
88
99
104
90
95
103
81
96
116
78
101
79
90
85
99
95
95
92
97
89
87
82
81
103
105
77
94
99
95
86
115
78
90
81
87
96
96
90
91
96
88
85
90
88
112
86
89
83
92
83
94
89
85
105
102
101
89
90
90
86
100
79
73
104
87
89
97
97
109
92
104
109
102
92
104
90
89
110
91
94
72
99
91
104
91
99
90
89
104
82
103
101
94
83
122
93
100
124
71
106
81
83
110
94
108
90
97
92
82
96
113
114
91
98
87
98
96
92
101
85
87
86
86
101
80
98
86
96
89
92
89
88
75
89
93
104
93
97
92
102
87
88
82
74
104
88
102
93
91
97
75
93
70
101
89
99
92
100
102
91
91
97
99
104
95
93
91
98
98
73
94
92
89
93
94
86
82
120
85
83
102
91
93
83
96
92
95
65
87
102
81
90
112
114
76
89
102
101
114
94
117
91
104
101
94
100
101
95
101
110
99
110
87
85
99
91
102
87
102
97
92
88
108
79
94
91
84
79
110
94
102
102
85
99
93
98
79
80
93
98
86
104
100
104
92
88
98
95
103
94
98
93
90
91
103
84
84
104
96
100
93
89
95
92
96
110
89
85
102
75
100
89
73
98
99
93
86
98
100
100
80
97
100
90
100
85
99
89
92
96
93
86
86
96
98
86
109
82
94
94
88
88
91
104
85
85
89
94
113
85
88
89
84
98
81
105
92
100
82
106
98
80
85
110
88
91
111
80
92
94
99
83
78
107
103
96
90
107
92
110
79
115
98
96
77
85
120
99
89
93
82
88
82
111
108
83
104
92
92
85
93
84
96
107
92
89
101
97
98
76
86
97
100
99
96
85
99
89
99
116
89
94
89
112
94
91
91
92
92
91
77
91
95
94
80
95
94
108
91
88
87
95
86
100
86
90
87
64
98
89
103
118
66
78
99
101
96
73
104
88
82
98
94
88
85
87
99
88
69
94
91
91
96
102
77
101
86
91
97
72
92
102
89
94
82
94
126
101
82
103
99
97
106
93
97
82
84
91
89
101
103
81
87
88
103
75
97
105
100
107
87
96
88
88
89
84
89
99
105
94
85
116
95
99
106
80
96
100
104
94
100
85
94
97
106
83
104
99
96
110
79
85
90
98
82
103
82
99
102
89
89
106
102
91
95
77
85
95
79
94
112
93
89
101
94
84
106
100
84
82
89
92
89
100
98
90
91
110
83
104
119
86
104
74
73
105
73
85
94
96
102
106
104
104
100
91
110
81
89
119
90
124
85
115
84
90
99
91
87
98
111
93
92
116
92
102
78
100
97
107
105
108
84
113
84
92
91
96
106
104
87
104
76
92
99
104
89
93
101
113
110
108
77
90
83
97
100
86
77
96
96
91
103
93
80
99
79
102
85
97
106
82
87
71
89
88
97
95
88
106
96
102
116
94
87
87
96
109
101
88
110
92
99
89
95
96
114
92
105
105
79
81
100
106
74
99
82
106
82
89
87
94
113
96
91
90
121
104
112
89
100
104
91
96
99
77
111
92
100
87
105
97
110
95
98
69
102
104
85
105
96
85
98
99
111
92
101
79
85
102
89
93
98
96
118
112
84
89
94
92
93
99
94
95
106
86
81
94
90
74
108
97
74
90
107
91
88
101
98
104
77
92
93
83
82
101
85
97
97
105
99
89
117
104
89
100
84
108
98
85
107
97
85
108
93
94
101
92
96
93
82
98
91
103
103
96
92
100
91
104
115
111
92
104
93
94
102
86
96
103
80
94
99
88
108
97
84
98
106
92
100
96
94
102
101
90
92
66
107
77
106
97
94
92
98
96
97
99
86
105
95
85
99
89
78
92
90
81
96
88
116
100
103
89
88
91
82
86
85
103
88
80
88
109
111
88
110
86
96
87
98
84
95
91
107
94
125
75
104
98
98
90
93
77
78
100
96
83
86
105
91
90
107
113
95
92
82
109
108
83
122
100
88
100
98
100
79
93
83
95
83
92
96
92
93
102
96
112
95
99
106
115
92
83
97
86
99
98
110
104
85
100
108
102
84
94
101
112
92
91
96
96
103
96
88
80
100
106
114
102
98
117
108
98
91
82
77
88
97
115
97
99
82
83
93
81
92
90
101
94
103
107
85
113
97
101
93
106
96
91
91
104
112
91
100
98
98
96
88
99
98
97
105
106
99
92
103
101
96
111
90
100
111
101
94
102
88
105
95
118
74
104
111
121
101
95
98
88
96
99
77
85
89
100
100
93
113
90
104
102
82
85
82
83
91
88
104
99
100
89
91
97
97
117
87
94
101
105
95
113
99
101
88
93
94
105
90
89
94
87
86
108
107
102
107
111
114
76
107
96
97
81
95
107
95
87
90
97
76
90
101
111
89
85
107
98
101
118
82
103
97
103
102
108
91
69
98
89
90
93
88
106
79
106
115
100
105
102
106
96
106
116
92
92
104
112
79
91
111
101
91
111
99
104
104
100
95
110
100
103
107
107
103
105
96
105
111
89
120
97
98
90
103
97
96
109
97
107
105
102
94
90
80
99
87
106
109
107
95
93
115
91
86
101
91
104
97
107
104
102
98
87
103
85
92
102
91
90
104
105
112
101
110
92
85
94
115
79
94
85
104
104
91
91
100
90
108
110
103
97
132
109
105
101
92
101
94
96
88
109
99
107
97
113
129
103
101
98
101
105
89
103
92
97
113
91
96
100
101
93
86
112
95
92
97
105
116
92
97
105
112
106
101
90
97
76
87
95
95
86
96
116
88
101
90
86
111
96
99
96
106
92
93
92
102
107
122
105
110
85
98
122
121
105
95
108
110
118
100
116
103
92
93
109
114
93
79
105
106
102
93
88
101
104
90
91
102
95
107
111
101
104
93
106
91
116
103
118
102
123
124
90
84
95
91
101
93
104
104
111
99
102
100
104
97
101
91
99
98
120
88
111
95
106
79
101
105
105
114
100
107
88
112
96
102
117
92
104
94
104
95
104
96
99
82
93
95
117
99
86
105
96
87
107
113
96
102
106
107
78
121
109
106
110
97
105
101
93
98
96
92
102
89
108
101
93
111
92
97
105
100
94
101
115
101
100
107
103
98
95
107
104
99
97
89
93
91
99
110
105
118
110
90
104
117
100
102
93
109
106
98
91
107
86
97
120
99
113
88
116
91
111
102
107
119
103
86
95
109
108
114
98
110
116
100
127
88
90
85
117
104
85
101
98
110
102
96
116
97
95
100
95
99
106
110
89
104
116
95
104
98
115
112
118
88
97
107
102
102
99
86
114
103
117
110
89
117
97
108
84
90
81
122
89
102
83
104
87
102
97
92
114
101
109
114
88
100
119
101
109
97
102
113
105
126
103
100
107
101
80
102
107
109
106
109
97
105
113
101
90
107
103
119
119
111
112
120
108
114
110
103
101
101
127
106
82
104
112
112
122
123
108
111
96
108
103
114
117
122
124
92
101
95
103
87
96
92
120
127
80
98
115
108
99
122
103
100
97
97
105
80
129
107
111
95
93
92
65
111
115
103
111
108
116
82
129
109
107
96
109
115
97
109
105
122
117
106
97
95
114
104
118
104
120
100
111
102
109
117
107
93
130
116
105
106
111
105
127
108
126
91
103
109
101
108
108
116
109
98
102
120
119
116
102
108
111
125
102
100
106
107
89
104
109
109
102
92
115
96
111
119
107
82
115
109
106
104
105
104
98
112
108
90
119
101
116
108
111
113
112
104
109
97
119
94
99
100
88
100
115
110
93
88
103
110
106
90
119
116
103
107
111
95
108
110
102
101
96
137
99
107
104
108
88
106
111
100
116
113
102
125
112
101
100
113
123
90
113
110
113
102
115
113
102
112
85
123
89
114
96
114
114
99
101
118
80
110
113
110
100
101
130
97
102
108
98
99
114
95
102
93
110
92
117
117
107
110
99
112
96
108
91
113
91
122
108
105
108
118
106
103
114
108
102
121
112
102
113
104
101
105
87
115
97
96
127
108
125
116
100
109
105
124
95
117
103
113
96
110
112
117
100
101
106
121
124
118
106
100
102
111
112
119
117
98
113
95
101
120
116
95
122
126
112
118
108
122
122
112
115
118
105
98
129
97
122
98
109
124
110
126
106
111
120
97
117
106
125
118
126
116
105
126
100
105
115
98
98
98
100
96
103
128
96
109
89
131
121
106
111
115
121
114
107
124
96
98
103
112
110
109
126
90
124
98
109
112
127
108
128
112
103
109
111
136
99
100
133
119
121
120
113
109
124
122
114
107
113
112
110
94
105
120
132
105
110
142
127
129
119
100
109
111
116
127
94
121
126
114
107
121
92
120
106
113
100
120
94
91
97
109
114
99
123
94
118
124
126
109
112
110
125
103
98
101
112
94
117
124
101
115
113
109
104
97
132
141
121
116
136
117
103
111
111
120
108
95
97
119
107
109
126
118
121
126
131
131
105
113
119
118
131
117
128
122
118
134
120
129
116
115
113
116
133
100
111
115
116
110
122
89
137
121
106
119
129
122
112
104
124
120
109
111
125
102
108
122
112
121
108
115
127
146
124
125
107
119
119
114
118
122
116
123
116
110
123
133
112
104
109
127
108
111
116
107
130
108
103
91
109
121
118
116
105
131
128
98
119
127
116
124
120
101
115
110
109
104
114
139
111
118
131
114
120
118
101
135
108
111
123
116
88
106
95
100
116
140
121
123
104
121
125
143
126
91
123
98
114
134
105
103
129
137
108
102
134
124
135
120
131
110
101
122
119
119
112
128
97
126
102
130
107
112
109
133
108
104
127
148
122
114
125
118
126
119
147
122
118
129
104
145
113
114
128
120
104
108
123
116
105
114
108
106
100
123
119
123
118
131
136
111
127
115
109
124
120
127
113
109
123
128
105
91
121
107
96
123
116
116
131
128
118
126
130
116
127
106
122
107
118
114
112
114
110
134
116
132
118
108
112
103
122
121
126
115
128
120
114
136
120
119
115
133
100
123
121
96
124
122
121
114
144
118
115
120
102
105
115
125
118
97
114
128
107
129
102
107
136
122
118
111
109
118
112
111
118
112
110
109
128
97
118
112
107
109
109
107
121
113
112
128
108
123
115
112
120
107
110
104
132
109
110
118
121
105
127
129
113
123
116
110
112
103
134
104
123
108
110
109
111
100
94
109
112
120
121
109
123
87
119
108
112
123
121
114
109
103
100
109
113
101
126
110
123
137
114
108
130
93
105
107
107
136
109
110
118
113
108
108
125
112
114
106
123
103
108
120
102
104
121
120
120
108
115
115
107
112
133
106
114
109
120
104
108
123
116
106
118
106
125
87
126
101
108
121
127
101
109
102
107
93
98
118
108
97
105
91
113
115
115
115
105
117
102
104
105
114
124
109
109
107
106
99
119
108
128
109
88
110
110
99
96
117
115
108
119
122
105
116
120
118
108
96
117
118
121
126
111
97
121
133
111
114
115
117
125
110
112
112
112
117
115
120
108
95
95
111
120
102
96
110
111
109
100
98
94
124
96
108
92
118
112
92
101
123
109
103
120
116
120
88
103
115
95
107
96
106
101
106
102
94
118
99
131
127
116
100
94
114
98
99
110
105
118
114
105
105
116
105
111
109
98
85
97
102
106
83
100
112
102
79
96
105
109
101
116
101
104
116
98
96
89
107
91
120
88
88
109
117
115
111
116
98
99
119
123
94
109
117
107
120
89
111
106
95
101
108
114
89
81
87
99
119
89
99
99
115
99
87
97
101
114
104
82
95
101
89
88
107
86
85
86
102
93
115
96
102
72
98
92
88
101
99
89
93
107
117
96
88
92
81
84
92
109
100
107
86
98
85
90
104
95
109
93
97
99
94
103
94
83
93
87
108
103
99
95
103
96
93
77
82
93
97
98
95
103
107
92
99
70
93
107
97
93
95
100
95
90
90
106
95
76
89
94
71
95
102
104
97
88
88
84
100
73
91
87
83
84
95
87
75
80
84
80
81
95
102
76
98
87
94
90
89
102
90
79
77
91
76
78
107
91
87
81
76
91
96
77
74
90
89
79
97
69
72
105
89
88
72
86
75
81
77
72
86
90
74
107
94
91
80
93
86
79
98
73
87
77
104
94
93
75
84
98
85
87
97
89
91
79
85
85
88
80
78
89
75
74
74
83
86
79
85
89
72
86
85
80
86
83
84
85
78
86
86
85
80
93
73
65
91
79
76
80
87
72
80
85
64
78
80
81
84
101
81
73
89
82
88
86
69
74
89
89
90
81
64
79
85
80
90
94
81
86
78
72
96
68
71
74
89
71
77
74
70
91
79
67
70
87
93
91
89
61
75
75
78
84
76
97
78
90
69
73
93
72
80
88
81
74
74
89
95
81
84
88
67
85
73
82
73
75
62
84
68
77
69
77
78
87
96
68
83
82
96
80
71
65
80
81
82
76
70
77
59
86
89
80
89
78
67
84
77
93
81
98
85
70
61
92
73
71
82
89
73
62
74
63
73
74
86
71
80
85
62
84
83
82
87
76
72
76
84
78
65
68
76
74
69
81
85
78
61
93
85
72
70
78
81
70
72
76
79
71
73
77
81
70
84
73
82
74
71
76
80
74
81
84
79
69
69
76
66
67
93
68
72
70
77
74
54
74
84
71
79
68
90
72
70
79
76
93
65
67
64
77
69
63
79
67
68
87
75
61
63
74
86
74
76
69
80
70
76
76
79
65
78
60
66
68
88
72
77
70
87
79
69
79
61
97
91
79
79
70
76
65
67
79
75
70
72
68
78
75
84
78
66
64
80
68
77
73
89
67
69
79
76
71
87
65
77
76
69
66
75
74
67
70
91
95
97
71
80
65
76
66
81
77
84
64
65
79
82
63
67
62
76
91
78
70
69
76
79
68
67
67
67
80
83
78
84
80
66
84
79
67
63
75
83
60
82
74
70
80
70
78
70
73
69
91
53
80
69
76
64
67
72
65
59
87
81
86
62
73
74
60
72
82
84
72
75
67
69
77
77
79
76
88
81
78
72
61
76
86
85
64
82
101
78
61
79
66
74
90
62
81
74
72
69
66
89
69
71
74
85
76
68
69
97
74
83
87
81
79
73
75
85
79
83
74
77
76
90
85
62
83
79
75
84
73
64
84
83
60
60
68
92
79
67
80
78
63
77
76
66
76
82
67
84
94
66
65
91
75
70
82
87
82
79
76
83
75
63
92
78
97
62
89
74
87
91
86
76
75
78
73
95
82
76
76
79
73
86
73
83
85
77
90
85
75
86
75
90
77
76
89
74
69
87
89
108
76
82
66
72
73
73
81
70
88
86
80
79
75
85
79
78
61
85
87
73
79
80
79
83
95
89
84
81
86
91
94
93
79
92
90
83
78
90
98
85
71
67
92
88
66
81
88
82
81
91
82
72
87
90
81
78
92
66
79
83
83
83
94
76
77
92
78
75
92
93
99
98
92
74
89
89
107
81
89
77
91
97
88
76
84
93
71
94
110
93
102
91
92
85
81
92
89
87
90
84
79
97
94
92
79
102
93
87
84
84
98
95
96
106
107
95
84
100
98
110
90
96
80
83
100
88
96
86
116
97
97
98
80
88
103
110
95
111
79
98
92
94
104
99
95
92
95
93
87
102
106
103
96
85
96
95
84
104
121
93
99
119
113
109
104
116
100
108
111
104
96
110
104
105
121
108
94
109
123
113
116
103
125
116
125
109
106
102
107
106
94
124
127
120
109
108
133
114
108
106
139
112
114
118
155
129
128
109
125
133
120
119
114
129
131
133
136
100
130
129
130
137
128
122
133
137
115
126
121
125
142
115
146
127
121
133
133
130
136
132
152
134
142
145
166
137
164
153
140
147
137
139
154
160
121
144
158
145
141
168
157
124
152
161
168
150
131
155
165
143
141
151
169
149
145
166
172
167
170
183
156
152
147
174
156
166
189
169
160
169
142
157
169
158
167
147
161
163
157
145
156
171
171
164
166
146
176
160
166
193
163
177
174
170
163
183
186
184
180
199
161
166
150
169
176
192
202
196
186
195
209
188
184
186
207
184
193
184
212
216
177
199
211
191
218
200
204
208
207
193
210
210
222
201
226
209
193
214
202
225
205
194
219
192
222
219
215
227
228
216
195
215
220
217
247
191
200
226
240
227
238
251
212
227
222
238
235
204
230
229
250
244
230
231
233
241
233
230
231
246
235
243
240
242
232
239
238
238
242
228
245
252
260
260
244
227
215
264
259
250
234
268
253
248
253
250
227
256
269
259
251
263
249
261
243
274
271
243
282
261
253
258
258
251
272
251
287
289
273
261
271
237
267
220
282
249
293
296
277
264
235
259
258
286
277
243
279
248
232
254
289
303
269
267
281
274
224
246
255
276
294
282
271
272
259
277
280
321
243
271
271
261
263
235
273
277
277
268
298
291
273
282
259
273
284
249
245
268
285
252
286
281
245
274
261
260
258
270
244
266
278
243
257
291
255
257
274
273
257
259
227
264
282
256
253
278
270
299
290
265
254
284
271
273
240
272
272
237
237
268
247
252
254
277
256
251
222
266
242
243
235
217
261
226
250
264
225
242
257
237
254
232
222
257
239
261
273
212
227
253
215
236
233
247
258
245
225
250
202
224
226
228
241
224
233
237
226
242
239
227
231
235
220
208
218
219
231
241
220
200
208
229
220
206
243
207
211
206
217
231
183
209
200
188
216
180
211
211
194
195
208
186
187
168
205
194
183
175
190
211
175
185
206
174
187
170
199
179
183
165
204
190
166
147
177
169
187
169
175
178
156
167
169
179
148
148
146
164
162
154
138
151
136
147
178
154
131
147
116
158
157
134
158
137
145
133
139
145
122
141
147
134
116
137
152
129
129
111
134
153
119
141
132
134
133
130
143
135
141
110
115
108
114
114
117
99
92
109
104
108
108
105
112
119
114
112
103
116
101
100
93
105
105
88
89
99
100
102
103
84
102
91
112
91
84
98
90
98
106
85
100
103
80
105
91
83
84
82
98
86
98
82
77
98
78
67
76
77
66
83
74
67
97
74
63
62
86
79
66
64
85
80
103
70
53
76
77
84
66
69
84
60
64
75
49
72
55
63
79
77
73
55
66
63
68
56
69
64
74
64
64
59
66
78
50
65
62
77
58
55
64
57
65
61
55
63
75
62
63
61
67
56
49
55
52
65
59
60
63
50
67
39
55
50
46
47
58
45
65
54
57
55
67
48
55
61
59
57
53
49
50
67
53
50
74
57
49
50
57
58
54
58
50
59
63
56
48
61
59
59
38
48
64
57
36
57
65
60
42
54
69
55
69
55
42
56
55
49
52
64
60
56
51
54
64
56
54
52
62
60
64
71
69
61
56
71
71
53
59
63
52
70
61
80
63
59
62
67
65
67
72
61
69
76
58
69
69
67
71
62
66
57
57
80
67
79
72
47
63
76
74
77
85
74
59
98
82
82
69
81
76
70
73
74
66
66
79
69
69
85
97
72
68
82
99
85
70
81
67
79
68
86
85
99
84
72
89
79
93
84
97
86
75
80
101
95
102
99
72
95
100
91
74
90
88
97
98
71
89
96
88
75
99
86
99
99
84
105
100
78
103
86
94
100
82
95
102
106
84
106
113
98
113
97
109
113
104
106
112
88
108
117
116
118
108
119
100
103
111
93
89
115
100
101
95
111
116
112
106
105
104
126
100
111
145
98
117
128
121
114
107
126
111
107
127
120
123
144
129
109
110
112
131
134
135
136
134
104
117
129
119
145
125
120
121
134
138
124
155
142
136
148
138
168
142
180
120
122
147
135
157
151
163
160
130
133
146
146
156
134
130
129
145
130
149
160
158
135
127
167
140
163
161
168
161
167
163
140
171
137
178
148
162
176
169
173
187
164
160
160
173
169
183
164
175
158
168
200
201
156
166
158
186
185
188
178
184
186
158
175
167
173
193
189
174
193
168
163
177
185
184
190
183
184
200
169
191
175
179
203
180
179
203
202
175
171
197
190
174
202
198
219
187
184
222
193
196
201
218
214
193
208
200
212
219
212
215
204
211
215
184
208
210
230
197
192
216
215
214
222
199
196
217
230
219
249
224
210
215
212
195
211
225
211
211
221
195
248
221
202
227
218
233
220
207
219
232
214
199
213
200
210
234
232
210
192
197
212
208
233
248
219
233
234
206
234
217
222
274
213
206
202
194
198
199
213
224
212
227
251
203
247
197
211
201
204
216
220
213
209
221
228
215
219
230
231
230
229
233
212
220
258
233
215
213
231
230
216
223
271
249
225
216
226
203
202
225
239
222
203
234
251
209
208
225
220
226
211
231
203
250
171
213
219
209
242
193
212
215
224
196
231
232
191
198
225
219
193
197
203
228
224
212
190
217
234
202
189
171
215
207
189
183
229
197
208
198
185
165
208
209
188
190
173
227
214
186
173
184
178
191
187
198
192
205
168
175
191
185
191
181
193
191
173
185
203
182
170
176
179
166
166
186
169
177
166
191
178
172
170
178
180
173
161
151
159
183
173
129
161
168
155
170
157
147
152
167
140
146
167
174
149
157
148
140
159
159
153
157
118
150
132
146
157
123
131
121
143
147
122
128
127
142
134
143
143
136
121
153
149
122
144
133
138
117
129
121
120
119
106
129
116
121
117
133
136
123
129
114
126
100
110
107
92
132
113
100
119
91
97
92
97
99
108
87
100
99
112
100
94
86
93
83
86
96
90
104
77
101
75
86
83
101
86
96
92
89
97
85
82
100
73
82
74
59
76
88
68
89
73
60
91
73
92
77
72
66
70
52
60
66
71
66
65
73
73
61
49
62
62
49
61
66
59
61
68
51
60
48
50
55
45
54
57
67
52
60
64
55
43
43
48
60
58
63
53
43
49
38
50
38
66
46
41
33
48
38
36
48
37
48
45
50
43
32
39
40
38
34
34
41
45
41
50
30
32
35
32
24
35
39
25
39
36
31
32
26
37
23
34
22
23
31
26
25
41
26
35
30
21
20
21
28
28
32
29
20
22
23
25
25
21
22
22
15
25
18
26
19
34
15
16
18
30
19
22
26
22
17
19
20
19
22
13
19
21
18
16
21
14
13
22
16
18
13
18
15
12
11
22
12
12
19
15
8
20
11
10
11
13
14
11
12
7
13
13
12
14
13
7
11
11
14
5
18
11
14
10
10
12
7
7
9
10
11
8
5
9
8
5
14
13
7
9
9
12
14
5
14
10
7
5
4
14
3
11
11
11
13
9
11
13
11
6
7
4
12
9
8
10
6
9
11
6
6
9
12
10
5
3
5
10
4
5
12
10
8
9
3
5
8
4
6
6
5
4
3
2
3
12
3
8
7
6
7
6
5
6
6
7
7
6
5
9
2
5
4
7
3
11
3
3
4
7
9
7
5
4
6
5
6
4
3
4
4
6
4
2
4
6
3
3
8
8
2
9
6
5
6
8
4
9
5
3
5
5
7
6
4
7
5
4
5
6
5
6
10
6
5
10
3
7
5
5
5
2
4
5
4
5
5
2
2
9
4
5
3
6
2
5
7
5
8
2
0
5
8
3
5
3
7
5
2
3
10
9
7
4
5
4
1
3
3
7
4
5
3
1
5
1
4
3
5
1
8
6
7
7
5
2
3
2
3
2
3
2
6
6
6
6
2
1
2
5
4
6
6
8
1
3
0
4
4
4
3
3
2
8
5
2
2
3
4
5
3
7
4
5
10
4
7
3
3
5
6
7
8
5
4
3
4
4
3
3
4
3
1
1
3
3
3
4
4
4
10
4
9
4
2
2
5
11
2
3
3
2
1
5
7
6
7
3
6
4
3
2
3
3
3
1
3
5
3
5
4
2
5
4
3
4
7
6
2
3
4
2
4
2
4
6
4
2
4
9
3
9
2
1
2
4
5
2
2
3
4
5
6
2
5
5
2
4
6
4
5
4
8
2
8
1
3
3
2
4
1
3
3
3
3
5
6
5
3
3
7
7
1
6
5
3
5
2
5
6
7
3
3
5
4
4
3
6
5
2
3
7
1
6
3
4
2
7
5
2
2
4
4
2
5
1
2
5
4
2
3
5
1
2
3
4
4
6
6
4
4
3
3
4
1
4
2
1
1
5
3
6
1
2
7
7
2
3
6
2
3
3
5
5
2
3
4
2
5
2
3
0
1
6
5
3
3
3
2
2
2
2
1
1
3
2
2
9
4
3
1
4
1
0
3
2
3
2
5
3
3
3
4
1
1
1
2
1
2
3
3
4
3
3
2
3
4
3
6
3
2
1
6
3
1
3
5
4
6
3
5
5
2
4
5
2
2
4
3
2
2
5
3
2
5
3
2
4
8
2
5
1
1
5
4
0
3
4
5
4
3
2
7
3
3
6
4
3
5
2
1
2
2
3
1
5
2
3
3
3
4
9
3
3
2
2
1
7
3
3
3
4
4
5
4
2
4
1
4
2
3
5
4
1
7
2
6
4
5
3
5
2
1
5
2
3
3
3
4
5
5
3
1
4
5
2
2
3
3
4
1
2
3
2
2
2
4
0
4
5
3
1
3
1
4
2
3
5
0
3
2
5
2
5
4
4
3
2
7
5
3
4
2
6
4
2
1
3
4
3
4
5
3
4
5
3
7
4
3
2
62
61
68
57
57
76
56
54
61
62
74
59
60
69
58
60
66
64
75
72
65
69
58
68
65
64
52
70
59
59
60
68
64
68
54
73
66
62
62
65
65
79
60
63
64
63
63
56
52
69
61
54
62
47
59
71
61
65
61
63
61
55
60
60
73
58
64
45
66
61
63
51
61
57
72
68
43
61
60
68
54
66
61
61
55
47
60
64
57
60
59
45
58
59
60
75
75
58
72
56
65
54
60
59
53
53
61
60
66
61
70
54
58
48
63
53
48
83
62
50
58
60
67
54
62
59
63
25
