0
0
0
0
0
0
0
0
0
0
0
0
0
0
0
0
1
0
0
0
0
0
0
0
1
0
0
0
0
1
0
0
0
0
0
0
1
0
0
0
0
0
0
0
0
0
0
0
0
0
0
0
1
0
0
1
0
0
0
0
0
0
0
0
1
0
0
0
0
0
0
1
0
0
0
0
0
0
0
0
0
0
0
1
0
0
1
0
0
0
0
0
0
0
0
0
0
0
1
0
0
0
1
0
0
1
2
0
0
1
0
0
1
0
0
1
1
1
0
0
0
0
0
0
0
0
2
2
1
0
0
2
1
2
0
0
2
2
0
2
2
3
2
4
2
1
1
2
4
5
4
3
5
13
3
5
2
1
2
0
1
0
0
0
0
3
8
29
44
76
55
62
80
74
80
77
97
74
70
82
76
87
69
100
76
68
80
102
78
81
89
72
72
82
85
76
76
58
72
79
94
84
82
77
89
84
76
80
74
97
87
79
65
95
96
103
104
105
78
73
70
76
74
84
92
88
92
82
88
84
85
87
90
87
87
91
75
77
96
75
86
78
91
88
84
76
74
87
87
67
92
95
81
80
89
80
83
71
97
96
86
86
94
90
85
72
87
79
91
99
83
101
100
80
88
95
83
84
95
63
75
77
85
79
92
87
89
111
89
85
97
86
71
85
86
102
65
98
87
78
97
82
103
101
90
98
88
86
78
86
85
75
83
73
68
95
69
91
85
93
95
87
92
80
90
90
83
100
105
90
93
100
99
80
79
94
91
96
82
88
90
77
102
75
104
97
83
99
84
93
94
74
95
95
82
80
85
98
87
93
107
84
83
85
102
88
103
92
78
95
89
89
89
90
97
99
100
70
95
109
96
110
94
74
98
95
100
91
77
98
101
97
100
81
97
105
109
100
71
95
99
90
81
107
105
89
109
103
104
103
86
99
98
97
94
83
105
90
83
115
91
103
82
82
111
78
86
105
97
92
92
92
89
96
100
93
89
101
104
112
103
90
124
88
107
100
106
99
91
103
101
94
98
94
101
90
106
89
94
109
91
109
103
105
89
90
103
94
99
90
92
81
104
92
109
113
94
69
100
99
78
100
83
80
93
89
83
98
89
85
106
104
96
92
104
101
88
91
85
113
102
97
99
103
102
83
107
84
109
86
108
88
92
98
89
94
91
101
99
97
109
92
103
87
90
103
91
98
80
96
99
85
105
93
119
90
91
99
105
94
85
85
88
108
96
87
91
89
84
70
105
87
98
101
95
94
84
91
104
84
84
88
92
105
82
109
86
85
91
100
93
120
86
96
102
112
99
81
100
91
89
78
97
99
79
90
98
93
88
100
114
84
86
86
93
120
96
106
99
102
95
106
82
90
97
86
93
96
85
104
96
84
101
110
104
97
78
107
98
82
90
105
90
80
89
100
84
97
96
109
104
92
106
106
90
82
105
118
90
102
92
90
75
90
79
76
96
118
88
88
108
109
94
104
77
120
91
97
99
93
100
109
67
93
96
96
96
114
89
88
105
100
81
96
85
84
102
96
103
84
94
104
95
86
109
103
96
101
99
86
93
101
105
91
116
105
109
106
93
92
92
87
101
103
88
113
92
91
82
96
87
102
106
96
102
103
97
94
110
111
93
124
101
88
121
102
121
103
89
98
93
105
93
98
112
84
85
82
83
101
100
103
84
97
101
105
90
104
104
83
92
89
108
101
109
106
86
97
111
102
105
101
110
107
93
99
101
103
98
106
100
98
105
95
114
112
121
102
101
112
110
95
103
100
98
112
110
94
89
102
78
113
97
103
127
112
110
116
89
97
111
107
102
96
97
98
99
118
112
85
90
107
100
112
95
94
112
114
104
84
110
105
96
102
104
99
97
108
100
107
113
100
100
101
95
99
110
97
97
117
106
120
94
80
113
79
95
106
101
108
104
116
102
106
126
106
80
114
110
89
90
107
119
103
114
102
99
117
108
91
114
92
109
97
95
96
96
113
107
90
101
83
102
106
102
107
109
101
122
112
108
88
85
108
115
119
98
94
93
102
105
108
122
81
114
92
87
101
105
114
108
107
97
95
117
112
118
102
92
97
108
89
96
90
105
112
111
106
109
119
105
108
114
101
94
102
96
109
110
106
100
104
111
108
109
103
83
94
106
106
112
127
110
126
108
117
113
96
100
124
125
112
108
120
118
85
82
91
102
119
122
111
97
100
103
111
105
100
94
100
101
113
105
99
103
132
103
75
108
91
93
111
109
111
102
109
109
115
89
95
101
107
98
95
107
89
99
97
103
99
116
106
105
105
104
96
116
115
106
106
109
99
113
100
118
113
95
100
104
87
98
102
122
104
96
97
91
111
101
103
111
97
109
108
110
101
111
104
119
101
110
102
124
115
115
125
103
112
93
104
113
111
132
115
117
113
113
109
117
98
102
123
117
104
104
115
97
120
97
98
116
129
104
121
123
120
120
99
99
112
109
102
111
102
109
121
118
90
122
86
98
121
117
115
113
105
113
112
120
112
115
124
117
116
117
112
110
109
110
98
116
98
121
117
121
115
121
107
123
105
117
126
126
113
127
105
111
125
133
115
126
119
119
117
117
120
103
110
117
124
115
107
113
123
128
114
124
135
116
138
130
124
117
115
122
142
120
133
128
119
122
113
113
125
129
108
135
117
119
129
129
112
108
125
114
131
107
117
139
113
133
125
124
117
122
150
129
123
125
122
117
133
108
124
117
115
116
128
136
122
145
125
144
122
130
134
125
112
112
143
106
111
118
104
99
128
132
138
118
117
143
139
99
123
126
115
116
113
153
109
113
120
135
129
128
117
112
154
116
125
128
122
137
139
117
124
108
129
136
133
134
129
127
124
107
140
124
127
123
124
139
127
109
119
139
127
100
106
144
132
126
133
127
129
142
127
119
115
116
120
93
131
117
108
124
117
127
116
125
120
130
150
108
138
120
134
120
113
121
138
136
118
117
131
115
118
111
132
112
118
161
155
110
124
109
117
105
132
132
124
114
117
139
131
131
125
117
129
130
125
127
105
136
114
129
117
125
118
108
120
130
104
118
96
140
131
107
124
141
133
122
109
112
127
148
120
124
109
120
127
115
100
122
118
93
107
107
132
105
131
93
124
115
135
116
110
126
132
126
113
112
110
123
88
112
104
123
122
111
111
97
118
104
112
117
98
88
106
119
99
121
127
117
135
118
105
109
103
97
115
110
126
130
124
110
99
110
121
106
108
124
113
129
121
126
123
111
116
135
107
121
120
111
108
112
106
101
125
119
125
109
118
104
126
151
110
103
111
106
111
115
94
105
104
133
101
102
100
111
105
107
116
114
86
127
103
115
132
105
104
82
105
104
118
104
102
107
112
114
101
105
108
106
115
117
113
124
106
87
110
104
114
112
95
96
121
94
115
96
120
123
93
105
96
105
112
97
108
97
97
100
81
112
95
103
122
101
115
102
94
117
96
102
103
101
108
102
116
99
120
95
109
116
111
110
117
90
118
109
104
97
139
130
112
103
104
126
99
107
102
121
116
109
119
121
95
111
118
97
94
89
109
119
108
99
98
93
92
116
115
98
91
103
110
109
123
108
104
104
109
98
121
100
120
111
102
114
129
100
104
104
100
94
108
118
87
106
111
113
96
109
115
113
110
104
103
102
104
104
95
90
101
105
96
109
101
101
100
102
119
106
98
101
106
86
101
107
80
119
109
98
121
104
101
98
102
98
99
112
97
101
115
86
122
111
104
100
111
104
97
111
103
91
98
102
95
117
98
103
114
94
119
108
103
107
88
114
102
111
100
91
96
119
111
102
112
112
94
101
103
96
106
94
96
97
111
102
121
113
95
97
97
102
99
106
94
111
87
95
90
98
113
118
105
106
105
96
98
106
83
114
89
101
107
115
114
90
109
112
100
111
110
99
93
107
108
106
98
120
102
119
99
83
100
111
107
111
106
94
90
97
111
106
97
75
106
98
94
106
99
101
111
118
105
116
93
98
118
108
109
124
86
72
98
117
105
105
114
114
80
102
86
103
80
97
115
102
105
94
97
111
94
100
92
95
106
109
93
90
76
105
87
100
98
108
108
107
107
87
106
84
90
87
97
94
111
102
106
99
129
89
107
91
97
103
116
89
90
88
90
88
80
101
99
103
94
92
104
93
105
88
110
78
99
107
103
99
94
90
99
92
95
105
111
94
103
80
80
102
97
110
105
98
90
107
98
90
118
81
88
90
126
101
83
91
93
102
87
86
84
100
99
78
104
101
111
88
81
109
108
123
90
93
99
98
94
77
84
109
88
94
102
91
106
91
86
96
67
83
90
85
86
104
94
86
93
74
112
81
98
83
101
92
87
96
90
80
87
104
117
89
82
118
97
94
90
105
93
128
97
97
97
103
106
111
95
99
79
97
93
90
106
100
101
91
79
90
90
103
97
78
111
83
94
100
85
98
101
89
101
97
102
117
83
81
95
92
94
90
107
95
109
100
118
67
102
99
96
88
89
109
108
98
91
99
86
114
110
110
97
79
98
88
108
103
98
105
89
99
93
80
96
92
75
101
90
103
86
91
84
94
79
99
98
98
83
92
90
90
92
94
85
82
90
103
99
92
76
98
78
82
92
81
117
99
97
100
89
81
85
105
95
78
88
107
91
104
102
98
104
85
91
82
89
72
84
97
91
87
94
81
101
99
90
82
95
115
89
95
105
81
95
103
97
90
82
103
96
103
109
87
95
80
94
98
91
84
76
85
90
94
110
107
98
100
91
84
86
104
86
90
82
73
98
94
101
102
101
97
101
86
94
82
123
89
108
103
91
100
94
100
93
97
80
105
72
85
95
94
103
101
85
96
69
97
89
104
79
87
105
94
84
89
105
89
75
74
79
111
103
99
91
91
96
97
91
100
96
89
97
93
92
107
95
87
79
80
67
98
92
78
98
96
88
80
85
111
73
77
89
93
85
95
102
94
105
90
78
78
74
88
94
89
92
95
103
93
91
76
103
75
95
97
96
94
88
92
84
86
91
97
86
94
91
93
80
92
88
97
116
97
115
96
91
96
87
96
88
88
86
102
116
101
96
80
82
102
83
95
94
91
93
78
92
94
91
100
79
96
99
85
91
78
60
95
86
85
91
108
97
110
91
99
102
97
86
98
102
83
86
102
90
96
90
94
80
86
102
102
95
77
96
78
86
85
76
108
84
103
108
85
89
69
99
78
104
92
84
90
124
77
90
73
83
105
95
85
105
111
84
93
93
108
88
89
89
99
98
89
99
100
89
100
92
78
111
92
88
112
91
86
87
87
84
81
96
101
91
80
95
81
75
100
103
80
94
98
79
88
87
77
92
112
95
87
75
80
86
88
77
87
102
82
85
77
80
84
85
97
99
81
87
105
98
94
106
76
84
94
92
85
97
89
99
88
84
86
101
77
82
114
97
103
76
80
87
85
93
89
107
102
101
91
95
97
76
92
87
79
86
94
84
85
85
98
99
95
89
73
72
93
96
78
104
89
84
108
78
91
92
94
91
100
96
79
91
106
85
87
85
78
94
88
88
86
83
100
86
85
92
107
89
76
88
92
91
89
82
91
75
88
99
90
95
97
92
98
91
102
99
84
85
95
85
99
90
80
98
83
91
81
89
83
104
91
102
71
92
81
96
77
95
87
89
99
89
79
87
89
90
81
97
102
97
80
100
82
96
95
78
85
90
106
97
86
99
87
76
85
83
71
101
82
93
96
91
93
79
100
85
103
93
89
93
85
80
89
74
105
76
92
81
94
103
77
84
96
97
92
94
91
98
81
92
81
98
89
95
106
105
82
83
91
91
87
83
81
81
104
83
101
93
90
78
108
70
71
91
81
87
85
94
82
83
79
79
89
77
93
94
71
73
82
95
95
91
95
72
101
80
92
100
94
93
95
86
72
76
94
82
99
85
91
85
88
93
95
97
82
88
88
82
102
97
94
88
80
94
100
95
84
75
90
100
84
89
98
96
99
84
107
103
96
79
76
113
88
92
86
80
93
86
94
110
95
87
85
97
91
91
104
79
98
96
79
100
103
88
96
102
72
84
89
80
91
67
80
85
100
87
93
86
73
91
102
88
92
90
97
92
81
85
87
93
90
99
106
110
99
110
105
103
95
91
95
98
71
84
92
83
89
81
105
98
87
90
85
93
96
88
81
86
93
84
92
95
95
83
89
83
92
102
96
83
91
81
89
90
111
113
100
94
101
72
93
100
85
83
97
92
91
91
94
88
112
91
74
90
87
89
88
98
91
81
93
92
101
89
82
85
89
75
95
87
90
91
81
95
73
78
90
79
97
102
86
86
102
87
89
96
106
91
82
92
83
87
83
85
98
81
117
83
101
90
86
98
74
78
91
92
74
94
103
84
81
92
91
98
88
85
98
92
88
90
99
91
84
85
107
84
98
80
99
80
97
89
90
89
91
95
79
88
88
80
93
72
82
94
87
98
98
76
91
95
97
90
87
72
78
81
86
93
91
89
76
102
88
80
97
85
103
97
87
101
95
109
88
100
77
87
96
90
80
88
94
100
83
81
87
91
91
78
88
88
97
71
97
105
99
94
91
101
89
80
86
84
91
85
94
108
88
85
61
79
82
95
88
70
81
99
73
80
88
82
83
97
85
94
90
96
108
85
87
100
92
81
81
97
88
84
87
89
67
92
93
88
107
96
80
99
99
96
87
78
87
80
93
90
78
99
77
86
77
89
99
78
77
101
84
74
95
86
108
98
77
82
88
85
97
94
90
81
82
72
99
93
90
86
81
75
111
97
86
85
92
106
86
81
93
91
94
85
88
96
81
91
85
84
84
87
97
95
84
95
82
105
90
73
91
88
91
96
84
87
88
87
94
96
113
114
94
101
109
87
90
81
87
100
92
99
82
91
97
99
82
91
90
102
93
101
94
98
87
92
94
97
87
91
85
98
82
75
98
76
82
100
98
115
89
81
71
97
105
85
91
94
81
99
107
88
102
88
94
101
86
106
107
90
98
90
84
89
85
89
93
90
74
89
94
88
91
81
79
87
90
99
98
100
86
65
81
83
91
90
100
85
80
102
90
79
99
109
91
93
86
93
86
80
90
97
84
94
93
89
110
79
100
100
89
93
83
89
79
78
80
95
79
109
82
79
100
69
85
114
99
91
105
85
98
81
90
95
97
85
77
85
91
100
89
87
99
95
107
100
76
93
86
78
75
99
88
86
105
88
91
78
87
92
80
99
86
88
88
110
86
91
82
95
68
75
74
95
108
86
81
99
78
96
94
106
76
75
101
84
103
87
88
93
94
87
75
83
84
112
70
87
110
94
80
97
80
88
98
108
96
81
84
93
111
91
100
91
83
90
89
90
95
112
101
87
94
74
88
81
101
97
89
92
96
95
85
93
99
95
84
88
98
90
97
85
96
97
79
74
89
103
89
89
105
87
85
88
95
73
88
98
100
97
102
88
79
99
89
84
81
105
83
90
83
84
101
99
108
92
103
87
92
100
101
95
92
106
100
104
84
94
89
90
91
100
74
93
85
105
102
86
94
89
83
92
88
91
84
100
86
83
101
86
82
67
94
94
78
88
80
80
94
87
90
89
102
99
90
88
91
94
89
103
106
88
90
106
94
116
92
86
92
88
78
87
79
94
83
106
120
81
90
93
80
82
90
98
88
91
94
90
92
82
89
83
75
82
84
88
97
95
92
96
102
79
90
77
101
86
108
107
83
94
92
85
81
113
85
91
97
105
75
86
104
92
85
74
95
92
99
85
102
93
100
85
81
97
103
97
102
105
91
85
82
93
85
91
92
92
103
83
77
85
95
89
94
63
100
85
87
99
101
101
102
92
97
106
81
94
99
103
72
99
75
83
82
93
106
93
98
109
105
91
99
88
113
99
87
80
91
102
69
93
101
100
113
102
95
110
91
85
72
98
102
116
90
96
88
78
109
104
93
73
86
98
88
92
92
102
96
85
87
104
98
83
84
92
87
89
77
88
87
90
106
94
121
78
94
93
95
86
99
81
99
89
92
90
75
87
83
98
97
100
109
87
94
92
86
89
106
75
73
88
84
96
87
98
92
96
87
102
104
87
88
110
98
101
85
96
98
93
90
106
93
79
107
95
90
97
91
93
93
75
98
91
95
81
99
99
90
84
122
97
88
80
108
95
96
101
101
103
104
84
107
101
81
99
97
92
84
92
104
94
100
103
87
105
95
103
91
83
79
75
99
90
99
85
81
89
93
98
87
95
86
89
116
89
110
102
95
92
92
96
109
100
101
97
94
82
90
85
87
96
109
96
81
76
107
98
112
87
111
93
88
81
82
82
83
91
104
74
98
96
91
91
89
93
80
104
89
97
112
79
98
87
95
100
105
91
95
94
101
86
110
88
75
93
88
107
91
94
100
85
93
92
86
83
77
94
80
85
103
97
96
104
104
99
85
100
95
79
108
84
104
89
98
103
103
88
95
97
117
93
111
108
112
82
87
97
84
101
109
86
103
93
90
96
101
93
106
106
99
95
95
94
111
106
90
85
103
120
94
86
94
81
96
99
87
90
105
105
99
83
87
103
96
80
92
94
93
102
99
81
80
106
100
87
94
92
88
87
100
82
88
91
95
86
90
93
102
98
99
100
71
96
98
81
101
79
84
107
79
95
90
107
111
111
97
83
98
89
100
94
95
96
99
97
95
109
92
90
97
85
97
115
106
95
95
100
108
106
95
93
102
117
98
74
99
91
93
96
107
100
93
94
79
102
93
82
102
104
99
81
118
81
104
85
112
97
83
100
103
106
90
103
107
97
92
99
97
94
84
107
112
94
108
95
114
89
96
99
94
85
105
73
92
85
119
105
103
106
86
100
107
97
96
93
98
93
89
120
102
98
82
114
87
94
111
93
104
105
94
90
104
101
106
93
108
93
106
109
98
108
88
112
108
93
83
98
107
87
104
115
109
126
86
104
97
95
77
104
87
96
107
91
99
91
92
98
106
121
118
105
113
92
111
103
95
102
104
92
75
90
110
101
102
100
94
104
105
108
87
106
97
79
78
99
87
104
95
96
108
100
96
104
107
98
83
115
87
109
93
89
100
122
92
91
96
113
88
87
97
103
91
82
97
103
95
107
130
101
92
106
85
96
111
99
110
105
86
92
109
109
94
105
114
93
100
85
93
111
107
107
106
102
85
124
121
98
108
103
101
110
103
96
90
100
120
91
93
93
87
98
100
88
110
101
109
97
100
105
99
96
116
101
93
80
97
84
119
96
84
97
112
94
110
103
115
90
112
88
94
88
89
108
96
120
109
98
96
106
100
116
109
104
107
101
104
96
93
111
115
106
92
115
105
115
110
94
98
103
109
94
116
96
96
117
82
103
102
106
114
97
102
97
111
88
109
98
72
107
106
127
123
81
95
105
109
88
99
104
108
118
97
85
98
112
105
119
92
121
101
99
104
91
108
99
108
116
111
112
99
116
105
103
106
100
114
100
108
120
113
107
92
100
113
98
130
114
94
107
120
83
106
100
96
101
97
107
116
113
107
109
98
92
83
103
107
122
103
102
108
104
92
102
100
123
104
95
114
115
147
103
107
105
109
107
97
96
112
100
104
109
104
128
104
121
100
117
104
101
100
115
107
100
110
97
108
97
119
98
97
80
102
113
93
90
92
117
100
120
103
97
112
90
93
101
134
105
113
102
130
91
108
101
108
100
102
97
95
118
88
120
99
96
102
122
94
122
95
108
108
93
100
109
97
94
118
104
100
120
101
95
96
115
106
93
105
97
95
98
112
109
123
113
111
104
116
110
111
118
109
103
122
110
122
103
105
112
104
108
108
111
114
108
104
112
115
95
81
116
113
110
119
105
109
112
100
103
100
118
111
103
107
103
108
88
99
102
102
116
125
103
110
122
129
126
103
119
108
110
100
121
96
121
104
97
121
117
121
110
105
96
111
113
113
109
101
126
114
113
123
124
105
113
122
120
110
108
98
111
99
100
110
105
108
96
110
111
107
113
115
95
109
101
96
98
105
121
97
119
111
105
119
91
90
120
99
106
122
91
94
96
119
102
110
126
115
103
113
105
109
108
105
131
99
116
122
115
124
86
131
109
111
110
90
105
112
124
112
117
106
142
130
128
122
116
108
100
109
111
100
120
103
122
123
102
115
130
98
110
95
125
108
107
101
118
96
121
111
110
102
105
99
99
119
125
126
104
104
105
103
111
111
118
92
127
88
94
118
116
117
110
114
98
106
97
111
119
126
110
120
110
102
114
102
86
115
99
108
106
110
120
119
107
108
102
105
113
113
106
129
102
100
104
102
116
102
128
91
94
109
131
109
115
115
107
116
107
115
125
122
114
108
123
121
115
136
121
105
110
98
102
125
112
112
100
108
133
114
107
112
113
112
105
84
100
142
114
121
127
106
107
111
106
131
104
95
108
133
125
127
115
122
110
121
115
112
118
113
96
105
118
104
116
116
110
117
127
129
107
117
119
114
112
111
95
130
112
104
122
76
113
112
128
115
107
104
120
111
113
124
120
103
90
91
107
96
100
105
104
127
102
101
89
107
125
93
101
113
92
97
101
113
105
93
111
133
111
118
104
103
116
110
104
121
119
110
105
115
97
107
114
107
140
104
109
93
117
107
119
125
139
106
120
110
104
104
116
99
118
114
127
109
109
104
111
132
100
100
105
112
96
99
113
104
100
96
101
110
112
103
124
117
96
117
118
115
108
106
107
101
85
95
115
119
99
112
110
128
119
99
120
96
100
122
101
115
75
132
103
131
120
98
118
112
106
97
119
116
103
90
111
118
97
111
127
101
110
118
117
119
120
135
105
90
119
115
98
97
105
99
95
119
123
93
109
118
100
90
104
107
108
105
110
112
120
104
100
108
96
121
107
112
96
101
116
108
95
120
116
111
109
97
125
92
118
115
100
98
100
97
103
129
100
121
92
99
108
108
117
92
111
119
107
111
98
112
98
109
116
106
97
93
101
84
108
96
87
109
87
103
103
110
107
106
100
92
106
101
105
116
112
106
116
108
115
107
115
110
102
101
114
102
96
104
95
106
99
96
94
89
87
81
94
101
109
97
97
102
97
89
108
97
100
107
94
101
96
95
97
114
88
113
95
103
104
103
111
93
99
101
98
91
114
104
98
91
106
98
89
105
95
97
101
94
95
105
102
84
95
100
92
102
106
80
110
97
89
94
99
88
99
110
94
102
104
107
100
105
90
106
98
93
87
117
99
101
92
101
82
94
94
82
95
91
84
81
101
106
99
74
82
92
81
103
95
81
85
90
87
97
83
82
87
87
85
88
97
96
93
74
96
74
92
89
85
87
100
82
76
84
71
92
88
115
97
101
83
95
66
103
97
80
83
79
89
92
73
110
94
116
85
97
80
94
101
94
92
85
89
76
89
81
95
94
88
101
104
80
91
85
69
98
85
100
97
75
102
79
100
98
83
82
86
89
81
104
103
80
94
79
88
86
84
100
98
86
104
80
85
72
95
75
76
92
70
76
93
82
96
96
84
80
75
83
63
91
78
92
74
77
99
80
73
77
81
85
69
81
86
96
94
83
75
70
72
88
78
78
89
86
95
85
68
75
86
86
80
92
71
87
74
71
93
86
91
91
68
94
90
73
91
68
103
85
99
71
80
89
75
84
66
80
65
93
87
78
81
78
75
73
90
85
87
86
79
89
78
75
95
78
85
74
87
84
82
81
72
75
84
82
79
83
68
67
90
78
80
94
72
83
93
79
95
83
89
71
75
70
86
77
86
67
99
87
87
77
65
89
75
70
72
75
62
79
74
78
72
60
87
92
70
61
81
90
79
72
68
86
63
66
75
83
74
78
70
83
70
73
96
73
71
80
82
53
77
75
88
78
72
77
79
87
91
74
89
78
77
69
90
77
64
78
63
76
70
76
71
70
71
81
76
75
69
72
67
81
75
67
58
83
83
71
75
84
76
78
78
85
64
71
93
88
62
86
74
88
81
83
92
68
79
66
78
85
93
84
83
89
70
78
66
85
76
73
89
70
91
69
79
74
83
80
69
70
74
63
79
81
86
65
73
79
90
74
83
74
78
70
76
69
81
74
69
81
84
78
81
89
77
81
72
62
71
82
71
88
66
72
72
73
80
75
63
72
63
82
80
69
78
81
66
72
71
83
70
74
67
84
90
62
73
77
85
76
69
52
78
60
72
89
57
78
75
74
55
62
84
61
77
71
92
78
85
75
88
58
69
82
70
60
86
76
55
61
76
78
87
66
63
61
76
79
85
66
70
73
63
86
90
68
71
63
67
75
95
63
88
60
83
69
69
81
80
63
71
79
75
68
72
68
69
59
70
77
79
69
64
81
63
65
76
75
76
72
88
81
79
53
67
65
73
69
69
71
76
66
69
79
54
73
72
61
64
77
66
75
81
69
65
62
73
90
68
80
82
82
54
66
95
62
68
65
70
69
67
51
70
51
75
69
99
87
85
84
70
74
76
67
69
76
81
79
85
76
78
65
55
76
74
63
70
69
80
61
58
66
53
69
69
63
75
64
66
67
77
67
69
73
64
60
72
83
57
66
71
82
54
75
82
69
68
63
75
90
58
76
73
69
91
67
65
86
64
71
77
73
67
75
72
76
72
77
74
68
73
79
65
65
81
81
71
58
73
72
75
71
67
72
70
78
70
85
64
77
78
75
85
83
63
65
79
84
67
73
67
79
70
79
71
78
76
86
60
81
81
82
77
79
59
83
61
70
68
61
74
78
85
76
75
56
77
46
83
74
77
72
73
79
73
69
77
73
66
66
74
65
70
62
71
75
63
83
84
96
77
78
77
76
78
84
74
88
74
72
72
76
72
70
67
77
75
70
70
82
84
83
83
68
73
80
77
79
80
97
83
92
73
76
65
71
81
79
77
76
74
65
89
87
76
86
84
66
74
73
80
71
68
88
80
97
78
88
90
81
74
79
65
70
68
94
82
70
86
83
65
76
89
71
84
90
75
83
57
72
98
73
75
78
81
79
79
80
97
98
86
71
63
77
82
76
85
77
80
88
93
85
85
108
87
83
109
94
84
93
88
95
85
79
88
99
95
104
99
107
85
98
83
76
92
111
84
90
99
92
72
96
78
86
113
101
97
98
88
105
86
100
81
85
95
76
78
80
77
73
94
81
90
100
105
104
91
102
106
85
94
92
116
106
117
79
99
90
81
95
93
107
80
117
92
94
100
113
89
98
103
91
103
120
117
81
106
138
99
87
109
100
109
102
97
92
113
132
117
112
108
124
89
114
124
120
124
109
106
106
118
111
92
102
99
96
88
130
120
117
116
130
111
117
125
101
101
118
113
126
116
115
110
114
123
103
133
112
131
108
104
126
118
124
129
136
121
118
130
116
118
129
132
128
139
118
132
121
132
130
119
101
123
130
128
134
142
120
123
135
145
148
138
121
137
132
150
147
138
120
129
132
142
144
149
145
149
137
137
153
168
156
134
140
149
164
151
137
136
142
140
154
132
152
152
156
149
141
157
136
161
140
172
165
157
154
177
154
158
180
126
149
185
185
150
161
175
158
172
173
152
173
168
153
175
163
173
161
198
166
127
189
181
175
163
166
155
177
178
192
201
186
185
185
179
197
169
147
166
179
171
205
182
202
206
180
156
187
175
190
180
192
177
205
186
204
184
210
184
186
175
179
199
189
191
194
182
205
193
204
190
166
203
215
184
191
175
210
231
193
191
214
194
187
177
217
224
214
210
197
233
204
212
207
233
253
228
225
229
183
217
220
226
214
228
209
218
233
216
236
226
221
267
220
234
241
225
230
240
238
242
229
205
212
229
234
229
236
232
228
229
235
239
219
254
210
228
232
246
218
237
231
223
259
214
232
244
222
225
233
221
225
238
209
224
242
226
257
228
232
246
237
197
229
228
217
245
232
223
225
232
265
269
239
235
274
224
228
257
246
244
228
228
244
255
256
241
229
242
247
254
248
223
241
239
231
263
247
263
229
256
255
236
246
239
253
255
250
238
229
229
228
234
233
238
244
230
232
249
258
207
206
237
213
244
247
234
218
238
221
221
233
229
220
253
243
233
240
235
214
232
232
221
217
210
236
230
211
246
221
207
239
236
234
199
241
221
212
216
212
198
220
220
210
231
198
198
218
206
190
231
214
208
207
196
233
211
217
212
199
176
205
193
199
200
221
201
197
223
202
201
173
185
206
195
190
172
203
195
175
185
182
180
222
192
174
189
192
181
180
194
175
192
200
185
163
194
177
169
158
158
195
179
182
165
170
148
166
157
178
171
155
140
165
143
140
168
172
146
159
150
135
153
145
157
136
141
137
172
162
170
169
151
147
159
149
146
162
124
143
143
137
141
120
136
120
136
134
121
130
138
136
116
128
136
126
152
125
113
132
121
132
139
107
126
100
114
110
115
113
110
118
90
127
112
112
107
117
107
99
94
125
115
90
95
122
99
80
120
106
94
99
94
90
91
88
95
83
85
94
75
93
74
90
83
101
82
97
87
80
100
87
89
74
85
79
85
113
91
76
84
63
83
78
69
77
84
80
68
84
74
64
66
79
69
76
65
73
76
80
55
66
76
74
75
71
58
83
67
66
76
77
64
59
73
64
76
80
63
56
77
68
66
59
61
60
59
65
74
66
73
58
35
69
57
65
73
66
51
63
48
54
37
61
49
60
64
53
67
47
54
57
48
58
43
61
54
65
58
50
57
60
57
42
38
60
62
55
51
54
53
54
57
64
51
49
43
51
58
55
55
48
58
63
48
59
59
55
43
47
68
44
46
54
48
59
56
48
49
44
46
51
44
45
55
55
56
50
63
61
54
42
46
56
61
50
49
64
46
52
61
52
60
62
59
64
54
63
58
53
56
59
55
58
56
51
59
68
58
51
77
69
69
57
61
53
65
45
49
52
56
62
65
51
64
67
50
64
58
55
49
73
58
60
73
52
58
65
74
68
63
66
57
61
55
56
62
68
67
62
77
67
62
69
69
65
59
68
78
59
82
60
85
54
75
57
70
75
57
59
87
61
73
74
71
76
68
62
87
91
62
81
75
71
67
79
76
72
73
53
85
72
73
77
70
64
69
78
70
87
94
89
82
84
72
98
97
85
72
84
72
64
83
79
81
92
91
97
82
97
87
74
98
93
92
80
72
88
88
86
93
99
91
97
94
97
80
105
107
105
96
83
89
95
87
93
99
89
112
107
104
94
91
133
112
107
104
94
113
104
107
98
112
112
119
111
86
123
102
126
110
130
115
114
122
133
105
103
122
119
110
106
113
121
113
101
124
111
106
128
99
138
114
123
124
136
137
149
139
111
145
112
119
126
121
125
108
106
136
122
126
129
140
124
131
152
137
145
134
134
125
150
126
136
133
135
148
158
127
153
127
145
148
137
132
148
151
133
146
169
136
140
154
137
161
140
143
171
146
167
149
169
149
144
149
158
166
163
171
170
160
161
141
177
161
178
163
168
145
153
184
188
142
160
164
163
170
175
160
163
170
173
167
172
154
192
156
169
164
161
159
174
173
177
178
144
154
175
162
169
160
182
187
193
182
178
178
195
175
198
168
178
168
175
173
184
190
204
174
194
171
167
184
197
201
204
176
186
175
194
184
196
171
195
183
194
194
201
182
196
184
181
210
190
204
195
190
200
199
186
203
201
165
207
203
216
194
183
169
194
182
179
204
194
178
188
174
212
182
187
178
205
189
198
197
199
201
195
214
182
219
181
182
212
217
217
200
189
203
195
197
204
210
212
188
208
185
209
215
206
195
184
183
200
208
199
205
205
190
207
197
182
225
188
193
177
192
202
201
187
205
191
212
189
215
173
194
219
211
191
208
212
196
180
200
170
194
191
157
188
196
196
185
182
195
182
178
177
174
174
167
162
191
183
174
204
196
168
162
191
159
196
196
186
188
209
172
190
182
166
182
164
145
175
164
179
164
173
170
177
180
193
182
203
192
178
170
168
187
176
151
170
168
175
170
158
171
158
163
156
158
161
175
159
168
146
138
157
148
162
150
162
141
164
152
148
146
166
143
162
175
144
138
151
161
148
139
153
139
146
144
129
147
120
158
138
146
126
146
128
120
133
121
125
115
152
132
119
146
135
113
125
108
116
119
126
133
106
103
109
134
113
149
133
116
110
120
111
113
103
108
122
122
96
115
110
95
94
96
111
95
109
108
100
121
94
99
105
107
99
92
86
98
125
104
93
89
103
78
85
110
77
90
85
104
83
86
95
90
100
75
90
75
84
85
68
78
73
66
76
80
72
72
74
78
81
94
58
75
49
63
67
72
54
68
81
84
49
71
73
51
74
60
62
74
63
60
69
67
48
46
58
44
56
57
56
39
58
39
49
70
59
51
51
57
56
52
67
50
44
52
60
37
45
50
68
56
40
37
45
44
70
37
56
42
42
41
40
41
40
36
44
38
40
40
44
50
31
32
42
31
33
37
26
34
26
35
39
34
24
27
26
42
35
24
42
29
17
31
21
38
26
16
26
22
32
36
32
19
36
30
26
25
25
25
25
23
14
25
25
25
12
27
19
24
20
30
21
23
11
15
20
20
25
16
14
12
22
15
15
16
17
23
14
21
23
16
24
19
19
14
18
14
9
21
18
17
19
19
16
13
11
15
15
16
9
10
12
13
14
15
17
12
10
12
18
11
13
15
11
14
16
19
14
19
17
10
12
16
9
6
15
14
11
7
11
11
7
9
9
20
7
10
14
11
13
8
12
9
14
13
8
11
10
7
10
8
5
18
10
12
5
9
5
9
4
1
10
8
8
7
7
11
8
10
3
5
3
11
9
6
5
7
6
6
6
7
4
14
8
4
10
10
5
8
7
3
7
7
6
3
6
4
5
4
4
4
4
10
8
4
7
7
7
2
8
7
5
7
8
5
6
3
6
6
5
5
0
5
3
11
8
8
3
5
3
3
11
13
4
4
2
6
4
4
8
6
3
5
5
2
8
3
3
5
6
7
5
7
4
2
2
7
7
6
5
7
5
5
5
8
4
7
5
4
4
4
5
4
6
6
5
4
5
3
11
4
3
6
4
5
0
3
2
5
5
3
2
3
10
4
3
5
5
3
2
2
5
5
7
7
3
3
0
4
3
5
8
3
4
5
3
3
5
1
5
6
1
5
4
4
4
3
3
2
9
1
5
3
5
3
7
8
1
3
6
1
7
3
6
6
7
5
3
1
2
4
7
4
2
5
6
3
6
2
4
2
0
5
1
6
6
2
4
2
3
2
5
2
3
7
1
7
1
1
3
2
5
3
4
4
3
6
5
2
7
4
2
4
6
4
3
7
2
6
4
3
4
2
3
7
5
6
1
8
3
2
3
2
6
3
4
4
2
3
2
3
4
3
5
4
3
3
2
3
5
2
2
3
2
8
3
3
4
2
5
5
4
6
3
4
4
3
5
1
5
4
6
4
0
9
2
5
2
6
4
4
2
4
2
5
2
4
3
5
3
0
6
3
7
4
1
5
4
0
5
4
4
1
5
1
1
4
3
3
1
2
4
8
0
3
4
1
3
3
2
4
3
2
6
2
3
1
5
1
1
5
2
6
4
3
3
2
0
4
1
2
2
5
4
3
2
3
3
1
3
3
5
4
4
5
2
4
3
4
4
6
1
3
2
5
6
3
3
3
3
4
0
3
3
2
5
3
1
3
3
2
2
4
1
3
1
5
2
2
2
3
0
3
6
3
2
5
1
3
5
3
3
2
3
3
2
3
5
6
1
2
2
7
2
2
3
5
1
3
3
3
1
2
1
0
2
3
2
3
2
0
5
2
4
1
2
4
1
3
7
1
2
4
4
4
3
4
1
3
5
3
2
5
3
10
2
6
1
3
2
4
6
4
3
1
0
3
2
4
5
3
1
4
1
6
6
4
4
3
1
4
3
3
4
4
5
3
0
5
1
2
1
2
3
1
6
4
1
2
6
4
4
7
7
8
5
3
2
1
1
5
1
3
4
2
4
2
5
1
1
3
1
3
4
7
0
0
2
3
3
2
1
2
4
1
3
4
4
2
3
4
3
6
0
3
4
1
3
2
4
4
4
3
6
2
5
4
2
1
5
2
2
6
2
4
5
1
3
1
1
3
1
1
2
4
4
0
5
3
4
5
0
1
1
2
3
3
5
2
3
2
2
2
6
2
5
4
2
3
1
4
3
4
2
1
5
2
6
3
3
3
2
3
1
2
6
3
55
49
52
53
60
71
56
61
56
49
58
52
53
59
60
48
70
52
54
53
53
33
64
46
50
56
48
61
56
52
63
58
43
46
57
39
46
62
59
54
66
49
65
66
49
54
50
41
51
57
50
53
54
63
56
64
58
44
55
50
47
44
49
58
54
54
51
55
51
60
49
47
58
60
55
56
65
45
60
49
55
52
42
47
50
44
52
51
50
53
51
60
53
51
45
48
52
53
46
48
63
70
55
57
54
60
54
51
47
62
55
54
42
61
49
52
52
47
60
65
49
50
44
54
47
47
41
21
