0
0
0
0
0
0
0
0
1
0
0
0
0
0
1
0
0
0
0
0
0
0
0
1
1
0
0
0
0
0
0
0
0
0
0
0
0
0
0
0
0
0
0
0
0
0
0
0
0
0
0
0
0
1
0
0
0
0
0
0
0
0
0
0
0
0
0
0
0
0
0
0
0
0
0
0
0
0
0
0
1
0
0
0
0
0
0
0
0
0
0
0
0
0
0
1
0
0
1
0
0
0
0
1
0
0
1
0
0
0
0
0
0
1
0
0
0
2
0
0
0
2
1
1
1
0
0
0
1
1
1
0
0
1
1
1
1
1
2
0
3
2
1
5
6
4
4
2
7
5
0
6
8
10
1
3
3
0
2
1
0
2
0
1
0
2
22
38
53
52
69
89
89
89
94
68
88
92
94
91
84
104
75
92
79
75
98
105
112
103
82
97
82
91
103
99
79
87
97
100
98
86
94
101
104
100
100
80
84
106
95
91
101
101
105
100
95
105
100
100
95
81
84
101
96
91
100
90
85
96
92
58
94
94
90
89
95
96
91
98
102
87
100
89
110
98
85
98
107
96
108
101
93
99
106
94
98
93
100
102
69
105
88
108
104
88
95
85
110
96
87
85
109
90
98
103
101
83
90
69
128
108
90
99
96
87
107
109
108
92
92
107
90
119
88
110
95
81
105
89
99
97
95
101
106
115
103
75
98
96
104
107
99
119
114
97
108
99
108
121
105
115
93
107
84
115
100
102
107
97
85
100
101
87
97
112
85
103
96
95
102
106
103
132
98
112
84
102
109
100
125
91
103
90
101
125
96
101
103
109
90
110
108
105
103
117
121
115
107
114
92
111
110
84
92
103
138
99
99
113
109
85
92
112
113
120
94
96
94
114
119
108
103
134
99
113
109
96
105
90
123
97
97
104
115
112
106
93
128
111
97
116
96
123
113
92
103
122
113
99
108
117
112
115
96
108
101
109
91
112
104
96
119
105
95
129
84
112
106
99
104
120
103
112
82
108
109
103
119
122
98
122
101
111
116
109
113
119
105
92
120
102
112
112
134
98
114
116
111
106
98
106
100
102
106
106
128
103
102
96
95
101
108
99
99
104
107
104
109
110
103
106
124
110
102
99
105
91
119
121
100
104
109
89
99
108
122
94
83
110
107
99
105
99
119
98
116
114
97
100
98
116
111
91
99
94
101
105
106
104
94
119
124
110
110
106
107
115
93
115
102
101
106
94
110
97
111
119
111
108
98
108
125
93
91
137
110
90
116
121
115
110
90
109
101
110
97
103
98
111
108
105
123
128
109
101
110
123
118
112
104
103
118
115
92
101
96
111
100
115
112
96
88
110
121
111
111
91
127
122
102
124
113
96
119
120
103
107
98
99
105
128
106
115
113
113
113
121
107
132
88
103
103
113
81
112
108
116
102
106
110
102
102
112
104
122
122
96
106
105
102
102
117
110
103
118
106
99
97
113
107
113
113
95
117
98
108
117
105
133
110
114
104
110
100
123
104
108
103
100
118
95
121
95
107
110
103
105
112
106
106
120
115
107
104
101
95
112
109
105
112
109
115
117
114
94
92
119
127
123
121
99
101
116
115
103
104
125
103
111
111
94
116
126
98
115
105
109
130
98
104
101
122
90
92
115
100
117
97
101
86
142
113
106
118
129
113
93
139
119
100
106
117
87
110
131
116
110
117
99
120
98
119
119
118
114
126
119
93
110
110
100
118
110
115
107
103
102
106
120
136
121
112
83
117
118
105
110
96
95
115
119
95
132
119
109
105
113
111
117
111
127
121
125
78
120
122
103
120
118
92
117
109
97
102
129
113
108
111
107
118
121
112
116
122
136
125
125
117
120
105
112
123
124
92
115
127
106
103
95
102
103
125
117
116
123
101
114
130
108
109
127
110
109
110
117
122
118
108
120
128
98
111
117
110
119
110
107
101
90
99
127
111
98
104
108
118
97
114
127
106
121
115
104
130
109
107
124
112
105
103
112
108
115
102
101
121
81
116
98
132
118
108
121
113
120
118
100
127
101
108
118
116
121
92
121
112
119
128
113
108
115
122
104
118
105
109
114
120
122
114
108
107
123
118
135
101
109
115
126
124
110
105
135
117
128
119
130
120
97
114
109
111
130
107
102
129
117
123
111
111
120
110
102
117
105
140
105
98
110
105
107
109
112
116
112
115
117
113
113
113
103
122
130
116
133
126
120
125
117
101
127
121
106
132
125
113
111
117
121
101
114
121
126
123
132
118
125
117
113
117
106
108
130
125
131
108
109
108
109
140
118
118
143
111
109
108
122
124
130
115
104
116
134
130
130
127
137
137
138
115
134
132
115
120
131
125
110
122
115
145
113
118
133
118
118
111
134
121
109
122
112
122
121
122
110
130
137
107
107
123
113
125
118
118
122
116
120
113
131
122
107
114
115
121
147
107
123
118
146
115
120
114
113
129
130
135
143
132
122
121
116
139
128
115
124
126
127
130
122
105
123
144
116
127
131
134
125
133
108
136
129
109
113
133
135
120
127
133
121
119
129
150
152
122
117
139
131
126
117
119
106
125
135
125
126
128
150
152
133
121
115
161
137
140
142
127
123
139
128
119
115
150
140
145
132
150
115
138
121
129
124
137
133
125
164
129
132
93
140
120
156
123
120
121
167
131
133
126
122
134
111
122
125
129
149
130
137
123
129
146
155
125
124
134
151
141
125
124
150
134
146
131
145
149
130
140
153
141
137
133
143
163
128
143
133
139
140
119
138
141
130
145
132
129
124
139
137
155
130
148
145
133
144
154
143
156
130
148
137
153
144
143
128
145
143
152
154
147
145
127
154
142
153
136
144
136
119
139
154
129
161
150
132
144
127
130
140
131
149
158
163
131
123
152
141
136
149
139
161
146
154
127
133
137
146
133
137
135
133
132
146
142
147
123
141
119
125
131
135
134
136
120
141
126
131
132
151
134
130
132
166
154
135
134
133
129
126
131
155
134
131
134
122
144
150
148
119
147
143
125
125
156
136
110
143
128
138
120
131
120
131
140
126
121
131
139
122
150
147
122
159
137
122
116
130
129
114
132
126
125
125
141
127
132
127
134
128
123
133
120
135
142
117
131
134
122
122
121
129
116
133
125
141
129
136
131
124
114
125
132
148
128
127
122
128
140
155
117
138
116
121
131
117
127
148
144
118
115
128
135
149
126
121
122
133
137
121
135
126
121
141
142
133
126
132
111
135
134
127
128
138
126
124
121
130
130
101
138
114
140
112
124
135
138
129
127
102
127
125
132
122
121
128
130
129
132
135
122
128
129
134
131
113
125
137
142
112
119
109
111
131
136
109
119
103
116
106
120
122
138
133
122
143
119
122
139
129
119
111
111
123
133
109
122
101
130
127
122
125
120
105
121
116
120
105
133
122
139
115
139
101
118
119
128
126
118
112
126
114
111
105
129
111
120
118
114
139
139
128
120
110
129
114
107
127
107
122
118
135
111
135
115
129
135
129
151
108
136
119
119
105
126
124
102
140
111
107
126
137
126
108
119
134
122
127
123
119
97
116
118
120
131
134
125
122
125
133
107
118
114
109
117
110
116
106
124
111
101
113
108
124
103
98
128
118
115
125
97
120
127
121
119
105
115
92
126
96
117
101
128
125
114
108
124
125
109
112
118
110
110
111
128
104
110
122
112
110
123
114
107
104
114
109
118
116
110
140
124
110
101
112
135
110
109
132
131
143
146
125
111
137
121
117
123
107
127
119
125
122
109
109
125
121
97
104
120
124
114
124
114
118
94
127
123
122
90
104
119
117
123
125
131
132
121
115
114
97
109
124
113
126
98
137
93
122
118
107
107
120
122
112
96
123
114
123
111
123
131
118
116
107
141
131
117
126
106
92
107
102
105
119
105
121
113
116
116
115
127
99
114
104
124
117
115
121
115
111
117
116
113
103
114
109
116
107
114
116
116
124
132
123
105
98
129
116
93
110
109
113
106
107
125
110
90
118
93
112
107
116
103
124
117
114
114
105
112
105
119
109
112
108
127
81
103
106
120
115
106
133
108
127
133
114
93
114
96
124
107
110
107
103
115
105
96
115
95
106
100
121
117
112
97
91
112
111
127
126
122
123
115
96
101
110
120
100
105
114
103
110
101
101
112
108
115
108
96
110
109
114
85
91
134
106
113
113
125
115
85
117
110
106
104
112
109
103
99
108
110
94
111
86
119
113
99
125
108
122
114
99
90
122
102
99
128
97
123
113
90
108
104
98
99
100
110
125
116
119
109
110
107
103
106
106
114
109
81
95
120
123
99
100
119
95
114
109
100
101
105
103
88
100
126
113
95
87
104
91
90
105
103
102
92
99
114
130
117
105
96
110
107
105
111
103
95
111
111
115
108
101
104
111
103
122
87
118
104
103
95
120
117
94
90
104
96
104
101
110
95
119
100
91
93
125
114
112
99
101
106
103
114
94
104
109
88
96
99
103
107
106
101
113
81
111
95
110
97
113
88
89
114
115
105
94
101
95
96
111
80
110
103
119
90
119
95
120
105
109
95
96
92
102
102
95
121
101
104
83
105
112
95
98
91
107
104
98
101
107
111
101
93
115
93
114
112
98
84
102
105
96
91
86
112
115
90
87
115
102
108
94
101
102
104
84
102
110
104
104
88
91
94
118
85
98
108
98
95
100
91
94
96
119
114
104
104
118
106
105
121
116
100
98
103
95
111
117
99
112
102
98
99
100
129
96
116
113
86
100
101
97
85
111
87
100
101
103
112
97
111
100
99
106
105
114
92
109
100
96
115
98
109
94
90
100
98
120
118
96
103
95
104
83
87
106
106
112
96
96
108
102
88
124
105
116
100
107
96
98
107
114
117
112
93
110
105
112
85
102
104
94
103
100
113
93
110
101
106
117
95
95
106
112
83
89
100
97
120
120
89
105
99
117
113
115
89
123
105
94
93
107
93
118
93
114
81
122
110
110
106
100
107
112
79
107
110
113
98
102
103
113
79
107
101
80
112
105
103
97
96
106
101
110
109
88
93
108
101
103
105
107
131
105
100
93
106
113
107
109
92
104
110
93
112
110
108
107
95
110
110
112
109
120
101
94
92
92
115
78
98
97
92
89
92
100
106
90
107
114
110
109
122
110
115
110
102
95
92
102
106
86
100
115
104
82
100
97
110
105
102
100
115
96
109
113
91
112
94
107
104
110
110
100
125
97
110
107
98
96
117
88
102
99
94
109
112
109
99
94
93
100
94
97
95
90
112
106
99
106
94
110
104
101
81
108
94
91
82
106
98
110
91
84
106
100
102
89
107
100
110
107
104
99
87
96
115
121
96
100
95
108
113
133
103
102
114
122
102
100
110
100
96
95
109
97
101
110
96
95
99
109
103
100
95
115
123
109
105
102
94
93
106
86
89
103
105
104
97
91
94
92
118
93
109
79
114
99
101
92
87
96
92
110
102
91
101
105
91
104
114
100
88
96
90
98
106
87
107
89
103
115
118
92
99
103
96
98
99
105
92
86
101
103
77
110
118
109
108
106
105
92
106
102
95
106
97
102
100
104
99
94
85
88
104
107
93
100
103
89
125
94
118
93
91
85
95
74
110
113
115
98
90
105
94
105
83
108
102
89
106
90
101
88
105
86
92
92
104
90
103
89
88
95
90
108
101
105
101
115
117
103
100
93
79
111
101
103
96
94
92
105
117
106
94
99
107
110
100
101
112
105
107
111
99
99
102
96
98
96
97
86
89
77
90
99
101
80
109
105
101
93
102
97
84
107
105
107
107
85
86
94
86
93
103
105
94
97
95
114
117
98
104
86
111
118
80
116
82
103
89
102
106
97
90
99
83
113
94
108
117
96
100
91
73
111
95
98
88
95
93
91
101
89
94
129
88
92
85
82
118
87
89
89
75
82
122
113
103
99
103
95
101
88
81
93
105
103
87
101
90
98
113
81
101
99
94
90
94
94
96
108
98
84
90
125
82
108
99
101
102
100
108
108
109
92
110
99
89
92
94
83
92
106
99
80
96
104
111
93
118
90
84
105
104
88
108
106
94
90
75
88
88
94
86
94
104
90
112
89
86
98
112
105
93
105
94
99
111
104
94
91
106
98
95
89
91
106
108
103
86
110
88
100
106
86
101
101
91
90
109
99
122
100
105
115
90
104
99
101
96
80
104
112
96
99
92
85
95
94
105
101
97
109
105
108
101
95
86
110
110
88
104
103
85
105
112
106
106
87
89
89
92
97
112
105
105
84
87
90
82
99
107
101
88
95
88
95
110
110
102
111
119
114
124
113
113
90
70
102
89
102
109
108
101
101
85
98
102
115
105
105
82
82
114
103
102
129
100
96
98
95
105
108
99
98
90
93
105
90
106
93
88
101
100
107
90
102
88
97
95
88
85
106
96
113
102
95
107
101
97
110
109
87
94
94
112
117
93
97
103
113
112
105
109
93
89
86
100
82
89
90
100
116
98
104
92
98
95
112
100
110
106
87
86
113
95
107
119
104
109
85
128
113
115
104
109
97
90
86
96
111
103
90
87
106
102
97
83
85
106
83
111
91
82
106
108
102
90
108
103
90
94
108
94
90
89
105
97
94
116
106
88
106
106
91
118
73
118
99
99
100
118
100
88
104
93
100
92
104
106
108
99
100
96
91
102
108
101
98
90
94
104
92
100
95
96
91
102
93
94
113
114
92
95
104
83
94
95
95
117
100
109
127
75
107
89
105
110
119
88
111
110
94
96
98
82
97
99
89
88
106
97
115
82
90
110
112
96
93
93
107
107
106
86
87
109
95
102
103
109
118
102
88
110
111
95
98
80
105
106
105
105
104
78
89
87
99
108
115
95
91
112
84
98
115
91
122
94
103
85
91
91
106
105
103
88
114
108
103
104
97
110
108
80
95
102
112
106
79
85
108
80
93
107
121
92
100
108
101
110
90
100
102
98
111
97
70
111
82
107
95
103
104
116
79
89
102
94
90
81
103
123
86
106
119
101
106
95
89
100
90
90
97
98
108
93
95
92
114
111
97
100
94
90
100
110
96
106
87
93
97
105
100
96
113
99
100
114
85
83
88
94
101
114
99
119
101
90
89
97
123
91
89
99
104
113
96
100
107
106
99
104
96
85
88
108
82
97
87
93
103
91
115
92
93
108
97
107
99
106
99
84
103
100
103
101
90
90
95
110
95
107
116
97
94
92
100
101
98
102
78
105
89
116
94
77
100
105
110
98
118
97
100
103
92
112
92
112
94
88
102
99
87
102
93
107
100
102
109
97
105
104
97
100
117
97
103
86
95
107
90
94
87
99
100
114
104
111
102
88
83
92
103
94
112
105
84
101
111
93
99
99
97
90
98
78
97
112
112
107
107
81
83
85
103
110
110
101
96
105
101
103
102
109
101
84
99
102
96
97
108
104
94
93
94
84
95
105
89
112
98
116
90
109
88
105
91
91
100
97
92
110
108
94
110
88
104
98
98
92
99
102
90
88
110
101
111
101
104
96
104
95
104
103
85
112
99
81
109
96
101
83
110
82
99
102
92
91
105
93
99
105
91
93
103
104
108
107
97
116
100
93
106
105
114
118
103
101
112
101
88
110
102
93
100
92
107
87
108
104
93
113
90
117
109
94
103
104
112
98
108
95
92
100
104
102
94
95
90
87
122
104
90
92
104
101
93
92
100
98
121
101
94
115
105
95
117
97
110
89
97
107
92
101
100
121
93
109
104
103
106
79
119
110
91
110
100
108
100
112
118
93
90
119
95
101
110
106
104
107
96
108
92
118
112
94
98
102
101
105
110
94
90
116
90
123
98
101
118
110
103
65
110
121
110
105
92
94
96
114
103
112
117
112
117
101
106
102
98
101
103
98
105
94
114
98
97
108
109
107
96
108
105
116
82
99
84
110
100
103
90
102
89
118
70
114
102
101
83
89
97
113
120
101
98
98
101
88
83
96
111
104
109
86
93
109
89
95
102
97
98
116
96
79
102
90
101
95
86
71
101
90
108
106
101
91
107
137
81
91
118
83
75
94
98
113
93
106
93
87
100
124
100
94
92
104
97
98
91
111
121
98
109
111
105
89
99
105
112
114
90
103
102
113
94
104
99
111
105
107
94
90
102
104
103
101
115
93
87
96
98
100
85
116
95
87
106
115
119
101
110
100
94
88
101
113
127
102
97
114
112
99
123
111
95
111
94
91
98
96
93
101
104
105
111
99
98
92
113
91
118
96
103
102
109
95
105
92
104
111
107
107
114
109
97
97
102
92
103
92
110
96
105
95
108
89
101
117
100
95
110
97
100
112
124
114
108
85
118
119
84
115
122
115
94
114
109
104
96
102
114
122
111
103
118
105
112
110
117
106
109
97
93
109
87
100
107
108
98
121
96
110
103
117
126
113
84
76
99
104
127
103
106
100
100
104
104
96
116
105
90
109
94
103
99
108
108
87
105
127
101
84
102
109
104
106
102
109
112
101
118
108
120
105
114
108
106
90
120
119
111
99
101
100
98
117
108
109
96
118
115
118
98
117
95
96
105
119
105
110
103
112
114
104
104
112
94
123
89
106
108
100
126
117
119
107
115
117
79
106
100
100
113
110
101
95
117
110
88
101
95
109
118
107
107
92
104
112
105
111
104
112
100
118
103
95
108
101
106
85
110
117
108
111
99
121
98
125
106
116
96
85
95
102
113
109
104
106
87
120
110
103
112
107
109
111
101
106
107
105
110
102
96
101
121
110
97
86
121
116
110
97
104
88
88
120
87
107
117
96
112
98
124
125
96
103
96
128
97
102
123
119
98
104
123
122
100
124
125
104
107
126
97
110
92
127
97
99
117
96
110
95
110
108
123
107
111
98
115
105
105
97
106
111
103
103
101
86
111
102
112
103
95
115
137
103
118
113
105
124
110
112
116
93
119
106
122
112
110
128
103
103
114
108
107
104
108
95
114
110
102
120
102
114
93
122
97
105
106
98
119
122
116
109
115
94
120
112
99
119
99
102
120
100
122
101
111
96
110
124
126
97
115
141
102
116
99
135
114
111
112
111
103
102
119
109
115
108
107
140
108
112
97
109
116
128
115
115
114
118
107
112
120
99
103
112
110
93
118
139
108
117
103
127
110
107
131
106
110
101
132
86
110
94
115
125
93
117
129
111
124
106
120
114
121
107
102
107
111
94
99
117
115
100
119
119
98
115
107
116
110
100
128
110
112
93
120
108
118
111
123
114
108
117
111
120
126
94
115
117
116
101
133
107
90
114
126
93
97
98
102
101
109
100
109
109
126
127
101
100
124
118
124
116
101
119
98
123
98
131
127
101
116
108
128
124
112
116
110
131
99
113
127
127
117
130
123
119
111
111
102
121
123
115
131
114
113
114
111
119
124
118
119
103
105
114
137
124
127
120
91
126
106
112
113
126
139
118
117
108
117
97
127
118
112
105
122
130
118
117
109
136
107
108
110
124
114
113
115
116
104
101
98
118
116
112
119
105
102
107
92
108
126
135
115
110
85
129
131
128
95
106
101
109
110
108
109
117
119
121
132
110
113
122
109
111
113
121
97
114
110
114
110
114
99
114
109
109
109
128
106
116
112
115
123
108
113
123
116
111
113
124
106
105
101
120
117
115
125
104
115
118
112
120
116
101
123
124
109
110
118
112
111
121
116
109
117
121
112
118
123
106
107
110
135
104
127
106
110
118
100
124
133
124
108
119
138
124
123
106
96
95
126
116
117
107
111
117
116
129
112
125
105
121
111
118
105
118
106
112
129
108
121
120
123
113
132
108
131
111
118
116
115
123
113
125
154
118
129
122
110
135
122
99
108
124
122
125
114
132
122
112
115
138
119
124
97
132
115
115
119
116
132
121
117
127
115
123
121
118
125
111
109
134
137
127
132
122
114
114
129
117
120
108
131
130
118
125
110
110
113
109
129
138
114
139
124
139
124
112
125
125
141
106
127
117
136
133
117
122
120
86
117
102
110
141
121
135
136
133
117
138
109
124
124
139
118
131
131
113
132
103
126
134
109
124
129
118
132
124
133
96
98
117
134
119
115
151
118
120
138
117
110
104
123
144
128
116
106
126
125
137
130
136
119
107
114
123
122
131
115
123
134
112
106
102
121
117
129
114
124
137
119
116
120
136
126
150
110
126
151
133
117
109
136
120
130
119
108
110
120
135
119
125
113
125
110
119
148
115
123
118
134
102
133
125
138
122
117
137
129
130
115
124
123
127
128
137
110
116
147
114
98
141
144
104
118
138
127
125
126
120
132
108
123
123
138
101
115
123
129
127
93
100
127
106
123
126
138
115
126
119
126
133
119
100
121
131
140
123
137
131
135
107
116
129
128
124
110
116
143
140
140
125
140
123
112
126
108
134
130
113
121
122
118
115
116
124
159
111
143
118
125
128
112
134
117
124
116
127
106
123
110
125
125
123
128
132
131
140
128
113
134
93
95
114
106
108
132
129
129
111
128
122
121
114
132
114
130
109
138
134
142
120
137
110
131
123
133
121
118
129
118
136
124
130
132
139
131
128
104
129
107
133
118
123
122
144
105
137
132
110
115
128
125
106
115
109
121
122
137
131
123
123
130
117
117
128
126
129
131
129
104
131
134
135
120
117
129
138
112
121
129
112
134
145
128
125
127
129
149
117
130
147
151
134
114
139
130
109
107
142
122
139
131
120
131
128
113
115
119
116
117
133
142
119
104
100
122
119
122
137
115
115
105
114
130
119
124
137
131
121
113
107
120
119
136
136
107
115
118
128
108
134
124
136
113
105
125
123
124
124
123
126
143
127
112
118
111
114
110
132
117
139
118
137
127
119
123
110
124
106
128
122
111
129
126
108
113
122
119
117
109
144
115
110
130
110
120
120
135
101
130
118
140
123
130
130
112
124
107
104
123
111
105
128
124
111
109
130
110
109
128
118
124
124
125
147
102
96
115
122
128
108
111
129
112
121
122
122
116
112
122
96
119
116
112
119
140
138
118
110
108
118
120
110
112
94
105
118
130
109
114
110
119
119
93
111
111
101
104
121
117
115
119
117
135
97
127
108
105
102
97
108
124
122
109
110
108
114
100
107
134
98
116
113
136
93
105
101
103
100
107
131
113
132
95
119
115
107
125
111
122
112
98
95
94
103
111
113
111
127
112
117
112
125
113
105
130
114
113
97
116
109
109
112
103
112
99
109
122
103
107
97
97
92
119
106
108
119
81
108
101
122
109
98
125
111
99
82
98
117
106
108
102
114
80
107
96
105
108
96
108
108
111
107
108
101
97
128
91
102
101
118
96
114
108
101
105
107
128
121
95
97
110
79
93
99
101
103
122
108
106
116
94
106
122
105
90
108
100
110
93
103
91
93
106
98
101
74
94
110
97
96
87
103
101
87
83
90
104
103
89
92
99
96
83
99
104
96
91
90
110
111
102
115
77
91
90
79
109
100
107
95
110
88
112
116
92
106
105
111
120
91
87
87
90
78
118
108
87
93
104
94
93
105
82
105
90
102
84
81
100
85
85
112
91
99
90
105
83
89
101
108
91
93
87
95
97
77
99
87
77
75
99
93
108
94
100
85
87
78
95
109
76
92
75
97
85
95
91
100
91
91
89
78
81
97
95
76
94
87
73
93
75
92
85
93
112
105
95
86
92
97
81
71
78
84
79
77
77
90
82
88
103
82
78
98
98
83
89
75
85
86
89
80
78
89
80
96
96
97
80
79
81
95
70
90
91
80
93
79
84
82
92
102
88
95
75
76
72
92
95
80
90
73
74
102
88
93
85
87
94
107
84
94
72
77
80
99
82
93
86
76
101
101
81
87
91
85
103
68
93
94
92
92
102
89
82
87
86
82
95
94
89
87
85
83
92
70
75
67
103
78
78
88
84
81
97
85
76
87
67
79
68
79
101
81
60
97
82
87
84
82
95
74
93
81
81
71
81
97
90
82
96
87
102
91
87
80
80
88
92
84
83
95
91
88
82
78
68
92
77
69
79
98
89
91
83
67
77
79
77
78
67
72
72
89
83
78
77
86
79
77
84
93
71
67
80
87
85
78
91
88
91
73
76
78
72
70
70
99
78
75
75
76
102
94
79
72
79
74
82
78
73
61
84
74
97
89
82
79
71
77
74
74
79
82
69
77
87
82
86
79
92
93
86
79
74
67
79
78
78
91
69
78
81
89
84
95
85
95
75
73
88
74
82
81
91
68
77
97
75
79
83
92
83
76
79
92
81
88
73
83
64
80
79
70
65
82
88
75
82
91
85
67
67
78
66
90
87
76
72
88
82
93
87
71
79
110
76
76
96
87
94
63
83
82
81
67
75
89
68
87
74
79
77
90
91
65
83
75
86
95
76
74
83
83
84
94
80
86
74
80
79
70
84
70
79
81
88
87
88
89
81
80
67
80
75
72
65
76
79
79
88
97
94
70
85
90
72
72
82
71
91
72
78
74
88
68
74
63
70
67
66
75
84
70
80
72
73
80
89
82
99
79
75
79
76
85
72
90
82
83
79
73
73
85
78
74
82
79
78
94
101
75
63
82
78
75
78
81
83
86
69
82
98
91
81
71
79
72
87
66
89
83
82
78
63
76
87
94
86
77
82
76
85
71
77
99
87
76
74
77
79
84
80
89
84
83
92
80
92
69
77
70
86
87
83
88
81
73
93
77
66
78
78
102
84
70
69
82
82
55
63
71
83
72
107
72
84
74
67
79
79
80
106
80
78
87
93
74
91
81
82
95
77
86
71
55
92
76
76
77
84
76
79
71
79
97
82
79
78
92
80
80
100
74
73
73
83
93
95
80
95
96
87
73
81
78
86
97
93
82
82
71
90
90
82
82
83
91
96
110
89
90
81
91
101
76
86
95
86
80
100
82
91
81
89
76
71
68
83
78
86
98
85
102
85
80
80
94
82
89
81
74
86
70
77
75
84
81
74
98
69
99
88
97
97
89
80
96
94
96
103
79
82
100
89
98
95
80
94
91
90
86
100
103
85
105
96
98
100
90
92
76
90
79
87
97
99
89
88
86
82
105
85
95
90
94
105
89
84
102
121
86
93
79
80
110
97
79
98
96
97
88
96
94
97
109
95
107
91
122
101
89
106
101
94
96
117
99
89
107
91
85
81
100
106
93
106
102
117
87
98
119
117
83
109
102
106
113
95
113
98
87
99
79
111
100
101
96
107
109
102
99
109
123
111
116
112
106
100
119
102
114
125
103
105
95
115
118
96
107
104
121
124
128
138
95
112
96
108
119
108
127
102
135
112
126
111
110
116
133
118
133
119
106
110
131
134
120
123
134
131
129
152
115
138
132
124
138
115
106
125
127
113
112
119
162
140
146
130
129
138
114
136
120
124
135
128
117
137
151
142
144
154
141
125
134
156
152
153
163
152
140
168
149
155
151
140
131
152
141
146
149
155
169
160
160
135
154
123
154
165
159
148
172
169
153
169
150
166
143
160
153
169
178
200
157
137
171
171
154
147
160
151
159
171
140
155
172
162
157
153
158
153
181
180
168
167
194
161
184
185
156
198
190
168
188
188
178
178
186
183
206
139
181
187
198
185
172
175
180
170
171
183
207
196
197
200
165
178
147
227
210
177
186
186
185
195
217
242
187
213
227
213
204
219
202
181
194
206
215
214
202
228
217
179
193
203
201
219
211
202
230
231
219
231
198
239
193
226
209
202
216
254
257
203
203
216
225
222
220
239
242
226
245
246
223
212
227
227
236
235
220
268
255
221
240
248
238
231
237
240
229
222
220
218
236
244
224
239
225
246
243
253
271
233
220
249
229
241
219
239
233
239
243
245
225
234
273
234
252
244
259
235
238
267
263
242
242
239
244
249
230
222
248
251
271
251
274
218
261
254
267
270
245
240
267
258
249
260
239
221
247
232
257
291
240
236
249
256
260
252
234
260
236
247
244
247
258
253
276
255
262
263
253
231
236
263
245
300
266
241
252
257
268
266
241
240
237
264
233
255
283
227
255
243
228
246
257
261
256
238
279
235
256
261
263
233
261
239
240
208
266
264
242
244
239
241
238
245
245
236
229
229
256
221
203
249
259
248
226
240
246
236
228
235
234
239
235
252
222
231
233
237
242
212
215
203
201
227
239
232
246
228
222
204
204
245
249
229
219
201
224
231
234
207
207
209
208
215
219
219
220
229
190
175
222
190
213
188
219
210
205
190
187
226
198
204
195
193
178
183
198
198
202
210
202
175
194
188
178
204
170
170
170
177
204
197
166
169
199
153
192
180
182
167
176
167
159
152
172
148
165
164
140
141
177
158
190
178
159
158
160
164
151
132
141
140
152
146
146
160
166
170
138
161
154
142
157
179
147
171
125
141
164
119
168
144
155
138
147
142
126
146
122
132
133
126
127
136
129
123
137
136
114
125
125
119
125
114
110
135
102
110
113
114
123
111
91
134
105
114
112
95
113
120
108
115
101
95
121
98
125
93
99
97
95
97
86
99
92
112
108
99
108
82
96
80
113
99
86
94
101
82
97
82
83
84
78
71
84
94
77
97
87
90
91
81
80
75
73
81
77
78
80
94
74
82
57
95
65
58
78
79
65
64
73
66
68
88
62
58
80
68
86
73
72
69
52
73
68
81
78
68
63
77
76
73
61
76
62
45
70
55
64
58
51
56
76
66
57
77
75
59
73
80
76
59
64
54
72
56
82
64
55
70
52
48
61
54
63
66
59
67
61
63
67
60
56
57
60
62
69
48
66
55
64
59
55
52
56
52
68
61
69
57
62
57
40
42
59
65
51
52
41
49
67
53
71
57
55
46
59
59
58
73
52
53
55
70
54
52
59
61
55
57
62
53
61
50
63
58
72
57
48
61
53
68
64
69
60
64
51
67
49
66
53
79
50
67
75
56
46
58
88
70
68
61
65
61
65
64
60
65
72
67
78
63
65
90
63
75
83
52
56
53
68
76
68
76
72
69
63
66
56
71
82
74
70
81
78
73
60
71
68
69
62
60
53
65
67
62
65
68
80
70
90
79
67
73
76
95
65
99
91
98
66
81
88
87
73
72
81
83
75
75
82
68
67
72
81
75
85
78
89
84
99
100
81
83
99
79
114
78
81
91
75
96
101
99
83
94
94
101
84
87
92
93
91
104
100
111
95
89
102
89
100
90
110
94
103
96
99
97
119
102
107
106
97
107
111
88
112
101
118
118
109
106
122
118
123
126
117
106
106
122
108
96
98
107
99
121
98
115
141
107
116
125
117
127
110
125
128
110
134
111
115
99
130
127
128
124
113
129
127
141
122
144
115
134
124
135
122
127
117
129
120
150
128
121
135
127
142
148
136
156
155
132
145
122
142
130
145
125
146
133
140
133
139
172
148
156
153
153
151
139
144
151
166
133
157
163
164
169
162
176
166
145
173
152
165
161
186
158
149
163
156
152
153
185
146
171
161
142
169
187
165
151
175
171
163
157
168
178
178
157
169
164
156
188
176
190
200
191
166
170
182
199
190
157
189
184
175
190
155
187
167
162
188
173
186
161
202
184
181
167
168
193
184
167
212
163
179
207
178
198
208
196
177
185
184
191
197
184
206
187
216
178
209
210
196
206
201
221
214
172
220
184
197
216
199
203
199
211
188
217
206
199
207
193
190
193
204
191
173
201
176
195
202
173
171
207
224
199
191
202
211
217
202
198
194
193
223
201
245
223
209
206
213
191
205
201
228
201
206
220
186
226
195
196
205
215
208
206
222
203
193
199
230
180
197
208
225
198
177
197
212
223
204
198
213
184
218
226
223
186
192
211
209
209
204
207
192
208
212
206
197
186
176
199
239
208
206
208
220
230
211
205
190
175
196
189
220
210
203
198
231
189
198
205
199
208
207
181
206
195
215
186
209
171
177
199
213
175
190
204
198
173
201
207
185
201
193
217
196
204
203
193
179
167
190
183
176
205
173
170
161
171
189
169
205
158
162
173
177
169
164
162
156
177
168
163
150
158
165
171
151
166
181
163
157
149
174
157
158
177
186
174
160
145
150
166
139
180
185
145
120
154
159
128
160
166
147
150
146
139
152
159
162
153
158
135
143
174
135
146
140
139
134
141
151
122
121
125
123
136
133
132
142
127
119
130
128
123
118
116
102
126
127
126
137
113
122
119
117
123
125
119
115
125
98
107
109
108
130
99
125
108
107
101
107
107
117
95
102
84
98
87
96
110
100
90
87
124
90
94
100
100
113
89
103
102
88
98
90
89
90
88
81
65
90
72
78
92
93
83
88
94
69
92
83
70
72
64
78
79
91
58
58
81
74
73
71
81
74
79
54
67
59
73
57
66
68
67
52
46
65
71
58
57
47
65
57
60
61
50
62
52
60
64
59
54
46
48
51
45
58
57
51
51
62
63
52
60
52
46
47
39
39
49
44
53
35
41
47
50
27
40
40
36
38
38
45
46
41
41
42
35
35
38
25
35
38
29
42
32
26
32
25
28
46
32
25
21
22
31
24
26
28
29
21
23
18
24
30
21
34
18
36
29
26
28
34
24
16
21
21
26
25
27
22
22
24
24
30
21
17
8
22
21
29
22
22
17
25
25
13
23
31
21
21
16
18
20
20
23
19
19
15
16
16
10
21
13
27
21
21
15
19
15
13
13
10
17
11
15
11
19
12
15
9
4
17
16
19
16
8
18
12
9
13
13
16
16
15
12
9
16
10
14
6
7
5
9
13
8
12
13
9
11
13
4
13
15
10
9
11
12
9
12
15
8
9
8
13
13
6
6
3
3
10
6
5
8
7
10
10
8
4
7
8
11
8
6
7
10
7
9
10
5
4
7
4
6
14
7
2
6
9
8
5
8
4
9
10
12
8
10
4
4
8
8
10
2
6
10
8
3
5
5
7
9
6
7
9
7
2
5
5
6
5
8
4
4
4
7
7
2
5
7
6
5
7
4
9
8
8
10
9
7
4
6
6
5
7
4
2
5
6
7
5
6
4
9
9
8
3
3
2
3
5
8
7
4
3
7
5
2
2
10
7
4
9
4
2
2
6
2
1
1
4
4
1
4
5
4
4
2
4
3
3
3
5
2
7
4
5
6
4
8
3
6
7
5
3
3
2
9
6
2
2
5
4
5
6
2
2
6
8
6
5
12
3
6
4
5
5
3
3
1
4
3
5
4
5
5
2
6
5
3
2
3
9
3
4
8
3
7
9
3
4
6
3
2
5
10
1
2
11
3
4
3
5
7
5
6
3
7
1
3
2
2
6
3
1
3
5
2
4
5
2
3
3
6
10
7
6
4
5
5
3
1
5
1
5
5
2
2
2
1
5
3
3
0
0
3
3
1
8
3
3
5
4
3
5
5
2
3
8
3
2
2
4
5
4
7
3
3
4
4
6
4
6
5
3
2
1
3
1
3
5
6
3
8
4
4
1
5
4
3
5
4
2
2
4
5
4
4
4
6
4
3
5
3
9
3
5
3
1
4
3
7
3
3
5
3
5
2
5
4
4
8
1
6
2
5
2
2
4
3
5
7
2
5
1
4
4
4
4
3
3
0
4
2
8
3
6
2
5
3
8
3
4
6
7
4
4
4
6
4
2
5
3
2
5
5
4
3
5
4
6
4
1
5
4
2
6
4
1
3
4
3
4
4
2
3
4
7
1
4
0
3
3
3
4
5
2
5
8
3
4
0
5
5
3
3
2
5
4
3
6
3
6
8
1
2
3
4
6
5
4
2
5
0
5
3
3
6
8
3
1
5
5
2
1
4
0
3
5
5
7
4
5
3
5
6
3
2
2
3
7
5
6
5
4
5
1
1
3
2
2
3
7
4
1
6
3
4
3
2
0
2
6
1
2
1
7
3
6
9
2
5
6
5
4
6
2
4
0
8
4
9
4
3
4
0
3
3
4
4
2
5
1
6
4
4
2
7
2
2
2
4
4
4
3
3
3
4
2
3
4
4
6
6
0
2
1
0
7
3
2
4
8
3
2
3
4
4
3
5
2
3
2
3
3
5
3
0
1
8
4
3
1
0
5
2
2
0
1
2
5
4
2
3
2
6
2
2
5
6
2
4
3
3
7
9
0
3
0
4
4
7
3
4
2
6
1
4
2
2
2
0
2
6
5
1
5
2
2
2
5
2
2
3
3
2
2
3
3
1
3
3
2
2
3
1
5
5
4
5
2
2
3
4
4
2
6
3
2
3
2
1
4
3
4
2
1
2
3
2
1
1
2
2
5
4
2
5
5
3
2
4
69
65
58
52
61
58
61
56
46
59
46
57
48
43
53
62
69
56
63
50
54
50
55
56
55
61
53
64
47
62
62
54
66
51
65
58
49
54
61
62
49
51
58
49
67
60
52
60
44
73
48
62
52
43
64
51
55
56
55
49
75
54
62
56
69
48
66
58
52
59
70
55
45
56
59
53
66
51
60
48
45
67
64
67
67
50
57
49
75
50
71
48
60
49
57
53
64
62
56
51
48
59
47
41
60
44
53
55
43
62
51
60
54
52
54
50
58
55
41
50
47
51
58
59
54
56
47
22
