0
0
0
0
0
0
0
0
0
0
0
1
0
0
1
0
0
0
0
0
0
0
0
0
0
0
0
0
0
0
0
0
0
0
0
0
0
0
0
0
0
0
0
0
0
0
0
0
0
0
0
0
0
0
0
0
0
0
0
0
0
0
0
0
0
0
0
0
0
0
0
0
0
0
0
0
0
0
0
0
0
0
1
0
0
0
0
0
0
0
0
0
0
0
1
0
0
0
0
0
0
1
0
0
1
0
0
1
0
0
0
1
0
0
0
0
0
0
1
2
1
0
0
1
0
0
1
1
4
1
1
2
1
0
0
1
1
1
2
1
1
3
1
1
3
3
2
4
4
2
5
4
8
4
3
4
2
2
1
2
2
0
0
0
0
0
15
29
50
58
68
85
73
82
71
72
74
86
79
88
80
73
91
93
83
94
84
68
71
69
81
91
84
71
94
95
87
79
89
86
82
89
83
94
86
103
95
84
91
90
65
78
87
79
87
94
76
88
99
85
93
78
96
81
89
80
100
95
90
71
87
84
113
92
94
90
97
90
80
102
87
80
88
80
94
90
81
84
102
79
97
95
88
87
99
79
80
91
74
95
83
90
92
82
87
69
96
73
85
90
98
73
102
91
70
102
97
74
89
96
85
103
82
94
97
78
74
95
87
82
75
90
75
118
74
80
95
95
77
95
98
95
104
71
94
87
83
91
91
85
88
95
94
103
92
90
100
98
101
110
118
114
114
102
120
97
93
84
96
123
80
92
104
85
81
78
93
95
100
97
99
105
99
92
100
93
91
88
110
89
89
82
96
107
94
86
96
104
98
93
84
104
104
91
92
112
78
84
91
94
101
95
108
82
107
96
91
88
76
80
95
113
101
89
111
97
93
89
95
100
102
100
108
110
97
88
83
106
110
93
101
114
114
92
108
114
99
114
84
97
110
102
94
99
95
104
94
102
105
87
108
94
91
103
98
110
99
96
101
99
96
124
94
108
107
103
85
114
98
98
107
109
96
115
99
104
89
103
107
114
108
76
113
100
103
106
109
96
94
98
109
102
96
75
89
94
106
107
108
105
110
114
101
120
81
105
105
111
91
106
106
97
109
85
103
99
104
92
120
113
90
111
86
95
98
107
99
124
92
95
94
98
106
98
99
114
98
98
84
105
113
116
101
105
87
104
98
100
124
107
119
93
93
96
86
97
88
91
92
107
105
86
91
100
99
117
89
93
90
96
77
101
107
98
89
92
84
92
101
94
90
112
97
87
111
76
99
108
90
107
97
107
99
103
77
96
103
91
70
123
93
113
93
116
85
97
86
97
108
88
101
98
90
85
106
104
108
97
88
93
83
90
101
97
104
83
106
94
93
99
93
112
109
109
94
95
92
109
100
121
99
113
120
102
114
105
103
129
89
102
107
109
98
94
85
95
91
103
99
96
95
83
96
88
84
115
111
92
100
99
106
96
93
112
94
105
111
102
89
103
105
95
102
86
107
97
89
85
102
108
92
96
103
114
93
98
84
105
88
103
108
88
103
117
84
115
98
89
106
113
103
91
102
112
112
86
107
93
93
88
101
108
90
96
104
103
103
96
98
111
94
105
109
93
111
97
114
106
92
119
84
95
92
92
77
112
104
108
109
104
116
88
95
106
99
111
85
104
91
102
111
107
109
90
101
99
109
99
114
106
106
95
117
102
102
86
92
89
113
87
111
104
105
88
118
109
109
122
108
111
97
123
100
96
104
106
114
95
115
94
93
96
101
121
95
111
102
88
110
120
120
102
118
98
112
113
115
112
101
95
107
95
89
102
93
113
99
100
122
112
103
97
98
103
112
101
102
106
108
104
115
116
100
114
95
112
106
104
105
107
114
103
106
103
112
102
100
101
97
92
116
90
107
97
100
90
97
130
101
125
105
102
109
115
109
94
124
102
113
90
108
111
93
111
103
99
105
108
103
104
105
106
126
97
90
105
112
97
102
119
136
96
111
123
91
95
126
94
105
116
112
97
120
90
102
95
95
108
123
134
123
116
94
105
99
119
117
91
121
117
134
104
95
137
119
119
119
94
106
86
98
92
105
93
99
100
104
104
113
105
96
111
119
103
110
98
101
114
107
116
108
107
111
110
104
99
94
94
117
129
113
107
95
128
99
116
119
98
109
106
104
105
93
119
113
112
93
108
101
116
125
89
110
102
102
113
113
112
111
109
121
127
100
115
117
103
124
121
94
122
105
112
103
120
96
111
114
108
114
117
99
109
119
98
97
114
96
127
105
114
137
141
113
126
112
129
128
114
116
103
134
104
93
116
112
139
112
113
104
118
103
115
110
116
103
119
96
91
126
108
129
97
115
107
111
111
121
113
123
118
113
108
124
125
93
102
124
107
120
106
108
119
121
124
106
92
111
106
108
113
120
115
102
101
120
93
106
118
107
111
110
109
110
103
102
100
129
113
112
121
135
122
134
117
101
119
124
131
110
126
94
106
118
132
138
114
142
117
103
108
123
106
120
120
122
99
137
125
128
92
132
126
106
130
114
109
139
134
120
129
119
143
137
118
138
110
126
128
114
116
114
134
109
123
107
130
112
140
126
134
96
131
109
116
134
118
146
134
106
128
135
117
125
127
126
124
127
117
144
121
126
146
124
122
128
118
118
115
124
121
127
123
122
148
140
125
147
127
123
125
145
128
118
136
116
145
146
127
130
129
119
114
116
110
127
124
121
129
136
143
141
120
113
119
135
122
123
154
146
135
143
126
133
127
143
128
133
132
122
128
121
145
120
149
117
127
124
125
127
116
133
110
135
132
125
139
140
112
134
140
125
155
136
153
134
123
118
150
123
128
116
119
142
142
138
134
121
137
133
121
138
154
135
130
133
132
137
128
135
147
129
150
125
134
144
134
136
124
126
135
132
125
146
143
133
113
141
111
126
136
133
121
134
131
119
115
138
144
147
122
157
155
118
136
105
129
122
115
112
118
108
121
134
136
131
146
103
137
127
121
125
125
103
143
146
134
126
115
113
134
122
120
125
104
110
120
136
132
127
135
129
119
116
102
119
147
128
121
125
97
115
131
118
116
117
131
119
130
107
128
130
110
109
103
123
129
117
132
117
137
108
119
152
116
129
119
106
115
123
133
121
105
129
113
106
120
127
118
105
123
149
117
126
137
120
108
133
143
103
132
117
117
138
122
135
127
118
127
100
103
115
118
115
112
126
116
130
107
113
120
120
109
138
116
113
125
119
116
98
126
110
117
111
111
106
99
110
120
115
106
114
120
122
119
101
130
101
134
85
107
121
125
100
127
119
122
104
124
129
123
128
116
117
127
122
115
98
138
128
121
109
92
139
117
108
114
120
122
97
122
119
102
100
119
106
120
100
111
108
121
117
128
114
112
90
116
96
115
120
114
93
88
100
113
104
109
125
115
107
127
100
93
126
128
119
122
116
95
103
127
95
111
107
131
117
105
111
138
129
116
133
123
110
105
117
123
125
79
112
110
111
102
127
109
120
90
93
95
111
119
118
124
111
127
98
93
112
118
111
122
115
115
133
105
101
106
125
129
115
116
105
106
115
118
113
119
102
104
112
112
110
120
108
122
113
123
112
117
93
99
109
104
117
110
93
118
96
104
111
95
117
116
120
124
108
110
106
131
120
112
92
97
100
95
102
109
123
122
107
118
124
93
97
127
100
109
105
113
112
103
117
114
98
106
117
91
91
103
112
108
113
112
108
105
105
116
108
108
111
124
105
114
123
117
107
107
102
94
111
118
109
94
97
113
129
107
108
95
116
88
123
102
117
107
96
118
69
90
81
100
107
120
115
104
96
102
108
94
101
102
99
102
79
109
107
100
98
108
116
115
112
101
115
116
118
104
95
84
99
99
114
99
119
120
92
86
99
92
104
143
100
110
102
101
106
119
109
106
90
111
101
102
113
107
101
113
114
105
105
114
107
107
115
121
117
103
97
126
119
97
113
112
104
113
104
105
87
108
78
113
100
93
114
111
109
100
103
116
112
96
124
96
116
98
88
102
91
94
115
102
106
113
97
91
91
89
106
100
88
99
111
109
96
107
117
91
102
106
106
98
100
89
101
102
117
119
123
107
91
88
84
91
90
105
106
101
121
98
101
100
95
106
109
105
120
99
86
112
94
109
97
100
109
124
107
102
94
109
110
100
78
92
93
96
109
117
87
100
96
100
97
101
100
107
95
101
94
88
115
102
116
119
113
79
107
113
105
103
100
96
97
95
98
92
95
101
95
84
93
100
114
124
87
88
91
92
103
99
105
84
114
100
113
81
100
96
73
84
82
98
94
105
107
110
106
100
93
86
115
101
101
90
88
98
95
92
104
90
107
101
92
87
100
85
91
87
93
104
93
111
103
91
86
94
85
92
95
117
71
89
88
81
80
90
86
89
81
93
90
102
101
100
92
93
91
94
96
99
102
89
94
93
108
99
98
87
80
94
91
91
96
90
89
89
100
88
89
116
102
101
93
86
92
93
101
97
94
94
94
90
128
100
100
94
113
105
80
104
112
111
95
108
107
97
87
104
100
114
95
79
91
98
93
100
90
99
109
106
82
106
96
84
99
92
91
83
99
98
105
100
92
83
98
94
85
99
76
97
93
99
115
86
115
96
98
96
90
97
87
103
120
89
107
105
104
103
69
99
90
104
96
92
103
104
87
101
94
87
90
101
93
79
101
90
90
99
99
82
104
110
90
99
80
79
105
87
98
115
84
112
91
106
109
93
81
102
103
84
90
95
116
89
102
94
97
98
92
102
119
90
94
85
106
98
91
98
98
108
89
98
94
96
99
100
97
90
99
84
95
95
94
100
101
99
96
92
105
91
97
102
111
94
103
98
108
87
109
99
72
92
92
85
90
98
101
111
111
105
97
85
82
104
107
101
103
93
115
86
97
95
83
99
84
86
107
98
108
96
101
90
94
108
91
91
109
101
82
95
103
104
85
94
91
98
110
70
110
83
93
81
72
109
109
90
95
86
88
84
91
97
106
99
94
91
103
91
93
97
77
82
95
84
84
78
84
80
98
129
74
105
99
89
86
97
103
88
91
89
91
107
94
101
74
109
84
100
79
85
96
78
107
91
75
111
103
104
96
98
87
103
85
97
92
93
87
81
79
93
93
108
89
101
72
88
96
92
93
121
105
74
94
93
99
94
93
87
105
93
97
105
111
103
100
95
106
100
90
91
110
88
108
90
79
88
97
97
89
86
78
90
90
99
94
81
81
86
101
78
88
91
95
90
92
96
99
85
82
70
98
121
83
84
99
99
100
93
95
97
98
95
99
100
80
87
83
102
104
89
89
73
103
96
85
85
89
97
102
83
80
92
94
76
90
80
112
104
104
88
102
92
80
87
97
94
96
75
90
84
102
88
96
85
96
105
116
99
92
81
95
92
84
87
92
102
79
102
87
92
88
103
103
101
86
105
78
90
85
95
72
83
90
102
90
104
99
88
100
86
112
95
93
94
109
94
101
77
120
85
71
99
99
101
101
85
97
99
95
96
112
109
82
120
90
95
87
82
81
101
93
83
90
120
83
98
89
81
128
93
95
115
106
98
69
101
88
90
72
79
111
82
93
78
83
87
86
87
107
86
74
110
96
101
95
85
80
82
84
100
98
92
96
82
81
92
81
79
94
87
100
79
77
103
88
98
92
81
98
92
112
85
99
111
74
105
103
86
86
98
89
96
119
82
86
93
93
98
110
88
95
96
93
85
101
85
98
80
96
81
89
80
93
79
101
96
98
80
89
97
92
89
85
83
95
83
92
88
82
94
89
77
96
82
87
70
103
102
79
114
102
84
80
90
88
80
82
93
100
94
91
82
83
93
91
90
87
90
81
91
85
84
84
95
88
96
102
87
79
100
89
101
102
76
89
81
97
78
102
111
95
96
91
98
83
84
88
88
88
70
103
85
97
87
86
82
79
105
93
113
101
94
88
86
102
100
104
83
110
98
99
106
100
88
87
78
91
95
102
100
89
85
78
85
94
90
91
76
94
84
83
73
93
85
93
81
90
76
80
109
99
94
72
97
96
93
100
107
77
90
80
90
91
92
96
113
91
93
81
96
84
98
89
84
93
96
90
92
92
103
86
101
82
75
99
83
99
101
89
65
101
81
98
95
103
102
90
98
124
83
91
72
85
104
91
101
86
104
102
84
93
87
89
93
103
91
84
98
81
104
98
96
77
109
94
88
108
90
90
109
100
100
81
113
86
88
106
86
80
98
103
94
91
122
95
83
93
98
89
85
97
80
106
94
72
93
97
102
100
89
88
103
84
94
85
90
103
75
91
68
80
65
84
100
89
106
87
103
116
85
95
92
101
91
86
80
89
91
98
90
89
112
88
80
105
94
80
107
104
82
112
93
92
103
84
104
91
99
98
109
85
102
101
85
88
89
99
80
91
97
76
106
87
97
92
97
85
82
88
90
85
78
73
103
94
98
80
101
88
98
91
85
100
86
92
102
77
91
100
107
110
112
95
90
99
100
94
86
102
87
93
98
93
101
86
94
82
91
74
93
86
106
77
85
83
95
87
83
113
91
94
85
104
75
91
91
90
81
91
81
91
102
108
83
69
108
82
111
90
101
73
90
83
103
85
90
75
88
92
88
85
77
97
112
79
90
86
71
110
82
74
79
86
87
110
104
89
88
100
78
98
89
89
85
90
84
98
82
85
102
81
90
86
87
96
100
86
84
95
75
98
81
87
71
100
79
86
84
84
76
98
87
105
113
104
105
98
77
75
83
93
92
88
92
101
100
102
104
97
92
96
99
79
94
95
79
91
99
84
112
110
102
94
81
88
91
88
106
91
86
106
78
93
89
84
83
111
95
87
90
88
84
77
87
97
103
88
73
109
112
92
101
95
77
98
98
74
93
80
98
92
92
106
91
112
78
88
92
98
101
85
91
78
87
75
79
92
93
93
87
84
93
88
74
95
73
87
99
85
78
78
103
90
96
79
92
81
96
101
86
99
84
99
107
95
87
96
73
87
105
103
76
100
98
102
89
85
88
93
67
97
97
94
101
94
99
96
92
91
93
84
104
108
97
108
85
84
82
99
83
89
95
97
97
105
94
101
85
92
87
98
88
113
105
88
82
99
91
77
97
98
111
88
101
109
104
117
100
91
88
89
104
77
90
90
88
79
64
97
91
87
97
98
92
102
102
82
96
94
97
104
99
107
101
86
88
101
77
86
84
89
95
106
101
93
95
91
89
94
88
93
112
92
88
91
95
91
87
81
94
97
89
74
96
82
104
102
90
84
92
85
88
79
94
102
78
100
81
85
91
98
88
87
83
90
83
94
98
99
111
93
93
98
95
81
93
83
120
92
102
90
85
75
75
103
100
84
83
87
95
89
92
71
89
92
92
91
98
94
94
89
96
83
92
101
96
94
100
90
92
106
85
95
84
106
98
66
87
110
88
96
92
94
101
85
80
91
90
84
92
79
80
98
102
106
75
78
79
81
96
96
90
97
102
79
85
101
91
104
113
86
95
88
88
88
113
94
90
94
82
97
101
111
104
75
76
101
72
96
95
99
80
90
97
97
87
101
102
103
99
87
76
98
80
88
98
89
86
79
103
85
96
85
105
80
103
95
94
93
98
94
104
93
103
91
90
87
85
90
92
95
89
80
102
87
93
90
101
91
91
80
69
93
88
87
97
131
92
103
99
86
98
75
98
103
94
94
91
80
94
83
105
83
111
97
116
95
107
89
95
80
96
101
100
92
89
92
81
88
88
87
92
86
111
97
86
101
81
90
95
87
83
86
99
101
104
77
104
89
98
95
106
82
80
97
93
86
79
90
93
88
97
87
95
98
90
89
94
81
123
80
97
99
97
88
87
102
104
94
90
107
84
90
113
91
94
93
102
105
91
85
97
117
92
102
93
87
90
104
83
86
104
91
96
117
92
80
75
90
94
99
99
104
89
112
97
110
76
90
104
78
81
108
102
84
84
76
91
87
88
97
112
89
95
93
98
94
93
82
91
97
96
99
103
99
86
94
109
90
99
89
90
92
98
89
104
101
99
109
99
115
85
103
76
108
87
95
74
90
96
100
104
112
92
101
96
91
90
105
93
88
98
90
86
94
115
93
89
89
102
86
94
84
115
81
96
93
92
92
94
99
103
99
80
108
91
102
87
92
90
88
106
92
104
91
101
111
89
87
93
102
105
98
103
105
66
114
90
105
95
93
106
88
92
94
101
104
98
95
100
105
98
95
112
92
89
105
123
115
102
89
87
100
95
103
86
102
96
88
72
92
110
94
111
101
114
108
116
125
89
107
72
90
98
89
100
94
97
119
98
95
95
103
119
91
78
106
115
95
95
99
89
101
107
86
89
100
106
106
83
90
80
105
86
105
86
99
89
94
83
106
100
100
89
91
96
102
95
88
73
81
99
105
105
101
93
91
93
99
93
99
100
75
90
78
93
93
105
121
81
107
85
95
100
90
89
95
102
105
80
105
91
96
109
99
93
93
93
98
85
115
81
96
86
115
70
95
90
90
94
90
101
123
103
100
107
91
89
96
99
115
115
89
94
94
95
73
86
86
99
116
85
80
90
96
107
96
105
65
93
123
111
92
101
88
111
105
117
86
93
105
104
112
94
110
96
95
103
81
112
83
103
85
78
94
120
113
106
104
98
103
101
91
102
110
98
85
117
97
105
110
84
109
101
102
92
100
90
103
93
92
86
95
90
91
116
77
108
120
95
99
104
86
90
101
101
112
96
96
108
98
96
97
109
88
101
100
91
87
96
107
111
99
116
115
106
116
78
81
99
90
94
106
97
93
101
99
113
103
106
100
87
110
99
101
116
94
105
107
112
94
95
112
101
97
92
97
95
107
107
98
101
104
94
92
100
111
101
99
90
92
95
83
86
107
109
87
93
86
94
106
96
85
103
104
104
94
98
85
93
96
95
96
99
83
102
100
102
102
106
93
106
99
110
103
96
112
95
102
111
98
106
97
73
103
100
100
112
108
101
103
126
81
90
78
120
102
98
96
117
98
115
91
102
127
88
108
113
77
101
96
88
76
118
107
86
100
100
117
95
101
101
105
95
104
99
100
94
122
111
103
98
94
95
94
103
92
91
97
102
89
108
104
92
85
109
114
92
101
99
99
99
95
77
107
89
99
103
88
105
111
95
104
107
102
98
94
96
101
81
94
107
91
107
94
94
83
116
94
92
102
90
98
79
115
100
108
99
87
100
116
112
114
106
99
98
125
102
91
106
102
101
115
97
72
106
110
95
105
105
100
94
116
97
105
102
112
97
111
97
102
103
126
107
98
96
107
105
85
106
103
100
118
93
102
109
99
100
111
100
92
94
103
99
122
111
111
116
114
99
113
113
121
115
93
107
112
101
104
109
113
106
89
121
106
103
98
93
101
101
90
110
120
100
110
120
97
96
113
100
93
105
102
105
96
115
96
105
117
114
112
95
111
102
107
81
93
100
97
126
110
94
120
104
95
108
83
94
120
99
114
124
102
108
96
100
111
115
101
108
96
94
109
107
113
119
96
107
126
100
98
113
97
94
102
120
99
93
88
113
121
115
111
105
95
95
97
96
99
99
110
134
111
102
95
119
97
121
93
96
97
92
99
115
123
101
95
94
111
88
98
134
109
107
108
111
107
111
104
91
96
109
96
116
78
105
112
107
110
99
111
121
109
128
102
89
100
120
133
125
128
111
96
109
113
117
124
112
100
112
112
95
115
121
115
97
100
96
103
112
109
111
105
106
111
95
107
126
106
93
112
118
135
116
100
114
105
97
100
122
96
114
117
120
110
82
93
118
108
99
102
112
111
100
124
102
110
116
106
96
104
106
105
105
110
111
99
98
108
104
118
102
117
111
116
125
106
118
115
122
111
108
109
110
92
88
103
94
124
100
104
99
99
127
106
116
128
115
111
97
105
115
112
127
107
108
105
129
99
116
133
105
100
106
95
107
114
121
108
102
115
115
105
126
97
105
123
114
119
96
88
97
116
115
116
104
125
102
116
99
103
126
105
93
97
115
116
111
113
123
102
122
116
114
109
94
108
108
102
107
96
119
117
107
102
109
109
131
101
89
95
119
117
106
119
109
119
120
126
116
117
108
109
90
122
109
111
118
112
111
111
105
108
115
108
120
102
108
105
112
99
110
123
106
94
130
119
110
110
112
103
132
107
119
129
102
106
113
112
113
115
122
125
116
108
128
123
114
125
118
122
92
102
113
100
119
107
130
119
96
116
101
131
101
110
101
113
102
131
112
146
117
111
123
109
122
114
106
108
110
130
107
126
107
110
100
104
125
135
99
121
107
126
103
111
126
126
103
115
120
125
109
113
116
113
120
111
115
100
116
111
103
114
117
94
105
103
90
126
121
102
111
107
105
101
116
106
113
121
107
110
104
113
105
124
124
104
116
113
117
98
101
104
116
109
106
94
125
111
98
104
117
112
108
119
109
117
102
120
111
118
95
117
99
109
104
119
125
106
121
106
119
136
116
126
105
97
115
104
107
115
118
137
129
112
120
102
110
122
125
102
109
113
109
120
117
97
100
100
108
113
129
118
100
113
109
116
117
121
115
87
126
117
125
124
130
109
120
103
121
116
107
98
124
125
108
124
107
88
139
119
112
112
111
122
112
115
126
111
109
112
118
120
120
116
107
107
113
116
86
105
134
131
122
112
112
103
116
109
144
103
112
111
118
114
107
101
84
132
95
129
112
119
116
113
104
100
91
121
118
123
118
137
125
117
121
103
106
114
104
108
118
127
122
135
100
134
110
125
117
115
115
113
110
125
106
106
124
95
139
123
127
103
141
112
107
111
107
105
110
85
102
105
96
110
97
97
102
102
111
97
105
114
120
111
100
119
105
117
99
108
116
106
102
133
131
102
107
117
109
132
97
122
106
98
104
114
106
118
108
99
120
116
110
127
102
101
122
104
108
99
105
117
101
111
115
94
108
101
97
107
115
114
112
103
120
105
117
105
114
121
109
100
127
93
113
116
104
112
116
82
116
128
98
130
121
117
93
104
120
111
105
110
105
110
88
95
112
112
109
100
114
96
97
103
100
125
123
97
93
80
80
112
94
116
105
106
117
107
119
119
91
93
100
99
105
91
96
112
103
113
104
108
88
112
108
105
109
110
115
88
91
78
117
89
87
115
104
91
99
79
93
129
112
108
99
104
112
100
111
96
94
106
92
98
108
98
103
101
96
119
97
108
100
93
101
119
84
115
88
112
83
80
108
82
112
88
88
99
107
95
97
92
112
93
104
102
105
96
105
94
94
96
121
80
70
101
106
115
96
99
111
107
121
101
101
92
83
90
103
76
92
96
102
95
82
103
76
110
92
91
99
99
95
87
90
97
89
90
77
97
79
102
101
106
95
100
76
81
77
91
88
100
104
83
87
99
74
103
87
104
86
100
107
81
100
80
105
87
86
74
86
88
96
94
90
54
90
82
95
79
89
96
88
112
73
98
115
81
83
87
94
99
108
99
88
84
84
86
84
99
94
95
93
99
102
96
94
102
81
80
80
97
90
89
77
89
85
84
94
85
94
86
68
79
77
89
95
71
85
69
81
87
90
94
81
85
84
92
89
78
82
70
83
93
82
84
72
87
72
86
74
81
90
92
93
68
80
97
95
67
83
74
107
57
73
85
75
86
77
92
81
94
107
85
77
66
87
65
96
93
88
89
87
88
77
93
86
85
76
84
79
70
93
88
67
68
69
96
66
80
91
64
82
82
81
94
77
78
65
86
86
74
80
77
94
88
82
82
81
75
81
60
79
89
63
78
65
72
81
83
67
85
83
68
76
88
82
77
79
74
85
74
68
87
109
75
79
80
80
71
67
76
68
81
76
87
76
82
76
78
74
87
71
79
63
72
87
74
82
80
75
86
81
69
83
61
92
76
75
72
78
87
84
70
91
92
75
70
66
70
74
82
78
78
74
65
84
68
66
84
82
89
76
77
87
72
71
76
89
90
66
81
77
84
89
80
69
82
75
67
74
76
87
63
91
90
87
68
61
86
80
76
79
69
78
86
70
79
82
64
74
76
67
84
79
67
70
86
65
79
64
73
83
85
85
67
67
57
81
85
75
66
70
99
77
71
73
76
61
68
62
80
69
81
75
79
75
86
78
71
60
79
74
78
75
71
77
66
71
60
63
78
91
86
85
63
67
64
77
79
82
82
80
74
68
62
71
63
78
79
70
76
66
73
62
71
84
91
82
75
80
73
77
75
83
83
80
71
101
78
64
76
69
75
68
74
81
67
72
74
78
82
71
75
80
62
76
71
83
72
74
66
69
71
76
57
63
61
68
78
72
80
76
73
68
66
78
52
84
76
66
77
74
80
83
76
77
57
79
70
72
77
81
81
68
70
77
65
77
69
70
82
72
88
80
58
59
79
60
66
78
87
64
52
89
58
55
66
82
69
77
73
81
66
58
77
71
77
64
76
73
87
63
66
61
83
66
68
77
70
77
81
72
73
82
70
77
77
75
62
77
81
77
78
69
75
89
74
60
73
78
74
77
63
91
73
77
57
62
78
65
71
74
72
63
72
66
87
69
81
60
67
61
78
77
64
87
79
73
62
80
79
61
75
65
86
65
68
72
73
62
59
69
66
73
78
67
73
78
77
83
70
73
73
80
90
83
77
81
81
72
71
81
83
86
64
70
68
76
69
70
70
63
73
66
67
62
80
65
51
80
73
68
58
64
75
78
83
79
88
78
62
70
82
91
89
82
93
88
80
71
79
94
81
61
74
83
76
53
85
71
73
73
86
69
71
67
85
81
69
73
64
78
84
94
77
65
71
80
69
72
86
67
75
65
77
81
72
87
82
95
71
83
80
74
78
81
76
81
72
70
87
96
84
62
85
76
73
74
88
74
91
84
88
78
87
69
67
85
80
100
89
80
78
76
64
67
74
72
84
78
75
66
89
69
89
82
77
83
79
66
86
92
67
66
98
85
82
71
61
84
89
69
87
83
83
67
85
77
91
86
84
82
84
86
88
88
79
79
79
88
76
71
83
87
86
95
78
72
93
79
86
94
90
103
89
88
91
98
90
84
94
99
98
98
71
87
89
89
91
93
90
100
100
94
77
90
86
93
81
96
94
106
94
86
88
99
75
87
85
87
100
95
82
96
104
103
89
108
99
74
116
80
92
91
100
91
95
93
84
109
99
90
78
102
105
88
99
92
99
96
101
98
113
97
109
106
111
100
99
107
101
107
98
116
108
97
113
97
95
114
98
117
92
116
124
95
100
91
93
117
104
120
112
106
102
109
105
124
112
105
127
121
112
110
114
111
109
113
127
113
125
123
115
107
131
121
120
101
107
136
133
117
101
116
114
129
131
122
137
110
123
113
123
141
135
135
107
125
121
126
136
159
116
143
149
125
154
126
133
144
150
139
149
125
129
147
128
131
149
145
154
142
145
148
129
136
137
122
131
134
120
142
153
149
159
153
136
140
158
135
137
141
135
143
167
156
141
151
155
157
138
151
137
149
146
158
151
186
140
170
142
148
144
141
144
176
161
168
179
160
146
169
183
178
188
186
177
146
171
186
196
170
199
205
166
176
189
181
180
181
178
201
160
180
177
176
186
177
170
191
189
172
206
188
175
180
173
193
170
175
202
187
190
188
192
170
211
199
183
193
170
206
199
185
206
184
203
217
180
197
219
194
199
195
211
208
192
204
196
205
217
216
204
214
183
221
212
222
214
205
223
203
203
215
203
207
192
220
225
212
212
221
220
234
216
236
214
227
241
185
217
211
209
224
190
233
203
207
219
196
237
226
240
204
226
234
242
225
226
215
244
216
230
203
252
232
222
206
232
239
237
226
241
242
240
232
224
224
259
220
223
244
240
232
240
240
232
223
239
219
246
254
226
237
259
249
225
250
241
241
221
268
227
224
251
227
239
228
249
223
217
223
260
220
251
243
246
235
236
241
237
235
237
235
228
247
227
246
239
237
210
257
231
234
239
235
239
223
243
233
212
239
231
209
227
249
219
194
243
220
257
237
212
252
245
219
215
237
229
205
236
239
262
238
244
257
229
238
229
228
195
212
197
192
219
193
216
222
253
229
211
210
202
230
205
222
220
225
207
194
198
201
216
177
197
228
230
205
198
201
212
196
194
186
203
232
166
183
175
223
210
197
177
206
207
175
191
205
157
195
189
196
192
175
202
180
150
185
181
175
188
193
187
178
166
171
166
155
156
198
166
184
174
181
171
180
161
155
162
159
190
164
162
169
165
167
132
147
144
158
122
161
150
192
166
135
176
132
130
156
160
157
158
136
145
142
150
157
127
132
146
148
115
140
138
132
131
123
124
118
152
130
123
124
135
125
134
130
144
126
128
113
124
111
130
115
117
125
119
115
129
109
108
119
124
124
124
107
125
125
127
108
111
104
118
112
104
98
96
87
79
92
105
97
103
94
78
90
103
101
84
105
96
89
101
89
94
87
95
83
75
94
74
77
78
73
80
74
87
74
85
69
77
67
93
67
71
84
80
77
67
68
61
83
64
66
80
66
63
70
71
56
89
66
66
70
71
74
63
58
68
51
79
66
60
65
79
72
74
65
80
58
59
64
61
61
63
65
60
57
61
63
60
55
63
69
62
46
50
42
44
57
43
70
59
56
72
65
59
51
51
46
57
57
58
39
62
72
51
49
60
53
44
51
49
51
47
50
44
51
53
52
47
43
56
57
60
46
48
47
38
41
52
56
53
51
61
52
48
52
47
44
51
50
48
44
48
51
48
52
44
49
52
45
50
55
49
44
54
65
47
43
43
43
63
50
53
52
64
53
45
56
54
50
47
49
45
52
56
50
74
41
80
49
44
46
41
49
45
48
44
51
57
69
50
71
54
57
61
55
47
51
57
49
55
46
51
46
50
51
41
57
75
65
56
49
57
66
69
54
42
56
68
61
63
57
54
65
56
52
54
49
65
47
74
52
46
55
64
51
65
64
66
61
58
64
63
60
70
58
61
84
52
56
66
67
63
71
74
62
85
75
58
82
74
68
82
58
72
61
82
83
77
72
77
79
76
59
81
81
83
69
72
88
86
72
84
78
81
80
56
89
72
83
80
90
84
78
89
68
71
79
70
72
72
78
68
104
106
76
96
93
86
85
87
84
91
84
92
83
86
101
93
104
80
85
91
78
84
111
89
112
83
83
101
106
100
96
100
85
99
78
119
86
91
93
116
99
106
123
97
108
117
101
116
87
102
122
128
113
103
132
112
124
126
95
124
119
121
111
92
110
118
143
119
116
99
125
118
141
109
116
119
117
122
110
118
113
130
145
108
147
129
137
118
122
111
116
132
111
134
123
138
137
127
150
129
150
132
125
134
145
120
130
127
128
157
142
137
167
136
152
116
156
132
150
154
132
135
126
178
158
129
147
151
148
148
141
153
171
149
152
170
148
149
160
169
140
165
169
147
170
144
156
159
164
164
155
166
167
154
173
162
162
150
177
176
168
179
170
156
161
178
150
177
178
172
167
165
180
187
170
153
150
181
175
156
184
158
197
175
189
180
169
187
178
168
202
182
183
167
169
171
183
186
164
203
150
189
182
178
174
182
164
192
181
183
168
185
178
186
201
190
188
179
202
185
174
207
177
199
177
189
189
189
203
200
203
207
188
172
180
177
210
207
205
197
195
194
178
178
185
192
178
179
205
198
178
195
175
174
160
191
210
184
202
199
200
184
202
180
201
212
202
197
194
177
212
216
206
190
188
175
206
215
188
198
181
190
202
207
194
187
182
205
173
189
178
183
193
171
172
161
182
175
177
216
189
184
187
210
198
192
196
189
200
168
158
171
182
169
209
192
169
183
172
168
192
163
198
191
181
176
183
194
175
158
189
143
193
205
199
183
181
187
169
150
168
166
181
180
186
165
156
162
203
157
179
180
189
182
189
163
177
169
178
162
162
163
170
193
155
166
158
145
183
178
155
166
153
157
174
139
159
167
164
125
141
161
153
163
140
156
154
136
152
150
162
142
137
156
171
138
155
151
149
135
123
152
156
149
134
121
138
132
131
148
157
126
136
140
122
149
129
121
129
136
128
136
119
127
113
114
118
132
129
111
117
134
118
136
99
115
144
119
125
104
104
121
113
136
110
85
85
132
105
118
115
106
90
99
82
88
105
110
97
97
105
95
90
102
87
93
110
104
88
85
93
104
81
92
105
83
88
80
92
70
89
94
74
83
74
89
85
76
76
72
78
85
77
67
75
74
74
67
83
78
69
72
87
70
65
68
56
62
74
59
64
52
74
69
63
61
52
48
75
68
45
71
54
62
58
56
57
58
47
62
52
57
54
50
40
59
53
54
62
45
48
52
57
48
40
38
54
46
37
54
56
43
40
55
45
46
42
41
45
41
55
38
41
29
34
27
37
37
41
34
36
34
24
28
26
35
26
28
44
42
37
27
19
28
33
31
19
35
39
19
31
19
23
30
19
33
35
24
37
24
16
32
33
22
23
24
24
30
27
20
28
25
24
21
26
21
22
15
19
10
24
18
21
15
25
17
20
18
20
17
28
21
18
21
18
14
17
14
8
17
20
18
19
18
13
19
13
19
18
17
17
16
22
16
16
11
16
9
19
13
21
13
13
16
15
12
17
13
16
13
18
10
14
9
12
13
11
6
9
13
9
23
18
8
9
10
10
12
6
6
11
7
11
8
8
7
11
11
4
12
9
9
9
10
7
7
8
8
11
9
9
7
9
6
8
10
5
6
11
7
10
4
6
5
11
9
11
8
4
8
11
12
9
12
8
4
8
9
4
10
9
11
8
9
7
4
4
5
8
5
8
5
0
6
9
6
9
8
8
2
3
4
3
6
5
11
6
8
3
3
4
4
2
9
5
3
5
15
6
5
7
6
5
4
6
5
4
6
6
4
8
4
3
7
9
6
3
3
7
3
4
6
3
5
6
7
6
0
2
4
4
2
3
2
2
5
3
2
2
6
4
7
4
7
4
4
2
3
1
3
7
7
5
1
7
5
5
2
2
1
5
3
2
5
7
2
3
3
4
4
7
4
2
4
3
4
6
6
5
9
6
3
6
2
1
7
0
2
4
3
6
3
4
5
3
6
3
6
3
2
4
5
6
7
5
4
1
6
3
3
2
1
7
6
2
5
5
6
3
6
0
9
4
4
7
8
6
4
3
2
6
3
2
5
5
2
4
6
4
4
4
7
2
4
1
6
4
6
5
4
2
0
7
2
3
2
3
5
5
1
4
2
3
6
4
5
7
2
1
5
5
7
0
4
5
4
5
2
2
7
6
3
3
4
3
2
4
0
2
3
4
3
5
3
3
6
3
3
2
5
2
1
6
0
2
3
4
4
5
6
1
7
3
1
4
1
8
5
2
4
3
4
3
1
1
4
3
3
5
4
2
3
2
4
3
3
3
3
3
2
1
2
1
1
5
2
3
4
4
4
5
10
2
3
3
3
3
2
4
3
4
5
6
5
5
3
4
4
4
2
5
4
2
4
4
6
4
5
3
5
2
4
3
0
5
4
1
6
4
6
1
9
4
4
0
4
3
7
3
3
3
2
3
5
2
5
6
5
1
1
5
6
3
4
4
3
5
6
5
4
3
4
5
1
3
5
6
5
3
6
3
5
4
1
3
7
5
2
3
3
3
4
2
2
0
7
3
3
1
1
3
3
4
8
5
3
3
5
0
1
0
5
4
4
2
5
4
3
1
5
3
10
6
4
4
3
3
1
8
6
5
1
4
4
2
2
3
6
4
4
4
4
3
3
7
2
6
2
0
2
3
1
1
7
4
5
1
2
1
2
3
2
2
4
5
4
4
6
3
4
1
3
3
3
1
4
2
4
3
3
0
3
6
3
2
2
2
2
7
2
2
5
2
1
1
6
2
6
3
5
4
5
3
1
6
3
6
3
5
0
3
2
2
4
5
4
2
7
5
3
1
5
3
6
4
1
1
3
2
2
6
5
6
8
2
2
3
3
4
2
1
4
6
5
4
2
6
4
3
4
2
5
4
2
3
2
5
3
2
7
5
4
4
2
2
2
4
3
2
2
1
7
3
2
1
4
2
0
8
5
5
4
1
1
0
1
2
3
1
5
5
6
3
1
4
10
7
1
2
5
1
5
2
3
2
2
2
1
1
3
4
1
2
5
5
1
0
3
2
4
1
4
9
5
3
5
2
3
3
1
5
1
3
1
5
3
3
5
1
6
4
6
2
4
4
3
1
63
67
66
60
49
69
48
56
44
61
56
54
41
47
60
48
53
57
64
47
62
52
55
57
48
64
56
60
68
42
55
52
49
47
43
59
58
43
57
47
53
74
46
56
54
57
48
47
52
54
49
46
58
58
47
50
45
58
43
46
52
49
55
50
60
63
57
57
57
63
45
37
47
48
41
41
39
64
57
40
40
52
51
65
50
57
54
41
54
42
54
57
46
49
49
42
52
49
46
36
51
50
56
39
38
42
38
40
42
50
50
59
40
46
47
53
51
42
49
41
32
38
56
48
45
49
49
23
