0
0
0
0
0
0
0
0
0
0
1
0
1
0
0
0
0
0
1
0
0
0
0
0
0
0
0
0
0
0
0
0
0
0
0
0
1
0
0
0
0
0
0
0
0
0
0
0
0
0
0
0
0
0
1
0
0
0
0
0
0
0
0
0
0
0
0
1
0
0
1
0
0
0
0
0
0
0
0
0
0
0
0
0
0
0
0
1
0
0
0
0
0
1
0
0
0
0
0
0
1
0
0
0
0
0
1
0
0
0
0
1
0
0
0
0
0
0
0
0
0
0
0
0
0
0
0
0
1
0
0
2
0
1
0
0
1
1
2
1
0
0
1
1
0
1
1
4
1
2
2
3
1
0
4
2
1
1
0
0
0
0
2
1
1
5
25
43
53
63
80
75
62
76
71
72
71
75
60
79
75
78
61
70
70
74
77
67
73
77
69
82
74
72
64
61
69
83
66
79
79
76
75
72
71
67
58
64
71
78
85
78
77
79
66
75
74
73
69
64
92
83
85
70
68
64
75
63
75
92
82
66
80
66
59
74
85
86
82
83
72
82
94
70
78
75
79
73
79
72
77
73
71
85
67
74
77
91
79
55
77
74
80
81
86
73
53
80
69
84
71
73
84
81
76
76
82
91
73
69
80
78
72
74
85
84
88
76
70
67
89
89
73
65
93
84
74
78
82
88
83
86
82
70
62
72
75
76
83
92
78
67
91
76
76
74
76
86
88
78
88
97
83
87
66
80
70
77
85
77
92
91
72
73
76
97
91
90
78
83
78
78
81
83
97
76
78
94
78
81
78
83
82
97
93
79
72
106
89
90
111
102
78
79
77
74
83
80
94
91
96
83
82
86
76
81
94
80
72
82
84
91
94
93
67
68
84
75
93
98
86
63
83
72
101
79
79
76
85
92
88
92
97
97
85
105
90
98
74
92
96
91
92
83
82
79
87
99
101
104
71
82
92
101
59
92
102
100
83
73
79
87
89
91
98
91
98
91
81
88
89
82
89
92
95
95
96
86
85
90
86
79
82
93
72
110
93
101
87
88
92
99
88
78
77
81
82
79
99
89
77
71
84
87
73
78
80
91
93
74
90
90
95
89
79
85
89
109
86
83
80
88
102
71
107
85
84
68
98
94
85
92
75
87
85
91
80
68
87
95
83
84
87
90
96
69
100
80
79
84
84
86
83
98
85
75
81
73
87
104
80
72
72
94
86
74
85
77
101
86
86
81
82
81
85
77
70
86
101
96
102
98
98
95
103
73
94
73
94
72
92
81
91
90
90
75
89
93
107
85
74
80
89
78
80
89
81
89
79
92
92
79
81
85
85
119
71
87
97
91
86
81
91
79
91
108
65
77
89
97
80
83
79
88
91
89
76
89
93
75
87
75
88
83
90
73
83
87
84
89
111
85
77
82
103
88
95
99
84
74
75
80
99
82
105
93
83
81
93
86
90
83
81
82
88
89
82
74
93
72
73
80
97
93
105
88
84
77
83
97
79
93
102
97
90
95
86
86
93
87
98
103
90
82
85
103
91
72
95
94
91
90
95
74
89
82
97
96
95
83
89
94
87
80
71
100
87
85
107
88
82
96
102
82
101
102
81
77
99
94
101
75
95
94
92
89
75
82
92
81
78
84
90
90
83
94
94
84
111
86
91
102
82
88
72
95
99
80
97
96
90
90
90
75
96
85
87
84
81
94
90
83
90
86
92
88
82
87
108
93
79
78
100
112
78
75
91
94
90
87
84
80
90
82
82
105
101
97
98
82
77
110
69
73
80
90
101
83
96
79
81
103
88
93
78
89
85
96
102
80
93
86
68
83
103
88
99
93
100
95
96
111
81
92
91
81
96
94
99
92
82
91
87
96
83
89
88
98
85
92
85
101
85
89
88
91
87
77
87
115
98
99
82
82
100
79
97
80
89
86
92
87
88
83
104
92
81
95
93
96
94
93
87
96
96
110
75
86
103
102
99
97
92
90
87
94
87
83
107
80
96
86
85
102
74
78
88
86
86
92
90
99
83
94
95
82
113
109
82
76
94
90
84
89
91
84
68
94
85
99
82
99
73
91
114
111
84
94
94
93
103
81
98
121
91
90
97
88
84
104
81
107
97
110
103
101
88
86
98
92
99
95
82
98
102
83
89
88
78
94
90
101
82
81
94
93
100
76
79
105
75
103
97
102
92
88
89
94
89
93
80
93
92
96
89
103
108
95
101
104
103
94
66
94
97
98
89
99
72
107
101
109
91
80
92
108
73
85
100
88
92
100
88
92
84
96
110
101
121
78
98
103
99
101
98
94
95
111
102
75
108
125
105
98
96
97
90
98
113
107
115
93
115
99
89
92
90
118
99
93
91
84
107
107
85
90
104
90
88
119
86
101
87
97
103
89
119
92
97
109
97
103
93
100
87
120
85
100
92
103
92
114
101
113
112
91
107
117
108
106
89
106
116
101
90
102
99
99
106
100
98
94
87
109
105
88
100
85
116
107
116
102
94
115
106
108
113
103
106
108
108
114
102
94
118
105
107
94
102
113
108
98
113
104
93
111
98
102
122
113
110
116
124
83
116
111
102
120
109
119
90
91
106
111
108
108
105
95
102
118
102
107
89
115
131
118
101
98
99
126
106
122
113
119
110
119
132
100
104
110
125
116
107
93
97
94
128
107
117
103
112
91
111
107
86
106
111
111
116
102
95
113
113
105
114
111
94
124
100
118
108
97
108
112
94
137
94
118
117
118
106
127
121
100
127
119
120
139
114
128
103
113
113
113
112
117
111
107
106
111
105
97
135
112
119
106
104
102
99
119
112
104
103
109
116
101
114
107
107
102
105
113
97
128
111
104
123
111
99
112
103
93
109
109
109
107
116
97
92
115
103
98
95
82
102
118
97
109
101
86
104
101
106
115
118
118
99
107
93
100
100
92
117
86
99
96
112
96
118
113
106
102
104
91
107
100
126
104
84
104
89
94
106
85
116
107
102
106
87
86
98
103
92
104
87
98
114
97
99
97
99
105
98
92
108
108
97
104
96
92
110
95
100
101
103
105
101
119
114
113
95
96
87
84
94
109
106
101
116
103
107
109
91
88
105
102
106
88
109
104
75
106
103
89
88
88
88
97
107
93
99
102
93
97
108
104
91
86
92
96
102
93
109
107
110
96
96
103
86
120
87
97
99
98
99
95
97
103
92
97
86
88
101
91
82
96
104
94
112
97
103
86
92
102
100
97
97
99
95
103
76
89
89
100
105
101
98
87
96
76
102
72
104
89
96
99
94
98
76
84
85
98
98
85
92
102
90
94
98
105
99
89
100
93
97
85
105
93
100
99
106
85
92
97
85
84
98
85
90
93
103
97
88
89
98
91
101
91
98
96
109
79
104
87
89
100
89
100
86
105
66
105
99
74
96
80
98
92
97
90
76
90
109
84
101
94
77
99
107
78
91
74
88
100
82
77
93
96
98
94
86
75
82
97
102
90
82
90
81
100
94
91
91
84
91
95
89
97
83
78
86
81
94
99
98
78
73
97
78
90
92
81
79
88
103
96
93
102
80
91
76
90
92
84
81
103
93
86
92
101
96
91
90
90
93
96
98
104
94
104
93
71
104
84
80
86
82
85
88
96
81
98
80
94
75
86
78
78
87
76
71
96
95
70
95
100
89
104
84
79
85
85
80
84
90
72
89
75
81
89
80
78
79
88
81
89
99
103
81
109
85
114
84
97
82
81
90
88
75
79
98
69
92
107
90
96
98
83
88
95
91
88
85
96
77
86
91
93
81
76
81
89
102
78
103
92
85
75
81
93
85
78
91
82
85
72
87
95
84
101
88
81
86
81
93
88
80
89
90
79
67
93
89
74
88
78
71
83
85
87
96
93
90
94
79
91
104
81
84
89
91
64
91
88
80
80
90
90
77
82
91
85
78
96
93
56
93
101
68
76
88
83
85
80
91
84
87
84
88
79
62
90
89
87
98
75
72
88
68
81
74
87
76
74
81
88
78
87
92
75
93
72
71
78
86
73
91
87
64
102
70
88
73
68
89
64
90
82
78
90
84
75
79
81
80
75
76
91
76
75
86
78
90
76
80
85
83
68
67
80
79
74
70
78
80
76
73
78
74
95
84
81
86
89
72
86
83
76
81
82
97
77
72
85
67
104
82
84
77
76
72
76
68
66
70
79
78
89
93
78
90
89
94
89
77
86
76
92
93
81
80
91
95
75
76
67
95
74
80
84
81
89
77
72
88
105
88
71
80
86
83
79
71
70
80
77
74
93
82
57
84
79
77
79
75
88
77
83
75
74
88
72
67
79
72
84
90
81
79
76
64
99
90
92
87
72
88
91
87
82
69
81
77
69
89
98
74
92
82
68
79
78
68
79
70
90
81
81
76
89
70
72
85
78
84
84
88
63
74
73
73
85
69
93
65
89
80
78
82
70
81
81
71
79
88
79
81
66
81
86
60
78
98
72
84
80
88
73
62
77
70
82
76
74
93
79
75
60
79
68
77
88
73
88
89
79
78
76
75
61
69
70
87
79
82
66
82
76
63
90
76
72
64
87
86
68
83
78
84
71
62
65
74
73
88
80
72
61
79
71
60
88
81
94
93
77
70
78
71
80
63
75
80
57
85
73
59
68
56
69
69
70
69
69
77
67
70
65
69
79
72
73
76
59
78
66
76
89
75
79
80
98
80
68
70
76
60
82
69
87
82
74
79
75
77
71
89
68
75
67
82
78
80
57
68
79
79
76
78
83
82
87
75
63
83
67
87
74
79
74
73
66
82
69
65
66
73
88
70
66
78
72
79
69
66
63
60
71
86
73
82
86
69
64
75
69
67
77
69
78
77
75
72
74
67
83
58
77
58
61
68
85
71
71
78
81
75
78
84
73
70
89
64
72
76
75
66
64
69
76
76
61
65
66
79
71
69
70
76
86
80
82
83
72
78
79
85
59
86
82
64
89
85
74
69
94
79
86
82
61
77
85
66
78
77
80
65
63
67
73
76
70
74
59
77
80
80
71
85
66
75
71
81
67
79
85
66
73
76
69
60
84
64
79
79
67
62
74
64
82
65
65
68
57
92
74
80
77
70
69
70
70
71
75
72
81
83
77
68
83
78
73
66
70
69
76
61
75
67
67
74
69
73
83
72
62
73
69
49
87
76
89
79
81
65
76
65
78
62
73
83
77
88
82
78
96
78
79
71
67
72
75
66
86
65
60
78
78
61
78
75
76
86
81
71
70
62
73
71
70
81
81
60
69
80
71
66
72
63
66
84
56
67
83
84
80
81
68
77
69
70
80
77
86
94
86
82
84
58
83
84
82
71
72
78
75
64
66
64
70
60
85
78
86
70
78
67
74
60
74
68
77
88
68
90
76
72
70
67
84
83
72
64
65
86
72
67
78
67
72
69
79
71
90
77
71
77
80
69
79
71
61
73
71
75
64
79
86
75
76
77
65
74
68
86
73
62
90
83
65
64
76
88
74
70
71
78
61
73
60
63
71
79
75
71
94
88
70
84
72
77
74
80
65
75
73
73
63
72
79
70
75
68
75
65
70
73
79
71
78
76
77
81
76
74
67
75
78
80
63
63
68
72
82
82
46
77
77
72
79
70
72
65
67
66
65
67
69
82
59
64
62
64
87
78
54
82
63
75
66
74
75
78
77
78
80
69
82
68
68
73
66
77
66
68
71
76
64
71
49
76
83
70
67
72
78
71
64
83
74
86
68
66
65
72
68
67
63
76
63
91
71
81
66
71
55
66
69
77
89
60
75
65
71
67
64
82
50
77
74
69
80
77
82
73
86
63
83
75
85
67
85
61
77
85
82
87
73
52
76
76
76
74
78
75
69
65
69
71
69
79
64
78
64
67
71
75
72
73
67
70
75
64
81
77
70
74
71
94
83
70
83
88
70
68
70
62
75
61
64
64
77
61
74
66
77
70
74
81
74
58
73
63
81
84
75
61
62
69
77
68
67
74
83
71
79
65
70
77
59
66
48
80
78
70
68
90
57
61
79
58
83
70
71
73
84
70
89
78
73
57
72
65
80
73
70
67
73
70
78
68
77
76
70
68
74
76
73
80
70
87
74
78
67
77
68
83
83
86
69
72
65
73
66
66
65
66
74
68
75
69
78
83
63
72
75
74
82
65
76
73
77
63
81
67
83
60
65
73
73
72
71
100
57
72
85
67
73
81
77
81
85
71
64
73
69
50
75
72
70
76
81
76
64
74
77
62
76
70
79
70
61
65
65
51
72
65
55
78
79
79
79
80
70
68
64
83
68
80
67
75
60
63
56
59
76
68
76
56
66
72
65
56
53
74
69
71
74
90
78
58
80
90
79
65
72
65
69
69
75
82
78
66
82
83
67
69
60
73
68
74
72
78
72
62
69
89
69
56
70
64
67
65
78
65
75
57
67
78
74
66
80
92
79
62
71
59
76
74
68
72
79
85
72
76
97
80
69
65
63
65
83
71
72
71
79
76
76
79
60
73
78
70
57
61
78
72
80
76
68
73
79
75
80
65
70
86
61
70
82
61
88
74
72
71
61
65
74
69
69
50
64
69
71
67
89
76
62
81
76
79
77
69
69
71
64
81
67
68
71
61
74
62
75
62
68
70
66
77
64
67
91
79
78
74
77
75
66
72
84
76
61
55
81
76
70
82
73
76
62
69
69
70
86
78
79
76
71
65
83
65
68
60
73
73
62
61
69
74
73
74
70
73
63
79
74
72
82
66
74
83
78
80
63
64
63
71
77
86
63
71
64
60
71
79
68
77
76
69
64
86
68
70
79
86
73
74
75
68
69
71
59
69
65
63
76
66
73
86
60
52
80
61
77
69
52
62
75
85
68
85
67
77
76
68
66
80
72
70
75
97
73
69
65
67
66
69
71
65
77
70
65
78
85
79
58
59
75
68
75
69
80
74
63
72
58
79
65
73
73
70
61
76
56
71
70
85
65
73
72
70
82
67
70
76
66
75
61
72
72
78
75
82
86
55
69
61
53
87
51
86
62
79
73
78
84
78
61
68
64
76
71
63
73
79
70
84
75
71
81
65
77
82
83
67
71
70
64
67
69
79
77
87
74
72
79
65
70
82
92
70
90
79
61
57
60
66
66
82
63
65
72
69
83
77
62
94
75
63
69
63
71
74
70
68
65
65
58
63
78
62
77
72
79
65
60
75
73
67
78
76
67
82
66
54
77
90
68
83
74
81
64
72
77
67
68
62
80
74
81
75
65
78
61
74
66
68
68
63
76
79
68
58
73
79
69
83
87
87
56
78
82
75
74
56
79
81
93
73
79
66
79
62
68
76
78
68
61
69
89
57
67
69
61
72
75
68
92
76
62
66
59
82
79
60
65
71
61
65
66
55
82
81
82
68
81
81
61
67
80
85
59
65
65
82
71
55
83
53
75
86
80
78
81
73
82
73
63
94
68
55
58
64
69
75
62
72
84
73
68
78
75
68
73
73
68
76
69
59
76
60
72
72
57
78
70
74
71
72
76
68
76
71
78
82
71
54
81
71
69
67
75
81
76
59
72
68
65
72
74
67
64
67
68
66
69
83
74
83
59
62
62
79
65
82
74
74
58
69
73
72
68
75
59
72
83
63
68
85
75
77
75
75
70
76
89
56
70
89
67
86
52
79
84
77
63
68
78
73
71
63
70
67
63
59
68
85
54
90
67
87
68
74
67
67
66
82
76
64
60
61
67
72
74
59
60
69
74
71
83
79
82
61
59
63
91
86
64
51
59
68
79
66
75
87
67
70
73
60
68
76
81
78
81
68
75
75
63
85
70
68
62
86
68
63
78
65
61
79
75
59
77
65
71
78
65
61
85
86
76
77
77
60
71
76
67
78
59
62
61
61
69
71
70
89
68
72
80
61
65
75
75
74
61
74
73
72
74
75
65
80
79
77
75
78
86
70
71
87
73
60
59
69
89
80
74
54
76
80
79
74
85
82
81
79
68
73
79
78
64
84
72
67
68
77
64
75
62
80
83
70
74
84
68
69
84
77
68
75
72
66
58
80
86
89
65
79
71
88
70
80
88
88
74
88
76
76
77
71
79
68
72
63
80
79
81
71
81
62
75
65
82
72
65
74
73
95
85
71
76
71
63
75
70
79
76
61
69
69
62
78
59
67
84
72
73
76
81
83
76
63
93
70
76
69
80
74
96
61
79
62
85
81
65
70
83
80
78
76
74
69
81
81
63
87
79
58
70
85
91
69
81
86
83
67
80
66
75
79
71
83
80
69
79
96
74
80
68
75
73
80
77
66
80
74
83
90
85
59
80
67
72
85
68
85
74
64
103
65
75
84
67
73
64
62
77
69
92
84
71
62
67
81
69
67
72
85
63
68
78
75
71
64
67
70
71
81
90
55
71
57
60
68
83
92
70
80
86
77
71
72
74
80
53
79
83
65
63
79
56
72
82
82
71
75
51
83
45
71
76
75
66
62
85
70
73
76
70
82
78
90
82
70
77
72
69
75
79
90
71
70
79
87
102
70
65
88
75
82
60
72
78
64
98
72
85
78
64
80
76
68
66
92
83
75
74
55
78
90
75
83
66
72
78
79
74
70
72
83
80
82
74
81
73
67
75
76
69
69
59
69
86
79
84
83
74
66
80
77
59
76
77
63
87
77
71
97
61
80
85
71
74
67
74
71
68
72
81
81
73
65
89
84
81
67
70
67
77
54
81
77
70
63
74
79
65
81
68
64
73
84
95
75
78
94
79
76
78
64
84
78
92
72
78
65
88
68
72
85
79
80
67
76
69
67
90
72
72
81
88
69
74
84
68
81
73
67
82
62
76
80
60
80
79
89
69
73
81
79
58
88
91
90
72
84
76
80
74
67
101
80
92
65
69
71
91
92
84
73
81
68
74
77
70
62
88
63
96
89
68
67
77
62
88
75
73
73
76
74
69
78
66
87
99
67
79
64
76
90
73
87
72
73
84
72
70
68
78
86
79
85
83
70
70
66
74
71
89
76
65
73
92
77
78
71
77
67
74
82
81
70
84
97
84
74
73
73
68
82
76
76
83
82
85
73
79
71
96
77
89
83
85
90
83
81
77
69
90
93
85
72
75
85
98
93
79
82
87
82
88
71
85
84
86
102
84
79
98
68
85
79
71
83
76
87
85
88
74
64
82
84
71
81
91
89
90
63
81
61
88
72
87
69
78
64
82
73
80
94
54
69
77
71
90
77
68
96
73
77
81
85
78
70
80
72
64
82
91
89
95
70
72
93
75
83
81
78
89
88
79
72
80
65
81
88
79
76
76
72
93
74
91
89
96
88
80
73
73
83
86
76
98
67
79
77
87
90
95
72
83
82
96
84
70
102
71
98
87
75
88
76
82
74
93
97
62
81
86
102
76
75
89
79
71
71
83
81
82
93
104
79
98
74
63
77
77
92
90
67
77
85
87
74
65
77
75
86
63
99
91
76
77
87
97
77
85
64
78
81
77
73
82
72
79
86
71
80
105
82
100
62
98
95
82
96
89
84
69
78
81
74
94
73
80
64
87
91
93
73
78
90
79
87
68
85
79
88
81
93
79
101
100
76
70
81
72
88
86
79
76
64
76
85
79
104
74
78
67
77
91
107
82
103
87
95
67
71
84
74
95
85
73
89
94
78
66
75
83
76
103
99
75
80
85
101
73
79
99
75
83
77
75
88
88
88
92
93
85
71
85
96
80
102
90
90
82
107
96
80
90
80
78
82
79
88
86
82
89
88
106
84
85
87
79
90
73
77
85
85
77
90
81
77
84
93
96
91
85
85
85
100
67
95
71
91
108
74
69
76
76
96
92
105
92
89
95
109
95
93
106
76
88
81
88
98
93
86
84
96
82
93
83
88
83
84
91
75
77
96
67
93
75
83
74
80
74
84
99
84
97
77
102
77
84
90
102
85
93
79
74
82
81
84
103
78
95
79
75
82
94
82
78
80
91
88
85
80
92
97
98
82
82
96
102
92
83
100
97
62
81
80
100
87
77
92
85
75
90
83
91
88
93
89
91
97
78
93
108
93
81
67
110
90
85
87
82
113
79
78
88
87
95
78
75
86
98
71
106
88
86
87
98
73
88
93
101
84
90
93
87
79
88
80
86
81
74
85
73
76
84
99
94
104
80
67
89
101
75
95
88
96
102
106
81
91
84
95
81
80
86
94
80
91
87
98
78
85
99
85
93
91
89
86
96
85
72
76
82
91
91
88
86
97
92
87
86
92
85
95
84
97
68
77
102
87
81
86
91
84
94
86
90
108
84
93
85
73
81
98
83
100
72
90
91
98
79
98
71
88
91
97
88
94
88
98
95
85
81
97
98
111
89
101
82
75
92
88
93
80
76
106
94
81
99
90
90
83
75
89
90
89
94
88
85
92
72
87
87
86
71
74
69
79
88
78
102
76
96
86
83
82
82
97
78
86
92
107
76
105
78
88
100
70
94
79
77
87
96
87
95
71
74
87
82
79
105
79
74
81
79
96
83
104
89
77
66
75
95
81
65
95
93
84
84
102
77
86
83
89
72
80
77
76
74
72
82
82
77
79
70
99
94
84
81
90
72
86
94
83
85
74
96
94
84
88
83
100
80
78
105
90
98
92
66
84
75
78
90
87
82
81
69
65
79
91
81
84
88
82
90
90
86
82
69
87
75
85
82
69
91
89
73
82
86
86
69
74
65
83
79
92
90
89
81
102
89
96
67
84
77
70
90
76
71
90
86
69
82
83
80
91
69
87
83
64
76
96
59
83
85
77
71
74
73
76
87
70
63
83
75
94
68
75
65
81
82
75
79
72
88
88
68
73
70
70
94
70
80
92
66
75
86
70
63
83
79
78
68
73
67
73
83
71
78
83
72
79
63
73
84
74
78
78
67
81
77
95
88
79
83
71
83
84
62
63
68
84
74
73
85
87
83
65
74
76
86
78
71
69
73
66
82
71
74
51
63
77
76
71
73
70
83
61
78
89
75
57
70
81
71
76
69
57
62
51
70
89
63
71
66
66
75
71
72
86
65
83
76
72
71
67
73
66
75
68
76
76
64
73
60
82
83
74
63
80
68
84
68
66
78
69
90
76
73
58
77
58
63
74
72
68
69
75
79
58
64
75
75
75
84
59
72
64
69
75
74
44
79
68
69
66
65
87
54
51
62
63
71
66
67
71
66
67
75
56
63
71
60
65
79
79
57
64
65
61
59
66
67
64
61
69
64
70
56
68
62
59
67
71
62
78
66
74
56
70
64
58
62
79
72
76
61
72
61
65
53
60
64
71
61
54
69
74
81
59
49
76
51
69
56
65
70
60
52
59
59
68
64
64
74
66
52
55
62
69
48
63
69
69
48
74
63
76
53
63
57
51
60
66
64
67
63
60
55
59
59
62
58
62
59
54
62
65
51
66
61
66
53
72
51
62
44
57
77
71
75
66
47
56
55
64
69
63
56
62
58
62
69
72
53
61
62
64
58
80
60
64
63
69
66
70
61
55
56
54
63
57
53
72
55
76
75
67
59
56
64
60
64
60
58
70
58
60
61
68
86
56
61
72
59
67
62
56
61
66
66
52
73
72
62
56
50
68
61
70
74
58
65
49
69
41
52
45
51
53
56
65
61
73
62
59
62
69
66
58
61
53
60
59
69
57
72
68
58
59
50
61
62
60
70
64
54
56
55
53
73
62
71
63
59
49
50
67
66
45
68
68
51
52
46
69
69
53
68
50
50
54
56
47
50
59
47
53
69
51
65
59
48
53
65
54
73
55
51
78
68
56
66
65
70
62
65
58
54
59
51
64
62
53
53
48
51
74
62
71
58
59
63
49
57
65
63
53
63
48
47
58
45
58
43
62
46
47
44
50
58
76
69
48
46
49
53
50
46
51
54
56
75
67
48
50
63
75
69
49
58
67
43
67
58
59
66
65
52
63
57
61
66
68
64
53
62
64
65
48
56
60
49
60
63
49
54
54
62
59
64
67
56
39
57
60
66
59
52
50
63
56
55
54
67
52
59
64
73
53
62
66
58
61
48
59
45
65
52
45
69
48
60
69
44
44
55
53
49
62
47
50
69
46
56
47
71
56
51
58
53
57
61
69
58
54
54
53
52
58
59
63
51
59
59
65
62
69
68
63
57
61
51
58
57
68
64
45
44
66
50
50
59
50
58
51
53
49
60
44
39
60
49
64
51
63
51
52
54
57
59
47
55
49
44
48
53
62
42
58
71
60
69
47
58
45
76
54
50
57
69
46
55
47
55
65
59
53
63
56
51
53
61
49
56
47
45
53
68
51
53
45
51
56
57
46
50
57
53
54
65
48
64
61
74
63
62
51
61
52
55
67
48
47
42
50
53
54
40
48
53
59
48
57
51
62
54
65
61
55
53
50
49
57
46
52
51
50
48
51
53
53
54
50
54
55
51
55
54
62
46
50
62
54
60
55
56
58
58
51
47
59
60
59
56
45
67
49
47
47
66
57
69
60
53
68
49
61
61
61
56
52
64
62
48
45
50
53
50
52
55
53
53
54
57
61
63
55
50
49
57
54
40
58
65
49
45
56
59
53
46
50
39
47
46
57
48
60
56
60
58
57
41
58
57
63
56
39
58
49
50
42
60
46
53
61
62
57
41
51
50
50
67
48
59
53
56
48
52
66
46
52
47
69
58
57
63
61
57
54
60
61
45
75
58
67
83
52
49
66
49
60
64
48
68
52
55
67
49
64
59
61
56
48
48
55
45
51
60
67
45
55
55
67
53
61
39
57
56
67
49
61
44
58
50
63
57
61
80
56
62
57
80
49
75
65
69
48
53
54
63
56
65
56
53
68
57
58
48
73
55
46
56
63
63
56
49
55
70
68
56
68
76
63
67
64
44
57
56
69
81
60
63
49
73
72
61
65
77
70
62
60
49
65
78
75
59
80
73
72
80
62
60
68
50
70
71
60
85
75
72
58
65
74
72
66
59
56
68
70
66
72
80
61
61
67
73
69
66
64
76
76
80
87
85
72
49
74
83
75
76
69
78
64
84
83
82
77
74
71
85
75
67
87
62
71
74
81
78
75
73
63
85
86
73
71
69
83
85
84
76
84
87
83
98
97
98
88
102
90
85
77
81
86
61
88
107
84
93
79
90
98
83
109
73
83
93
92
91
95
95
96
78
105
111
89
93
91
96
104
92
81
76
84
93
100
112
118
95
104
103
95
105
107
93
89
92
84
123
102
92
95
113
92
105
128
107
94
105
101
111
120
104
106
117
107
112
116
131
97
107
96
106
99
116
126
115
134
107
133
93
108
112
130
102
110
112
118
134
120
106
112
132
111
115
124
122
105
123
139
124
140
141
134
119
131
142
125
126
132
151
122
141
137
130
137
133
136
126
125
138
139
139
131
139
132
156
140
143
125
140
147
148
139
157
159
129
159
129
141
139
127
160
146
140
139
163
130
136
148
154
139
149
155
185
150
142
125
162
147
149
153
140
133
161
149
145
147
152
162
171
133
134
146
162
149
160
135
163
170
154
160
162
150
149
154
150
134
147
167
154
169
137
162
157
166
161
165
146
142
169
168
147
149
166
153
153
164
173
156
162
148
150
180
163
155
169
173
159
135
139
157
157
167
150
156
168
184
145
186
141
145
156
177
160
142
156
167
158
170
170
149
151
154
191
144
180
145
158
151
167
147
177
162
140
168
151
150
161
167
166
150
164
158
156
165
153
153
139
135
146
162
149
144
165
171
154
144
148
139
139
141
142
135
135
169
168
133
136
151
148
161
145
155
160
158
144
152
164
136
128
152
152
122
123
149
132
115
171
138
163
147
155
135
167
159
120
125
120
136
153
140
129
147
131
146
129
147
148
136
126
126
129
124
115
116
114
113
118
112
128
116
98
108
126
120
108
105
117
113
116
133
129
105
135
115
116
103
111
134
125
119
119
116
104
122
107
114
115
107
105
115
107
109
93
73
100
121
98
78
94
93
89
103
103
117
83
92
99
86
92
95
92
94
100
101
114
91
91
96
77
84
97
81
78
92
88
69
81
87
88
90
93
86
81
88
91
75
78
96
80
83
72
71
58
74
82
74
74
85
66
85
79
78
71
82
67
55
70
62
77
79
76
71
66
75
75
44
71
57
55
74
49
49
56
46
71
73
72
61
63
68
64
53
63
56
61
46
48
57
55
56
59
63
62
48
57
50
54
57
55
63
52
44
42
51
34
52
59
49
54
42
46
48
55
57
60
35
53
39
51
58
49
49
38
50
40
37
41
38
47
32
44
54
42
40
44
48
31
37
45
34
35
30
51
38
41
36
38
46
45
42
32
37
33
32
44
28
39
44
29
32
33
44
30
28
47
24
31
36
33
32
35
35
29
41
31
47
33
38
33
33
36
33
22
47
26
36
27
30
29
29
28
36
40
23
35
25
35
45
27
32
37
29
27
31
30
33
33
27
39
30
24
36
41
30
33
33
39
35
36
31
48
46
25
29
37
38
40
47
38
34
25
19
37
32
43
19
29
41
30
29
45
35
29
33
25
44
40
35
30
34
36
22
30
34
32
35
42
44
29
45
34
28
30
36
31
38
47
31
29
33
32
35
45
27
45
46
33
37
43
35
34
31
40
40
45
39
49
44
36
34
51
38
34
40
38
39
29
37
37
38
37
48
38
36
44
49
39
49
49
44
35
41
45
38
46
41
47
36
45
43
51
37
47
45
38
44
49
41
46
52
44
63
48
46
44
38
42
50
51
45
48
56
53
42
45
45
45
54
53
58
62
39
49
42
38
51
59
48
50
62
65
41
72
45
52
55
44
49
51
43
54
58
44
57
52
53
59
64
59
45
59
52
60
51
44
60
55
60
78
73
57
51
63
68
70
70
52
58
59
59
54
56
67
60
68
66
72
59
64
73
55
74
62
53
70
64
67
67
58
59
71
60
62
78
59
69
64
78
72
58
59
67
79
71
75
89
76
89
69
81
76
77
84
84
76
71
82
81
71
80
89
89
79
88
83
92
74
83
81
105
83
76
89
79
82
90
70
90
90
103
85
86
79
85
100
89
97
93
97
105
98
94
85
86
97
97
98
106
88
101
86
85
112
94
97
92
96
104
96
94
100
100
94
98
84
88
112
104
89
99
96
101
102
91
122
99
97
100
93
118
118
103
122
107
103
100
80
126
104
98
101
107
121
99
121
119
136
105
107
121
112
126
122
93
94
120
127
114
107
112
113
112
104
120
126
106
120
136
126
120
133
132
131
110
113
105
117
135
122
141
112
129
107
130
135
117
111
138
122
121
114
121
126
127
139
106
120
133
125
124
121
124
132
116
124
129
135
122
128
103
137
135
136
140
114
100
123
109
124
119
133
121
129
118
117
147
136
117
131
136
133
121
122
140
126
111
122
136
146
135
135
113
127
126
108
116
127
114
130
119
116
115
117
123
115
117
126
126
139
126
111
130
134
121
118
122
114
113
120
140
126
115
130
126
127
133
116
108
141
115
134
124
118
113
111
124
117
138
108
112
123
115
144
111
121
113
127
127
119
121
114
114
122
145
101
111
108
109
117
109
119
110
122
129
104
118
101
97
117
113
124
108
111
106
127
128
105
131
120
110
95
125
121
116
125
119
110
90
110
84
93
77
110
109
110
95
110
112
86
105
95
99
89
106
84
89
93
86
86
115
98
93
90
94
104
84
95
108
86
103
76
86
78
87
83
89
88
84
85
80
97
73
95
80
95
73
91
77
78
76
81
78
94
91
65
80
76
71
77
73
70
70
77
80
75
87
69
80
63
71
61
85
83
66
72
75
74
68
57
64
64
63
66
48
67
59
68
60
68
72
71
59
61
57
65
67
55
55
44
61
50
48
65
56
45
55
63
79
59
62
56
54
58
64
53
49
53
59
56
52
54
49
48
61
40
35
46
35
49
50
42
52
38
52
46
52
51
42
27
45
41
46
39
40
26
37
32
34
32
24
41
33
27
42
25
34
28
31
32
33
32
37
23
38
28
26
31
32
30
34
22
28
31
25
18
33
31
20
28
38
27
22
29
24
20
36
33
24
24
27
17
25
21
21
25
16
29
20
17
21
19
14
21
27
20
20
17
24
14
12
26
18
24
22
27
23
16
13
21
12
19
18
24
14
17
20
18
12
13
15
7
20
12
10
14
18
11
20
15
11
14
10
9
10
10
26
8
16
14
20
15
10
21
12
10
10
9
10
9
17
12
7
12
11
10
11
6
10
10
9
12
7
12
6
6
9
3
14
9
13
11
7
9
11
4
5
7
7
3
6
4
8
9
4
8
8
9
10
9
4
7
5
10
5
7
5
4
4
3
4
3
5
3
5
4
4
5
7
8
7
6
7
6
5
1
4
6
4
3
5
3
7
0
6
0
4
2
6
7
7
4
2
3
6
4
4
1
4
3
4
1
4
1
3
3
4
5
6
1
2
3
2
8
2
5
4
5
6
7
4
3
5
7
2
2
3
3
5
4
4
0
5
4
3
2
4
3
6
2
3
5
3
2
3
3
6
2
3
0
3
2
6
2
3
3
4
3
1
3
1
1
3
3
3
4
3
2
6
2
1
2
4
3
4
6
4
3
5
2
4
1
1
3
2
1
0
4
1
3
4
2
2
6
0
4
1
2
4
3
2
2
4
2
2
3
0
3
4
2
5
3
4
4
2
0
6
1
1
0
4
3
4
0
0
1
3
1
2
3
6
1
3
6
2
1
1
1
3
3
1
3
1
1
0
3
2
2
3
0
4
1
5
3
2
1
1
2
6
0
2
2
1
2
2
1
0
7
3
3
1
3
3
1
4
3
1
3
2
1
3
4
1
2
2
3
2
2
2
1
3
0
0
0
1
2
1
7
2
4
0
1
0
2
2
1
1
2
0
1
1
2
1
2
2
0
2
0
0
7
5
3
2
0
1
2
4
3
1
0
3
1
4
2
3
0
4
1
1
3
0
1
6
0
1
0
3
2
1
2
0
2
1
2
1
1
2
5
3
1
1
1
0
3
6
3
0
1
3
3
2
4
5
2
4
0
3
3
3
2
2
3
2
0
3
4
1
2
3
2
2
1
2
2
1
2
4
4
1
3
2
2
2
2
2
1
1
2
1
0
3
4
0
4
5
2
2
3
2
2
4
2
2
1
4
2
1
2
1
2
0
0
2
2
1
3
1
2
1
0
3
4
1
4
1
0
0
4
3
0
1
0
1
2
5
2
2
1
1
2
1
2
5
6
3
0
0
0
1
3
0
1
4
3
1
1
0
1
0
1
1
0
1
3
3
3
1
0
0
1
1
0
3
4
3
1
3
1
1
3
2
1
2
2
2
3
1
4
2
5
0
1
2
1
0
3
3
2
0
2
4
0
0
3
2
1
1
0
1
1
1
2
1
2
1
1
1
2
3
2
3
0
1
1
3
2
0
4
1
1
4
1
0
1
4
2
0
1
2
1
3
1
3
3
1
1
1
1
1
1
3
2
1
1
6
0
4
2
2
1
5
1
1
3
2
2
3
0
0
0
0
1
0
1
1
2
0
0
0
3
1
1
0
1
1
1
0
2
1
1
3
4
2
3
1
2
2
0
3
2
1
2
2
1
3
3
0
2
1
3
1
0
3
2
2
0
0
3
1
2
0
2
1
1
2
0
2
0
2
1
2
1
2
0
2
1
2
2
1
1
2
1
1
1
0
3
3
3
0
2
4
1
3
2
1
1
2
1
1
2
1
1
1
0
1
1
4
4
0
2
0
3
1
4
1
5
1
4
4
0
1
1
1
0
1
3
0
0
1
2
1
3
0
1
0
1
1
2
0
1
2
2
0
0
2
1
2
2
3
1
0
0
1
2
4
2
1
2
0
2
2
1
0
2
1
2
2
1
1
3
1
2
1
1
1
1
0
1
1
3
0
3
3
0
1
1
2
2
0
1
3
0
2
2
2
3
2
1
1
0
2
4
0
2
1
1
0
2
1
1
0
3
0
0
3
0
2
3
0
4
0
0
2
1
2
2
4
1
1
2
0
0
0
0
1
2
4
3
1
2
1
2
1
1
1
2
2
1
0
0
5
3
2
0
2
0
0
1
2
1
2
1
5
1
2
0
0
3
0
2
0
0
2
0
2
2
1
2
3
5
1
0
2
1
3
0
0
1
2
1
2
2
1
0
1
0
1
1
5
3
2
0
0
1
2
0
0
1
0
1
0
0
0
2
1
2
1
4
3
1
1
1
2
1
3
0
0
0
29
16
18
31
22
19
22
23
21
29
24
20
25
13
18
27
29
24
25
18
27
26
18
14
19
31
22
17
16
19
30
22
30
27
25
24
27
18
24
25
21
19
16
19
26
21
26
25
15
22
25
27
16
27
17
29
17
16
21
33
13
18
23
21
17
18
27
25
31
19
21
24
19
17
20
23
21
20
17
22
23
22
31
26
17
27
17
26
24
21
21
22
20
31
22
25
22
20
32
21
29
23
20
10
24
16
21
34
23
25
26
15
24
22
28
28
19
24
33
15
24
27
24
26
21
20
18
4
