0
0
0
0
0
0
0
0
0
0
0
0
0
0
1
0
0
0
0
0
0
0
0
0
0
0
0
0
0
0
0
0
0
0
0
0
0
0
0
0
0
0
0
1
0
0
0
0
0
0
0
0
0
0
0
0
1
0
0
0
0
0
0
0
0
0
0
0
0
0
0
0
0
0
0
0
1
0
0
0
1
0
0
0
0
0
0
0
1
0
0
0
0
0
0
0
0
1
0
0
0
0
0
1
1
0
1
0
1
0
1
0
1
0
0
0
0
0
0
3
0
3
0
0
1
1
0
0
0
3
1
1
0
0
0
0
2
2
4
2
3
0
3
1
5
5
2
1
5
2
7
4
11
2
7
5
5
3
1
0
1
1
0
0
1
2
16
28
42
68
66
79
83
76
90
78
92
71
85
81
92
80
78
90
96
87
97
78
73
91
87
100
76
92
86
78
103
77
94
82
71
76
79
85
82
96
70
92
92
91
113
90
77
82
91
89
77
88
94
105
90
86
95
105
103
80
94
98
96
68
90
89
87
77
103
87
101
83
107
85
105
98
71
91
66
70
108
91
78
98
81
75
76
77
81
100
84
102
83
82
90
103
90
87
97
85
96
81
75
89
91
95
77
98
88
96
90
87
87
90
111
89
79
74
87
102
94
84
92
90
113
94
99
99
91
98
93
100
113
95
75
96
88
83
88
93
98
93
96
93
96
89
76
79
101
100
82
88
74
100
99
91
91
98
94
89
90
97
90
102
99
83
102
103
97
95
100
86
96
91
108
97
86
105
93
84
95
75
85
77
98
87
114
84
113
97
101
78
98
90
91
103
90
100
88
106
97
102
97
121
80
106
107
86
96
86
79
89
108
98
107
102
98
97
98
95
87
96
103
105
103
111
99
86
109
101
109
102
113
107
110
92
96
96
123
123
104
102
106
86
110
112
97
85
110
91
106
108
100
97
99
102
92
99
117
104
91
88
88
93
102
113
98
119
94
109
110
105
99
118
101
112
103
100
86
103
107
92
103
97
98
103
98
102
115
117
101
106
90
106
78
102
107
109
98
95
104
109
87
113
102
85
110
121
125
105
103
88
87
108
107
115
83
104
109
117
98
100
99
93
77
105
98
96
86
98
93
97
103
105
92
79
102
111
99
96
106
99
96
84
81
94
88
92
105
84
114
107
97
89
94
93
83
105
95
110
101
103
104
94
108
117
114
108
94
102
104
121
84
102
98
94
85
110
77
98
116
95
96
99
105
67
92
114
91
98
86
84
81
95
103
95
83
109
107
112
95
83
101
89
92
93
93
100
96
93
93
102
116
82
84
84
97
103
92
99
106
83
105
93
108
102
111
102
98
108
92
96
97
93
106
106
98
96
103
119
91
104
84
77
95
89
102
95
88
101
105
101
109
113
95
104
104
96
109
99
96
108
114
98
81
126
103
90
101
100
98
93
93
99
98
94
104
103
102
98
107
94
117
96
106
98
114
96
101
100
99
104
97
92
93
101
102
100
96
119
106
114
97
92
89
101
103
106
115
92
106
111
104
103
94
128
98
105
112
107
92
111
128
88
106
82
87
96
115
110
87
105
110
109
83
91
104
103
81
92
104
100
105
90
103
98
106
124
103
113
111
103
81
96
105
82
104
95
116
101
90
98
120
107
97
112
110
91
102
120
107
100
88
110
120
123
107
99
95
110
112
121
94
95
103
95
93
99
104
105
107
115
106
96
97
99
95
114
116
106
114
97
101
96
100
113
105
108
107
118
125
114
109
90
90
87
109
102
111
104
109
107
108
104
86
111
96
102
94
83
129
105
109
117
103
111
111
116
113
115
120
110
102
117
99
116
94
102
111
135
114
95
106
101
106
115
96
109
124
92
101
121
107
106
90
103
110
113
124
103
100
114
111
103
96
98
116
94
118
110
107
105
107
116
102
93
116
124
112
104
96
116
118
98
116
106
111
109
106
123
108
108
112
107
111
134
106
104
106
105
116
104
125
130
102
111
108
94
109
118
119
117
113
94
104
100
102
92
108
114
100
105
111
109
86
103
110
97
92
106
106
96
100
118
119
113
105
121
99
111
104
99
113
105
100
107
117
104
108
111
130
98
95
112
127
119
108
113
112
106
105
107
109
113
112
115
115
107
118
120
116
94
114
110
120
108
110
90
100
127
103
109
113
107
117
109
124
100
97
128
106
103
109
122
100
120
120
116
110
113
103
117
97
110
104
107
112
111
116
117
115
92
113
116
105
114
119
108
103
99
109
109
109
128
96
88
113
138
94
112
102
113
105
122
111
100
107
107
119
100
114
102
138
133
114
111
94
117
113
96
115
107
115
118
112
104
98
109
111
109
104
101
113
92
120
109
114
109
110
119
111
122
128
116
101
117
120
129
109
143
126
131
108
124
115
117
121
110
118
119
115
125
112
108
108
117
110
121
129
108
117
105
133
108
105
116
125
130
114
112
116
125
111
93
113
104
109
113
116
124
110
121
131
134
120
123
112
113
121
136
110
124
111
111
120
136
116
126
122
112
128
119
117
102
127
118
94
103
126
99
93
114
127
140
118
111
120
110
101
118
114
119
122
114
133
114
115
130
113
144
137
93
105
114
111
135
118
113
127
123
131
133
118
113
130
137
132
144
109
116
111
109
116
126
128
113
136
126
142
126
158
135
132
125
120
145
138
142
129
115
148
108
115
153
112
120
128
119
129
142
138
134
112
130
134
124
120
131
127
148
130
128
116
139
123
139
110
139
127
138
142
130
134
133
159
123
135
127
131
153
119
133
133
136
131
113
112
122
139
127
127
128
124
124
119
156
141
120
132
149
149
123
135
124
116
129
126
140
120
132
120
125
125
142
126
119
136
132
136
135
129
130
137
141
113
135
136
132
121
122
123
131
128
135
131
141
150
150
113
138
137
140
129
122
128
134
108
129
127
129
135
127
126
129
126
130
144
134
141
124
125
140
123
142
131
118
125
114
125
126
138
130
122
142
132
122
141
140
126
136
103
103
126
120
99
140
150
126
142
135
141
121
117
131
125
116
112
113
132
104
126
102
129
135
114
132
124
126
121
126
126
133
128
129
139
125
126
138
122
114
104
127
125
140
132
131
117
111
140
126
120
134
118
117
132
126
110
124
104
116
126
131
126
127
116
116
121
97
135
129
119
121
117
115
130
126
123
133
121
109
122
137
114
138
121
138
105
114
142
120
114
141
118
115
112
117
102
138
138
131
121
112
113
110
109
118
134
123
120
127
123
128
136
118
128
108
137
102
135
127
128
108
129
111
146
144
130
120
130
84
109
114
101
121
115
104
123
115
117
123
95
129
126
110
118
108
127
122
120
114
100
114
127
114
119
123
117
119
122
113
106
136
130
102
96
135
132
119
129
107
120
126
119
111
120
124
120
118
115
137
133
99
130
110
125
117
115
103
103
107
123
112
126
117
109
100
113
116
122
103
127
124
107
95
129
113
116
117
118
103
124
111
112
108
108
112
137
124
127
105
120
113
132
118
115
114
111
104
127
126
118
111
132
121
117
115
123
94
105
104
139
95
112
121
111
119
131
115
101
90
125
117
118
105
127
107
106
96
109
115
106
116
107
129
106
117
115
118
109
123
125
105
109
111
102
115
107
108
101
119
128
96
117
114
124
102
108
96
104
127
130
97
104
106
109
97
102
107
108
105
114
116
112
103
102
105
111
96
123
131
132
105
95
115
105
114
122
110
104
102
113
103
128
108
105
110
108
108
98
110
108
115
121
120
124
103
112
110
119
115
108
100
121
113
114
106
122
103
108
112
108
103
114
101
98
135
99
96
109
95
123
112
119
94
118
110
115
106
98
113
99
116
118
130
104
120
96
111
124
128
131
123
107
103
117
110
86
105
115
117
109
104
102
114
111
94
114
101
118
101
135
102
114
109
108
90
105
128
113
108
92
105
116
114
93
85
117
103
109
107
103
110
106
123
108
98
100
106
109
105
101
115
116
115
114
88
91
118
108
103
96
104
118
122
101
116
104
104
97
104
110
114
106
119
106
100
113
97
106
105
138
83
115
87
105
108
115
96
97
92
117
94
93
109
99
104
103
85
112
116
96
102
106
96
83
111
113
97
108
99
124
105
95
98
110
120
115
116
114
97
105
121
91
105
103
107
102
107
114
93
98
107
100
105
93
117
130
109
109
112
106
92
98
102
90
94
96
118
116
96
104
106
111
95
108
120
102
123
92
99
103
105
113
91
93
109
102
95
105
98
126
105
96
109
77
110
121
95
106
104
99
102
96
109
97
121
109
122
107
93
89
99
99
117
99
110
92
105
114
104
108
93
114
92
82
111
95
111
95
110
109
111
111
96
101
95
100
89
101
125
102
95
105
83
101
96
94
101
96
98
95
95
99
106
84
99
88
86
107
97
103
89
111
93
106
108
120
118
116
109
95
91
100
126
100
97
101
87
100
108
108
98
99
113
83
111
116
89
101
92
108
91
107
110
99
85
83
104
109
94
98
94
90
103
92
105
90
109
106
103
77
92
105
85
87
86
92
95
94
89
114
100
107
105
88
100
115
104
100
88
94
105
100
96
116
110
105
94
107
113
92
93
93
108
113
96
115
91
105
90
101
81
102
112
99
97
92
104
89
102
129
103
111
85
89
102
95
104
96
99
92
86
93
89
101
93
96
105
103
95
108
99
92
110
103
90
125
99
82
99
89
99
83
89
96
104
103
101
112
95
110
105
97
97
93
92
111
86
86
98
89
92
114
105
90
96
106
103
119
70
93
105
118
104
97
79
99
98
104
84
97
99
69
91
82
103
110
75
95
88
82
112
81
101
105
90
108
112
94
103
96
115
104
112
77
95
90
105
95
95
104
104
93
98
90
102
94
95
103
98
126
103
95
78
79
89
95
99
96
97
94
89
87
104
100
88
99
105
98
84
101
99
106
105
82
112
96
100
110
107
93
82
86
108
97
91
97
85
88
93
82
96
98
109
101
81
87
92
87
93
113
96
91
102
103
85
98
99
99
104
88
111
116
85
99
90
86
118
88
89
99
96
91
80
109
101
101
103
92
96
98
95
90
89
88
102
79
96
95
80
105
103
86
102
81
99
87
115
103
87
88
91
95
80
100
99
92
107
104
92
95
112
79
106
99
98
106
95
102
81
99
86
103
95
96
74
98
88
97
101
88
102
111
112
87
68
98
94
89
91
87
100
97
91
106
71
97
90
91
91
88
99
105
94
89
85
108
93
91
91
105
92
88
84
92
102
93
111
103
92
94
83
83
70
80
110
78
117
90
104
91
107
94
79
91
86
96
101
81
101
102
96
96
97
105
93
97
95
86
103
87
90
101
105
78
97
85
109
92
85
93
91
92
90
72
96
99
106
104
92
93
105
81
94
90
104
83
99
98
85
109
112
91
92
109
93
112
112
79
99
99
93
87
89
91
89
94
96
89
85
81
92
92
120
105
93
94
88
83
93
100
92
88
85
91
90
94
93
97
86
69
91
95
89
91
113
93
79
84
96
85
103
94
99
100
99
98
95
94
84
100
94
118
83
88
79
92
75
99
79
108
109
110
86
83
94
97
97
93
97
83
95
87
100
83
89
94
88
86
97
101
87
91
83
97
107
83
104
76
93
88
105
88
76
84
86
93
83
96
94
90
101
94
87
95
93
97
83
89
99
92
91
81
98
109
93
110
101
80
74
86
94
105
100
103
89
95
106
81
102
75
105
105
93
85
94
96
94
81
105
79
102
93
87
107
100
86
90
88
86
90
92
92
86
89
93
92
87
107
69
105
118
114
78
91
97
86
98
99
89
97
81
99
103
95
100
112
78
93
90
97
110
96
100
95
105
103
107
89
112
88
93
92
91
64
87
97
80
99
89
86
89
95
90
113
102
84
90
93
88
69
84
94
100
95
99
120
102
88
101
110
89
101
96
93
94
86
82
105
80
94
83
93
95
95
88
105
99
87
97
87
97
82
107
100
103
93
100
99
81
97
94
83
85
93
104
84
94
98
107
96
71
84
99
107
100
80
100
94
84
87
111
84
110
94
81
105
122
91
100
94
105
104
85
93
97
102
86
98
103
99
96
96
90
84
96
97
75
105
95
101
109
96
109
99
93
93
97
99
99
85
94
76
87
98
92
102
103
91
95
105
93
93
98
100
108
89
88
97
107
95
93
101
81
106
103
89
72
98
110
102
89
94
97
89
119
109
88
91
93
97
79
105
107
81
104
95
96
81
113
111
95
93
99
105
84
91
94
98
84
109
67
103
105
97
100
92
101
91
90
94
90
81
97
69
86
79
99
97
100
99
100
88
116
93
93
99
96
106
83
81
103
96
92
99
90
97
90
93
112
91
111
103
92
95
94
79
100
78
97
77
79
124
87
106
93
76
97
89
77
90
96
84
92
120
93
106
89
84
86
94
107
97
111
90
87
108
99
95
113
89
76
102
95
95
100
98
91
101
77
101
99
91
98
92
95
94
88
97
111
89
92
98
97
112
90
93
91
77
103
85
83
74
97
89
96
110
96
83
92
101
78
101
102
86
90
86
81
114
89
91
84
88
100
95
99
94
101
98
109
106
104
105
101
112
88
85
109
92
88
82
107
81
104
93
95
95
88
97
81
107
91
95
82
100
81
103
93
92
98
103
88
104
90
82
100
93
95
104
109
83
84
75
99
117
100
83
93
87
101
99
77
101
99
87
78
75
94
94
91
91
78
100
90
92
113
88
90
88
79
89
116
97
96
90
97
87
93
106
97
98
100
83
106
95
87
95
91
110
92
91
94
92
100
102
84
88
105
106
112
83
99
91
85
106
81
84
77
89
96
82
74
95
92
104
86
94
87
77
104
94
89
99
84
82
88
95
91
107
94
93
92
88
97
93
94
110
96
83
102
116
89
99
96
93
105
90
69
81
101
74
98
100
101
77
88
99
93
101
83
92
85
99
99
99
94
96
76
89
88
82
98
85
106
104
93
100
84
89
92
94
104
105
97
108
75
72
86
108
100
115
90
95
94
86
110
89
101
92
86
99
108
95
94
100
92
88
91
82
108
101
85
94
92
71
98
100
104
108
92
91
85
90
105
116
84
82
95
100
102
88
82
95
97
94
107
95
86
92
90
90
112
104
71
96
80
83
102
84
80
86
93
87
122
112
96
95
86
89
89
94
92
84
102
96
89
114
76
98
90
91
97
93
94
96
92
94
93
111
96
83
98
82
94
109
91
79
109
97
117
92
106
85
100
71
103
116
97
99
93
99
104
89
80
106
97
69
98
99
94
110
90
102
97
87
85
90
89
84
105
80
106
90
102
91
83
80
88
100
94
88
98
100
101
108
83
92
85
88
104
88
90
106
96
106
96
87
99
95
98
106
100
119
100
92
94
91
90
84
101
91
95
91
92
87
96
118
98
88
89
92
95
88
116
86
97
84
105
107
88
91
107
99
88
93
112
108
97
92
89
110
79
92
90
96
93
105
111
95
104
84
101
83
105
86
113
92
81
92
105
82
98
86
118
130
91
98
93
103
96
80
95
98
108
92
106
78
82
111
93
109
81
88
82
96
90
99
89
92
91
92
85
100
90
93
110
103
98
103
88
103
95
88
93
93
109
92
86
92
93
85
102
91
96
95
97
78
102
92
97
96
107
93
98
80
99
103
98
112
86
88
89
97
107
87
86
101
82
96
108
108
105
99
115
86
93
92
77
105
103
91
96
107
81
103
81
91
99
91
105
80
105
109
93
84
103
91
109
98
103
100
95
95
95
86
107
102
83
99
95
105
103
100
89
103
103
83
89
102
100
101
102
97
73
96
99
97
107
89
106
99
97
119
99
90
82
103
108
102
97
91
96
96
108
96
89
107
87
113
96
93
90
88
96
90
99
69
90
106
98
97
98
92
99
94
89
96
95
102
102
100
109
107
97
84
106
93
98
105
116
87
101
95
100
80
104
94
90
110
104
90
101
83
80
92
77
91
121
107
86
98
102
103
82
96
118
97
109
99
93
123
107
107
87
96
87
116
94
101
101
113
111
97
112
86
84
84
96
105
100
108
101
94
91
73
104
91
114
81
109
113
106
89
99
102
94
85
96
93
99
98
113
97
97
79
107
88
105
95
90
90
91
92
99
103
99
93
86
101
104
92
94
99
99
91
115
104
97
94
99
97
96
122
74
109
87
95
91
95
100
98
95
95
118
95
101
112
101
93
115
93
103
97
101
99
100
116
93
93
102
110
84
101
116
83
103
106
86
103
93
111
95
108
104
87
116
80
115
94
111
112
80
87
91
83
94
103
107
110
100
98
96
112
110
101
109
116
103
93
89
85
83
125
87
103
98
94
117
94
84
112
98
98
96
97
111
97
87
102
107
104
111
97
103
93
99
93
98
85
93
88
105
106
91
95
118
104
84
114
96
93
121
94
101
92
128
73
94
90
103
98
81
102
86
86
94
97
111
99
124
97
101
101
112
106
93
79
100
96
108
100
91
105
106
104
99
107
80
94
90
118
94
106
97
99
100
125
88
107
92
85
98
96
101
99
108
92
110
98
110
87
78
94
106
106
96
101
101
103
103
101
88
89
115
109
115
110
135
107
101
91
98
105
104
120
98
103
98
95
95
90
99
106
105
101
100
91
107
109
90
93
106
100
98
103
96
94
103
107
92
115
103
99
98
108
99
103
107
101
116
121
100
86
99
114
110
93
102
100
87
116
106
90
100
102
109
82
94
102
110
94
139
123
105
101
91
84
97
92
107
103
130
110
112
96
96
118
107
98
107
99
111
90
113
100
116
103
99
85
113
109
107
118
82
104
122
105
114
109
82
92
85
99
94
103
83
118
108
101
85
139
97
94
97
100
85
101
99
101
107
118
125
99
102
98
75
114
112
83
105
107
110
109
101
95
127
111
95
105
108
94
94
102
104
116
106
106
107
102
96
93
106
106
92
95
104
105
112
108
90
97
100
104
117
93
98
91
99
111
87
94
94
85
107
102
114
109
97
110
102
96
112
102
105
106
99
86
101
93
112
80
92
103
108
83
89
100
108
104
107
89
117
92
100
117
97
104
106
111
98
111
102
100
93
78
90
105
96
107
83
114
102
111
114
88
104
100
92
114
106
101
94
91
110
107
112
104
96
120
100
111
106
110
99
111
114
99
106
131
111
106
104
96
90
110
119
88
96
114
113
110
90
106
85
99
100
94
115
115
102
111
108
103
112
108
105
125
107
84
102
96
104
104
118
96
94
111
96
86
106
110
91
104
107
95
92
114
109
101
88
104
118
117
103
112
111
102
93
113
100
85
111
93
123
120
109
100
127
106
110
89
88
103
118
102
94
95
108
105
118
121
116
107
108
113
106
110
105
100
104
121
98
118
112
94
111
94
112
93
96
91
101
118
110
101
115
117
118
105
95
127
108
87
111
102
101
133
109
96
120
104
125
108
123
104
112
107
122
117
96
103
96
114
102
121
95
120
95
95
105
107
122
101
104
110
97
107
112
109
121
130
117
105
116
125
112
94
124
107
88
105
87
99
105
104
92
105
101
105
114
109
122
124
112
102
91
106
95
114
99
113
94
118
119
106
93
95
118
104
92
119
101
98
121
112
108
120
108
105
115
115
121
97
95
106
104
83
91
114
133
122
114
112
87
116
113
122
107
111
105
122
115
100
109
101
94
98
108
105
99
114
112
92
123
111
114
88
106
108
100
104
116
119
95
97
117
116
110
119
129
104
131
122
103
113
109
106
97
89
124
101
111
133
122
116
108
93
113
92
104
97
107
110
110
115
107
110
103
105
96
116
127
115
111
126
107
111
99
118
98
116
112
112
133
95
118
105
117
93
114
111
116
111
108
102
139
99
124
93
104
107
114
110
97
117
126
112
108
107
103
97
128
111
118
124
107
102
99
121
118
102
94
105
98
107
114
106
110
117
107
115
117
128
130
109
124
116
96
108
103
121
120
110
123
116
111
104
116
109
131
122
116
124
127
110
132
108
123
113
120
121
113
122
125
111
119
91
120
117
121
129
115
104
116
101
108
108
104
118
107
119
120
122
124
118
106
96
115
111
126
100
124
94
106
117
120
100
101
114
123
99
128
122
114
115
111
100
109
112
99
119
117
125
128
114
105
124
118
125
108
122
118
120
102
128
117
103
117
118
123
136
114
118
115
102
99
111
99
132
114
117
112
124
116
104
124
124
123
132
105
115
110
101
115
123
113
116
110
108
131
134
133
109
107
109
101
109
123
107
111
126
134
117
109
122
106
119
125
105
105
117
125
101
131
122
113
125
122
142
125
114
121
118
121
148
130
129
136
115
120
115
122
114
126
100
118
91
104
109
122
116
120
108
118
118
95
141
115
112
108
124
142
130
133
116
143
126
130
117
114
117
104
112
104
125
115
115
94
119
128
147
104
125
130
117
99
102
105
101
104
132
100
121
115
108
129
138
102
107
116
113
123
89
131
123
116
131
111
108
117
112
113
99
112
115
103
99
111
119
111
133
111
101
115
128
105
131
128
123
125
130
105
100
131
127
105
122
131
103
117
120
116
113
139
113
116
115
126
133
116
114
98
93
102
118
102
112
119
115
115
117
130
101
121
121
104
124
114
99
101
109
118
133
123
106
112
120
114
109
130
126
122
112
122
121
122
114
120
126
111
100
113
102
128
119
109
125
100
117
125
112
103
119
115
114
119
110
107
110
141
97
122
111
108
117
101
113
100
98
95
114
107
133
97
128
120
122
111
102
118
99
129
127
119
123
121
130
106
112
149
134
109
120
110
117
108
101
103
92
114
121
90
122
96
123
100
104
128
125
119
111
130
122
136
117
117
114
122
120
115
124
118
121
105
117
124
106
112
110
99
107
111
122
117
102
127
115
110
111
112
116
123
120
131
107
115
119
110
118
135
122
125
139
125
103
118
114
96
110
124
95
109
136
124
133
107
122
126
121
124
124
100
105
84
94
110
114
115
99
105
86
113
105
110
109
107
112
122
110
93
128
114
120
112
112
120
112
128
108
119
108
98
106
110
123
115
112
127
91
102
106
106
97
123
118
125
109
118
123
100
107
91
117
99
101
138
96
111
115
124
133
102
113
118
113
123
98
114
116
93
84
110
94
117
105
111
106
102
128
105
128
116
101
107
109
97
98
108
89
114
97
98
97
115
127
96
93
118
105
116
117
98
106
91
104
105
112
96
110
132
113
96
95
115
112
99
96
118
123
101
104
121
93
94
115
93
117
103
107
136
100
107
117
111
100
91
98
104
94
113
99
103
94
104
107
102
113
91
109
93
116
107
102
120
95
99
119
102
110
100
103
116
94
105
108
99
106
95
90
115
97
116
96
131
106
83
80
99
98
105
104
98
95
102
108
98
94
81
94
89
83
123
107
101
116
84
90
112
86
99
100
79
107
99
88
107
94
99
110
112
110
91
76
111
116
84
88
96
104
84
108
86
82
89
93
93
86
105
99
101
95
97
89
94
99
91
90
113
110
91
93
92
83
86
105
106
92
91
93
106
80
93
104
101
107
94
98
96
103
84
82
92
113
102
82
101
84
98
100
89
83
97
84
90
75
89
84
77
108
108
95
96
93
85
95
107
90
91
97
108
77
89
81
105
95
83
74
90
103
79
86
80
95
84
94
72
90
105
94
89
86
77
77
69
94
96
86
78
70
81
83
92
86
80
82
79
91
87
73
85
80
94
77
80
99
90
76
78
80
101
91
83
86
82
84
80
89
79
76
96
100
89
86
82
73
98
89
79
81
92
101
84
87
99
77
94
93
84
74
92
86
77
83
79
79
91
101
93
84
84
85
79
91
76
83
80
93
60
83
74
75
94
72
91
85
70
90
77
87
81
95
80
65
86
74
79
92
70
84
74
89
72
74
85
88
87
79
79
66
90
74
77
87
78
86
88
58
97
83
77
73
72
66
65
72
79
83
77
69
76
79
89
68
82
76
65
85
75
79
75
80
80
79
89
74
69
90
83
64
60
91
80
82
82
73
73
70
66
61
75
71
65
80
82
76
83
71
83
78
85
69
83
60
64
75
87
86
88
73
82
75
70
73
62
68
91
86
81
68
81
86
84
73
68
65
74
68
66
72
65
77
75
83
86
84
73
62
74
96
69
76
62
72
63
55
72
77
79
65
78
84
81
81
71
75
87
62
68
77
72
75
58
78
79
76
86
68
71
84
83
76
81
68
71
72
71
85
79
74
75
67
85
82
90
66
86
77
94
66
99
74
58
78
64
76
84
67
64
73
69
84
68
85
93
64
92
75
81
65
72
73
71
94
75
89
71
74
64
83
80
65
66
93
73
65
73
79
67
66
86
82
72
70
69
80
87
54
70
86
75
72
77
61
63
81
91
81
70
61
76
74
63
84
59
67
69
76
76
83
85
72
74
70
71
61
74
69
76
72
76
84
76
73
88
73
72
67
83
91
68
74
66
87
87
74
78
81
82
80
77
76
64
87
60
73
77
80
98
67
76
71
83
74
73
61
60
67
86
88
85
70
78
71
70
75
79
82
85
81
90
75
84
75
89
79
73
88
66
81
85
84
76
80
68
67
79
72
85
81
74
83
64
73
86
83
74
72
65
79
81
70
81
85
80
77
72
76
71
77
73
71
63
71
77
84
69
71
77
59
63
92
67
73
80
85
74
73
83
89
83
76
56
57
85
79
66
76
67
77
78
86
87
76
68
82
67
77
74
76
78
63
56
79
64
82
74
86
64
74
80
79
79
93
82
86
71
68
70
85
87
68
69
72
88
80
73
71
72
71
79
71
67
86
80
83
65
77
84
74
69
84
75
89
71
78
64
85
85
80
74
73
72
95
79
98
94
92
57
77
83
88
90
77
109
76
84
81
64
78
81
86
77
72
77
68
84
79
92
90
86
83
80
75
77
69
77
94
76
82
93
88
85
85
84
85
69
62
78
76
91
97
87
77
86
68
100
80
86
79
65
89
74
76
88
74
79
71
78
83
79
79
101
88
65
79
95
82
95
75
74
87
86
87
82
95
90
83
90
81
88
104
99
96
84
82
83
85
81
76
96
84
95
79
94
97
86
106
86
86
90
92
98
78
92
100
86
101
81
83
73
101
72
76
82
77
111
102
82
67
92
83
109
110
87
98
99
75
86
96
85
96
77
95
88
101
87
120
104
80
100
96
89
99
72
84
100
90
88
106
107
96
103
89
98
100
85
90
100
103
103
98
112
83
91
95
110
109
101
120
92
88
105
118
105
96
97
81
101
96
88
111
112
109
102
94
99
112
100
102
122
104
118
105
109
88
97
108
94
116
109
130
123
115
103
117
109
109
131
109
122
118
114
117
109
120
118
104
116
112
122
114
122
93
121
91
113
113
103
110
92
110
132
151
112
133
96
123
127
127
123
116
103
109
123
143
120
136
122
128
125
124
133
115
109
124
131
118
133
145
125
130
130
118
127
159
113
136
142
143
135
133
119
133
146
134
138
150
139
148
137
133
161
157
161
132
147
141
148
134
143
166
133
134
138
169
162
175
142
154
171
153
152
146
164
163
163
157
150
165
149
133
136
151
146
152
160
163
166
169
146
154
166
150
159
176
167
176
146
148
172
172
179
175
193
178
203
166
201
182
187
185
170
167
183
200
179
186
186
192
178
201
177
164
190
193
175
157
169
167
187
178
181
172
203
170
186
164
185
202
203
192
182
202
203
178
194
232
224
208
217
201
197
212
188
201
214
223
226
220
202
200
196
218
203
217
212
228
249
211
223
183
212
223
215
221
218
225
208
255
243
227
240
224
207
243
232
219
204
239
235
226
240
247
237
238
218
215
237
234
265
256
271
260
246
255
221
235
244
248
242
244
222
259
259
242
279
254
243
253
258
247
266
255
253
281
283
257
249
259
245
224
231
253
256
229
271
272
234
267
257
262
244
263
252
250
276
287
265
257
275
249
263
261
274
281
270
282
253
256
273
255
265
301
279
288
252
255
274
277
276
276
280
266
277
262
261
306
270
238
261
285
274
277
294
251
267
270
278
281
245
288
290
288
272
265
240
271
280
267
258
253
256
277
269
252
241
281
304
281
288
278
256
274
286
284
254
266
265
283
302
275
244
277
252
269
259
287
244
275
246
278
261
292
245
270
278
265
263
300
259
248
263
254
286
258
251
277
256
274
268
278
241
265
251
258
264
251
261
259
249
254
268
257
234
234
223
249
240
241
256
264
250
246
271
234
240
264
230
241
250
224
226
234
243
218
238
249
238
230
208
235
213
256
229
221
221
210
234
229
235
218
225
245
221
223
246
217
262
220
220
246
208
201
209
202
205
182
211
182
229
224
206
195
212
221
213
204
227
188
203
218
219
190
185
199
196
227
192
186
168
174
214
196
192
166
167
160
204
189
176
166
188
157
164
165
153
169
164
158
169
159
162
162
129
133
189
209
167
170
173
154
161
159
163
153
144
151
141
154
142
146
172
138
118
142
141
142
122
141
128
156
140
139
136
129
146
145
125
135
130
124
132
133
114
123
114
124
112
115
116
128
136
115
102
92
99
112
110
108
97
119
118
111
118
105
111
110
102
112
101
83
110
93
82
122
108
103
101
99
109
94
110
107
88
98
99
98
112
93
83
87
92
81
80
80
103
79
77
75
101
73
96
78
87
86
86
69
67
79
83
87
66
96
82
73
80
69
80
71
78
63
55
76
72
76
65
72
71
75
73
78
62
69
60
60
57
61
81
61
68
64
64
71
67
71
66
69
56
58
66
66
69
71
60
67
66
70
56
49
68
61
59
53
55
60
69
75
60
62
66
76
42
58
58
56
59
48
76
60
64
54
49
63
57
56
58
64
48
60
51
43
65
55
62
51
56
58
66
60
59
54
70
50
62
54
48
53
49
59
54
56
50
49
56
48
58
45
58
40
46
58
62
59
53
61
50
62
53
59
57
66
65
73
67
61
54
60
63
59
60
66
57
70
68
66
73
60
73
52
50
63
57
69
68
72
61
58
61
58
58
60
71
50
67
65
61
58
64
49
60
63
59
67
62
55
52
51
73
55
77
72
63
55
67
67
63
51
77
67
76
71
56
66
65
90
65
76
70
57
62
93
77
71
69
68
71
70
84
71
74
57
79
77
83
89
81
75
72
90
72
77
77
83
94
89
80
80
88
93
84
81
90
90
83
97
83
76
88
88
73
92
82
74
100
94
70
86
93
77
83
90
96
78
103
75
93
110
105
106
99
66
103
95
104
99
88
90
94
96
99
114
85
108
98
99
117
90
123
91
111
126
114
109
92
110
115
111
95
102
104
107
117
114
99
98
117
111
103
95
125
112
128
143
113
106
128
109
117
121
83
120
113
113
107
124
134
99
131
109
132
120
133
143
136
139
129
147
126
140
132
153
139
114
141
130
128
154
138
139
141
138
148
135
122
158
166
156
130
149
148
145
144
144
126
151
141
149
144
144
141
152
156
143
143
116
152
145
166
163
135
157
149
155
156
161
164
148
162
146
145
160
181
170
149
163
178
165
154
151
168
151
153
193
188
167
168
211
174
171
184
197
160
161
185
157
182
183
182
174
194
200
204
166
202
182
181
185
185
190
178
198
175
185
181
236
191
190
210
210
190
186
214
227
165
210
204
198
182
196
196
185
220
189
196
214
192
207
196
193
191
204
207
226
195
200
192
186
167
233
212
224
215
230
199
234
212
221
214
198
236
215
210
221
202
218
247
224
199
225
229
210
203
238
237
216
243
235
228
213
222
232
202
225
232
208
233
227
205
209
230
217
234
215
225
216
218
210
237
234
222
234
223
183
238
217
239
230
253
215
218
237
230
249
240
222
214
202
229
218
234
229
228
224
256
231
233
244
223
205
225
235
257
282
230
222
223
230
215
233
234
243
216
214
228
185
232
244
203
218
209
230
258
237
211
226
227
223
243
215
233
232
222
236
234
231
245
250
223
235
199
210
222
219
208
241
233
230
186
179
209
216
208
195
217
223
227
222
244
213
209
193
222
216
196
189
207
224
227
215
194
179
218
205
181
210
204
224
197
185
210
203
191
175
199
196
182
196
201
219
195
206
212
184
206
165
189
194
180
190
182
177
181
188
198
172
199
174
203
164
177
197
182
183
164
205
167
165
178
170
187
173
161
157
181
179
189
207
174
180
163
152
151
158
177
136
151
153
169
174
145
145
162
158
170
155
144
154
163
140
141
144
150
140
147
143
156
149
129
143
144
159
143
134
140
139
121
127
136
129
123
129
132
136
139
127
120
109
127
115
136
117
116
99
126
117
101
109
129
117
113
123
120
107
87
118
103
112
109
109
124
99
114
126
89
106
108
122
119
92
125
96
90
73
100
93
99
107
98
110
81
82
86
85
86
95
71
88
90
82
84
77
80
77
60
75
87
72
67
63
74
72
67
66
73
69
80
91
64
60
69
74
67
57
62
68
55
60
65
59
61
62
60
67
57
53
58
53
42
49
60
38
47
60
49
56
73
57
55
51
55
41
49
48
49
48
38
63
49
43
55
44
38
42
43
38
43
49
42
50
35
32
36
43
35
35
43
37
32
39
37
45
30
29
37
31
43
35
34
42
31
43
34
32
24
32
36
35
29
32
27
26
33
25
35
27
23
27
33
33
33
16
22
20
17
22
18
29
26
23
27
24
18
28
20
28
24
27
16
20
15
16
19
23
15
20
23
25
27
18
17
19
16
17
23
17
16
20
10
15
20
17
13
17
13
11
21
13
12
11
22
13
11
15
16
14
12
15
13
14
9
13
13
9
8
16
7
7
15
18
18
13
10
15
14
9
8
12
12
12
8
13
10
11
13
13
8
14
14
5
14
12
3
5
12
9
5
7
13
12
1
7
10
11
10
3
5
2
8
7
13
10
10
11
10
6
3
11
8
6
7
9
7
10
3
7
11
10
4
13
8
6
4
2
11
7
4
4
11
8
7
5
10
9
8
7
10
6
2
3
6
9
4
7
10
7
5
5
7
5
4
8
4
9
9
6
4
6
8
5
5
4
7
6
5
1
5
5
4
9
8
1
8
2
4
3
4
7
4
4
0
10
4
4
2
3
3
2
2
3
6
1
1
6
3
6
10
3
13
4
5
4
4
5
3
2
1
4
10
8
5
3
5
1
1
7
3
5
5
9
2
5
6
2
6
11
2
2
3
2
7
1
2
5
4
4
4
3
5
3
4
4
6
3
5
1
3
3
10
4
4
2
1
7
3
3
4
4
5
4
7
5
2
3
5
8
2
8
8
1
4
7
4
9
6
5
1
0
0
4
5
1
6
1
2
2
4
2
2
7
5
6
1
5
2
3
8
3
3
3
5
6
3
6
5
2
3
4
4
2
6
2
5
6
4
4
7
9
5
3
8
3
5
2
7
2
4
12
3
3
9
0
3
3
4
8
7
3
5
3
6
4
2
8
2
0
3
2
4
4
4
4
1
5
3
3
5
5
0
4
6
3
6
6
1
7
1
5
6
2
1
3
3
3
2
8
8
6
3
1
5
6
5
4
4
1
7
2
3
1
3
6
6
3
6
9
1
4
2
5
1
4
5
3
5
2
4
8
6
2
6
2
7
3
4
5
3
6
2
1
3
5
4
7
6
4
5
2
4
3
1
6
1
3
4
3
3
1
2
4
6
7
0
4
3
4
3
3
2
4
1
5
5
2
2
2
3
4
1
4
2
3
2
1
4
1
3
2
3
5
1
2
2
3
3
5
6
2
3
2
3
0
5
1
2
0
2
3
6
1
1
3
3
3
3
1
4
5
2
1
5
3
2
1
4
6
4
2
2
7
2
4
4
1
6
2
1
3
2
1
5
3
4
3
3
4
1
3
4
3
4
1
7
2
4
2
3
2
4
4
8
2
3
1
7
1
2
1
2
4
3
2
5
0
4
5
3
2
0
6
4
5
3
3
4
2
0
4
5
2
6
5
8
4
2
2
6
2
4
3
3
3
1
1
2
2
3
5
5
2
2
1
5
4
2
3
2
4
7
3
6
6
5
2
4
1
8
8
2
8
4
2
1
2
3
3
1
1
3
5
5
6
2
3
2
4
2
4
4
2
6
3
1
4
3
1
1
4
6
4
3
7
5
2
6
4
4
4
7
7
1
4
3
2
0
2
2
4
1
2
5
2
3
4
5
3
3
5
2
4
4
5
2
6
2
5
4
2
1
3
4
4
3
1
5
4
3
4
2
2
3
2
3
3
7
1
2
4
3
4
3
2
7
0
1
2
4
3
1
67
87
57
70
75
45
76
68
76
59
59
64
63
60
43
56
49
68
59
64
70
68
54
66
59
68
65
71
58
64
57
56
64
51
68
68
77
57
70
62
65
48
64
54
65
59
56
69
72
59
68
63
62
63
67
65
53
67
50
67
64
63
54
63
72
59
62
59
55
52
72
68
53
66
64
62
52
60
78
56
66
62
50
68
58
53
47
79
69
55
54
60
61
53
57
64
57
59
61
55
66
60
80
64
48
62
65
64
62
74
54
53
65
57
59
72
57
68
59
55
55
62
46
69
70
69
64
39
