0
0
0
0
0
0
0
0
0
0
0
0
0
0
0
0
0
1
0
0
0
0
0
0
0
0
0
0
0
0
0
0
0
0
0
0
0
0
0
0
0
0
0
0
0
0
1
0
0
0
0
1
0
0
0
0
0
0
0
0
0
0
0
0
0
0
0
0
0
0
0
0
0
1
1
0
0
0
0
0
0
0
0
0
0
0
0
1
0
0
0
0
0
2
0
0
1
0
0
0
0
0
0
0
0
0
0
0
0
0
0
0
0
0
0
0
0
0
0
1
0
0
0
0
0
0
1
0
0
0
0
1
0
1
0
0
0
1
0
0
1
0
0
0
1
0
0
0
0
0
0
0
0
0
1
1
0
1
0
1
0
2
0
1
3
18
67
140
268
294
297
300
276
301
312
277
269
260
287
268
248
253
230
260
209
214
237
229
237
190
207
216
206
208
168
202
184
185
168
184
162
182
198
167
167
165
170
174
137
126
170
167
167
169
131
151
148
143
137
132
151
128
126
133
135
166
147
135
160
131
157
140
155
147
140
147
141
127
151
143
123
125
135
155
121
138
144
115
130
119
147
140
136
130
127
141
134
153
155
136
134
134
130
139
140
141
143
136
127
121
151
130
144
131
128
151
136
162
140
140
141
147
135
113
132
123
137
131
138
130
138
130
146
110
146
164
121
164
122
148
133
127
149
151
133
130
155
127
147
152
145
125
158
149
123
130
138
146
145
145
136
141
154
151
149
154
142
143
129
145
153
144
144
150
128
145
136
131
129
137
135
143
141
137
151
136
141
152
174
120
137
122
147
131
136
144
121
128
135
134
132
155
152
139
117
122
140
147
125
133
158
122
160
111
143
139
138
169
166
162
145
153
135
132
142
144
140
141
127
135
124
146
151
141
127
137
145
148
125
163
117
142
136
143
147
137
132
159
144
156
141
147
129
138
153
112
124
127
128
130
147
125
148
142
143
136
146
160
121
129
128
148
147
118
151
136
133
131
161
115
127
151
152
143
139
133
133
148
149
122
150
149
141
137
143
142
133
135
136
147
144
141
158
144
129
132
130
138
133
156
139
136
145
127
122
129
141
135
146
162
163
162
127
128
160
134
158
118
124
115
130
129
128
130
131
148
137
143
129
135
140
162
137
147
135
144
136
126
143
158
139
142
129
135
132
153
133
154
129
110
134
158
130
140
132
128
140
149
137
133
114
138
131
138
132
151
164
138
138
137
142
117
150
154
138
139
165
139
138
137
145
127
151
134
126
119
120
144
140
130
135
156
139
129
132
151
160
120
128
142
152
139
143
138
131
145
147
136
149
131
133
168
130
116
140
146
113
151
129
137
145
145
130
136
150
156
145
120
151
135
138
128
147
153
151
164
153
158
169
148
140
132
157
159
145
146
129
124
143
161
142
156
139
128
120
150
146
164
137
142
149
148
142
142
145
159
170
161
127
140
149
139
124
140
157
123
131
132
155
153
140
146
131
149
123
155
137
139
162
142
141
142
153
142
144
130
156
144
146
153
144
137
154
161
159
120
163
154
137
142
151
146
141
138
142
137
135
143
156
165
153
157
138
146
143
140
130
138
157
154
152
124
133
134
151
123
147
161
146
140
137
142
143
126
137
142
134
127
145
144
151
160
169
151
138
154
138
140
152
148
144
155
137
137
158
162
137
126
148
130
147
138
141
132
148
132
160
163
139
154
127
133
151
141
138
162
149
123
139
149
145
140
133
151
153
151
143
128
167
155
139
145
145
148
151
135
159
143
143
163
134
160
145
154
175
153
145
117
156
140
146
130
165
143
149
155
158
143
163
151
150
156
139
145
116
157
166
164
157
162
138
168
158
161
123
154
165
147
136
164
150
156
153
158
141
132
145
160
165
160
128
137
142
149
155
146
153
150
156
170
152
140
166
160
143
174
139
142
151
150
165
143
137
146
159
134
143
152
154
154
163
151
153
164
148
154
161
154
172
174
177
174
139
168
131
136
134
156
162
163
149
165
158
162
154
162
162
168
196
152
152
171
177
153
147
152
190
172
147
169
154
161
182
169
193
181
171
161
160
159
171
176
140
158
171
159
183
166
180
174
189
157
182
168
176
194
178
152
173
164
174
171
182
188
177
185
180
164
185
183
205
162
176
184
187
188
179
178
184
183
160
160
176
198
184
195
187
172
175
200
200
190
173
182
183
227
199
190
191
195
188
190
196
209
200
169
188
201
199
197
168
187
207
172
200
204
192
186
179
204
184
187
189
199
208
200
193
206
213
219
205
198
183
198
228
203
218
228
213
228
187
191
206
251
191
202
180
202
203
194
192
216
211
226
207
213
199
215
230
208
242
197
230
215
209
191
201
206
231
180
214
219
192
201
177
200
223
227
224
223
201
216
220
210
214
192
214
188
216
220
203
197
167
198
187
232
189
194
196
189
204
185
204
180
199
192
195
185
201
194
180
188
182
173
172
192
174
185
212
209
181
194
190
202
206
222
188
168
195
188
187
179
196
193
180
198
175
193
210
180
200
188
172
198
185
190
203
159
200
180
186
181
172
187
191
181
180
175
158
170
197
200
167
180
171
170
215
198
156
172
166
151
168
188
173
147
172
159
179
181
170
192
163
158
157
189
178
186
171
178
153
168
184
156
170
175
162
181
194
145
170
148
185
159
168
168
157
157
165
167
149
161
164
163
174
167
149
141
160
188
185
197
157
153
157
165
181
163
167
151
169
160
166
158
169
154
158
151
163
155
164
148
163
155
166
166
169
151
162
148
165
168
165
157
150
146
169
159
145
142
165
156
144
143
143
128
144
140
166
156
166
161
181
146
151
137
143
159
165
164
167
149
152
131
159
144
157
144
153
126
162
153
144
139
154
152
156
155
168
140
156
141
151
156
138
150
160
141
145
138
145
143
151
146
137
176
130
156
154
143
140
147
147
143
136
145
130
157
148
158
121
129
122
150
157
150
151
145
180
147
140
144
155
171
129
132
160
149
128
122
146
139
155
154
149
158
161
133
130
156
148
153
141
143
134
130
135
151
134
124
158
139
125
148
129
140
135
133
131
154
146
147
145
145
149
133
158
127
132
152
130
144
133
152
140
131
138
134
138
135
126
139
159
132
142
149
146
135
125
143
145
139
165
143
149
119
137
134
157
141
117
141
138
135
143
142
155
139
133
146
142
150
118
144
151
150
143
159
135
135
137
138
142
133
142
145
128
121
116
145
140
121
151
129
125
150
139
132
123
158
138
142
146
163
124
142
124
123
143
122
136
141
118
138
134
127
122
154
132
104
157
127
123
139
135
134
128
149
140
128
133
128
155
135
131
141
131
134
137
138
144
115
126
148
138
113
156
150
127
128
136
139
113
141
145
129
143
134
146
112
143
128
120
145
129
136
143
127
136
124
136
127
142
137
119
137
123
125
130
149
131
122
125
140
125
127
129
106
118
130
131
136
130
130
146
131
135
122
120
122
141
133
106
132
121
136
130
128
110
125
115
131
133
126
141
128
138
125
121
136
125
119
112
139
133
130
133
137
124
132
124
120
130
114
119
129
138
120
115
142
113
119
127
128
115
124
116
126
137
113
154
123
131
131
140
94
156
126
135
141
112
114
115
136
118
137
106
137
121
126
147
136
119
127
131
118
123
120
115
129
133
130
113
103
129
141
128
125
142
148
109
132
116
124
134
127
100
123
134
122
119
119
119
153
137
143
120
113
125
110
115
125
115
126
116
112
132
115
124
136
116
129
123
127
132
131
141
132
128
108
111
138
126
126
147
134
126
129
115
122
97
137
115
116
111
141
134
125
115
117
125
129
129
111
124
129
121
122
131
140
125
135
138
121
119
129
128
107
108
120
113
107
117
123
129
106
113
118
128
118
125
114
128
124
118
128
105
123
129
107
116
106
104
131
122
128
115
129
133
104
118
135
122
133
126
133
130
128
130
119
131
119
126
112
136
140
113
131
137
137
106
130
114
114
108
111
113
154
144
134
120
126
119
131
136
109
124
114
122
110
127
114
125
122
133
141
125
116
132
109
122
125
122
135
139
127
105
137
129
111
117
132
104
116
127
120
101
123
144
111
143
133
136
137
113
113
116
134
101
107
95
123
113
112
135
145
137
111
121
123
139
128
123
120
97
121
119
121
119
129
125
128
130
117
108
124
117
118
128
133
126
116
103
123
129
114
106
114
127
112
127
118
115
115
106
120
118
109
127
113
131
115
127
135
124
103
120
98
118
112
138
128
120
107
120
121
158
123
111
109
111
99
123
124
123
145
123
130
138
122
111
116
94
124
130
122
134
108
116
97
109
106
88
122
152
129
118
121
125
134
111
125
136
117
120
119
128
127
117
124
135
119
106
141
97
115
121
113
103
111
110
128
120
134
106
129
132
122
132
122
130
121
135
141
126
125
113
120
128
95
123
125
100
105
137
121
112
124
120
151
122
103
127
112
116
128
138
128
120
132
118
108
121
124
114
136
132
130
130
133
97
113
105
123
131
114
109
112
108
111
102
134
138
118
110
132
126
127
107
132
112
121
116
136
132
122
129
143
115
109
127
123
110
117
122
122
121
136
127
109
119
118
128
131
113
132
132
128
130
127
114
88
123
122
141
122
109
114
117
121
142
108
111
137
103
132
128
110
108
104
133
101
132
123
133
109
131
108
133
108
127
117
111
118
118
118
123
127
138
118
136
98
119
126
110
98
133
134
122
124
134
98
104
96
120
117
114
131
151
132
122
130
131
118
115
129
115
108
101
126
127
123
119
132
118
115
116
136
118
117
136
117
126
95
123
132
111
131
119
116
104
118
129
110
108
119
133
137
122
124
129
113
124
132
128
117
129
92
135
122
113
125
135
129
130
133
124
113
99
136
129
111
104
116
135
122
94
140
118
124
139
141
118
114
117
113
133
132
107
118
115
115
125
118
125
130
147
100
137
113
124
119
144
131
118
123
128
132
130
123
138
122
110
98
114
134
111
131
109
128
125
104
112
105
118
120
140
129
128
129
125
126
131
124
110
126
119
124
133
119
114
120
131
121
104
114
122
117
103
126
107
113
135
130
123
136
126
107
129
118
114
138
115
130
110
116
89
117
120
141
122
105
126
119
116
107
115
113
127
131
109
125
130
122
101
145
120
104
128
141
124
124
124
124
94
107
131
100
120
117
137
130
123
119
123
122
130
130
120
124
103
117
103
108
101
124
111
104
120
109
96
114
118
122
122
118
113
126
102
118
127
111
115
111
122
116
90
101
105
122
100
103
106
113
121
89
84
103
100
117
115
114
112
109
115
96
117
118
100
104
110
112
107
103
115
103
106
108
100
88
102
106
105
112
101
111
115
108
101
96
97
103
117
101
111
95
99
81
97
86
99
103
112
83
107
86
103
94
103
91
136
99
109
111
100
102
120
74
103
98
79
92
102
78
96
107
91
102
80
87
94
75
103
78
80
100
100
103
93
90
92
77
79
82
89
105
90
77
90
74
94
87
82
77
74
96
91
87
83
80
81
104
87
98
77
66
65
74
100
75
73
82
74
80
78
75
81
95
75
80
71
86
87
76
84
74
89
64
69
78
72
78
77
83
77
76
79
55
60
61
68
82
64
67
76
59
67
71
49
73
75
69
44
56
71
80
65
72
69
77
55
63
64
63
67
66
64
55
56
74
68
54
63
57
61
63
47
62
59
59
68
62
61
54
51
46
54
50
62
60
68
51
60
60
52
51
46
56
49
56
54
56
48
57
50
38
43
45
55
42
49
52
50
47
53
52
54
46
38
51
45
47
43
53
50
41
46
46
63
44
44
42
45
45
36
45
52
50
47
36
44
46
41
45
51
56
44
54
31
46
46
38
43
42
50
37
39
36
60
28
35
43
36
37
52
56
44
47
41
39
39
46
34
50
46
42
37
24
41
40
26
53
43
42
30
39
38
42
41
37
36
31
34
23
38
31
31
37
42
50
25
46
48
39
32
21
44
31
36
27
27
35
42
44
35
33
32
29
33
33
40
32
45
35
41
28
31
29
40
24
27
25
31
34
30
29
30
31
36
29
24
36
27
33
44
30
38
27
41
31
36
42
27
31
25
30
22
33
27
34
22
34
33
32
23
27
30
29
32
26
38
22
34
41
32
39
21
25
33
32
30
30
23
23
31
38
25
22
32
32
27
22
28
40
27
10
25
25
30
28
22
18
39
35
29
35
22
27
30
19
30
24
37
36
25
37
31
28
27
22
28
23
33
32
20
29
24
29
32
29
29
23
30
20
32
21
27
28
29
21
27
29
35
20
30
29
22
26
25
22
31
33
30
33
24
21
30
22
30
29
28
20
31
21
25
28
30
27
38
36
35
26
18
12
25
29
26
23
27
24
18
18
27
21
28
26
26
29
28
23
22
27
28
27
28
24
24
20
22
33
27
35
25
23
26
27
25
24
29
32
21
18
26
22
34
25
20
23
25
21
23
17
19
24
27
24
34
31
29
26
21
29
19
25
17
25
20
25
21
26
24
18
23
26
19
22
27
25
24
29
20
23
27
21
23
20
19
22
23
30
19
22
17
29
32
29
26
23
19
21
33
23
29
24
24
23
29
23
26
14
26
33
22
27
30
39
32
24
26
32
29
27
31
22
31
19
31
25
26
28
28
24
26
29
27
20
27
21
21
17
32
24
30
23
30
29
27
32
22
28
24
26
27
24
28
22
37
22
29
35
30
31
31
32
28
19
31
41
22
25
23
31
27
25
25
21
34
29
37
38
34
35
31
36
39
32
25
25
32
24
34
27
40
35
29
30
36
26
34
37
24
36
22
34
31
36
30
39
28
27
33
28
23
35
34
30
35
32
41
39
43
33
40
28
24
27
29
30
24
31
34
37
26
35
38
41
50
28
24
40
29
38
36
33
47
47
26
33
36
35
42
45
38
36
38
38
34
41
41
52
38
46
32
38
42
37
47
44
36
48
39
36
47
37
44
37
48
49
57
59
56
53
38
38
32
50
49
45
49
61
48
45
50
56
45
51
44
45
58
44
73
51
57
83
55
54
52
60
61
62
57
61
58
52
55
63
50
65
55
57
63
55
66
54
55
80
70
65
61
68
70
57
60
74
60
72
74
56
61
83
72
86
61
72
69
88
79
71
87
75
68
69
64
80
79
77
76
79
82
95
66
77
88
85
78
75
101
88
89
96
97
101
89
107
93
92
96
90
131
101
104
105
117
114
108
126
114
105
121
107
117
105
123
117
133
119
106
103
113
121
123
121
151
127
140
141
119
137
143
119
133
153
153
132
146
135
151
148
147
175
141
164
177
186
167
164
159
174
149
161
181
155
166
164
174
185
182
156
162
186
191
196
216
201
205
203
185
197
207
223
211
216
183
210
197
211
217
216
244
240
232
251
239
230
228
226
235
236
250
254
246
245
232
275
232
266
271
263
265
285
250
280
278
272
292
249
317
307
312
314
308
278
358
324
328
311
328
336
298
339
348
365
347
345
320
362
358
347
381
393
381
386
370
395
365
359
379
389
374
360
380
408
392
427
378
398
428
427
421
404
443
395
409
408
435
417
450
443
434
444
459
463
425
463
462
464
498
448
494
492
434
456
521
499
534
520
474
508
520
517
467
515
498
499
510
492
548
542
558
501
542
549
526
524
558
544
548
600
595
580
575
616
560
544
614
572
576
603
574
572
615
566
584
620
586
638
644
607
612
634
571
622
604
634
623
634
619
654
631
597
698
628
684
640
617
624
627
636
700
700
646
627
652
677
614
655
634
650
686
679
662
679
665
641
637
674
683
679
653
678
666
720
642
709
656
656
692
717
689
704
683
649
700
655
660
635
669
656
660
673
705
672
695
618
706
661
662
655
672
678
669
652
570
678
657
616
643
646
654
666
693
642
643
637
671
665
684
613
642
668
602
632
649
593
619
593
581
603
569
605
595
566
598
597
561
545
593
562
605
578
562
531
572
494
523
537
545
544
536
504
515
534
496
558
527
543
533
488
487
523
482
480
464
530
499
446
463
484
440
480
465
470
453
416
428
417
427
436
411
433
459
430
415
380
384
411
374
392
396
402
361
352
361
375
379
333
358
327
331
388
320
355
317
316
343
315
326
328
307
283
339
254
279
294
285
248
278
262
271
278
266
217
272
227
236
266
250
207
225
243
231
222
230
224
222
213
234
193
211
219
187
197
195
200
193
190
176
178
180
189
170
169
141
163
168
154
147
151
165
135
156
153
139
120
117
146
148
135
126
119
109
117
113
104
105
119
120
110
93
111
94
103
87
103
91
93
85
77
79
70
94
68
73
81
69
65
55
74
65
73
71
62
63
60
71
50
58
66
57
66
61
38
39
69
49
33
32
52
45
44
44
39
42
46
40
49
37
34
40
26
31
29
32
35
32
37
27
35
34
29
31
32
31
24
32
20
24
35
28
28
17
26
28
22
21
22
20
17
18
22
27
21
17
17
19
20
16
20
21
16
17
13
13
14
13
9
16
12
9
8
14
12
13
10
11
11
15
17
12
11
8
16
13
12
14
15
1
11
11
12
9
7
14
7
14
6
9
8
9
7
5
9
10
7
14
11
3
7
10
8
5
6
4
7
3
8
9
3
7
5
5
8
7
10
4
3
4
7
6
6
9
8
6
3
5
7
4
7
6
4
6
5
9
2
9
3
4
4
3
4
5
4
5
4
6
6
5
7
7
2
2
7
5
3
3
5
3
3
6
5
7
4
8
0
2
5
5
3
2
1
3
4
1
7
6
5
2
7
7
2
2
5
1
2
8
7
7
3
3
4
4
5
7
3
2
6
6
2
2
2
1
7
5
6
4
4
4
3
3
6
2
10
3
5
6
2
8
4
3
6
7
6
1
3
4
3
5
3
4
3
6
1
9
2
0
4
1
3
3
7
2
2
6
1
3
5
3
4
1
4
5
3
7
2
6
3
4
5
5
3
4
4
5
8
5
4
0
2
4
2
3
3
2
5
6
2
3
3
2
7
3
2
5
3
6
6
4
6
0
8
2
4
1
1
3
1
5
5
3
4
1
8
4
2
10
5
2
3
2
4
0
6
3
2
3
4
2
4
5
5
1
5
2
2
3
2
5
3
4
3
2
4
3
3
1
2
4
4
7
1
2
4
3
3
9
2
2
3
4
2
5
2
2
2
3
4
3
6
4
4
5
6
2
1
4
4
3
4
3
4
3
5
3
4
2
3
2
4
7
1
3
7
6
4
4
3
1
6
5
3
2
6
2
4
1
5
5
0
3
3
3
1
4
5
7
3
3
1
4
4
3
3
5
3
4
5
2
3
2
5
3
3
4
2
2
6
4
6
0
3
2
9
0
1
3
4
4
5
3
3
1
2
5
1
6
11
1
6
4
2
7
1
3
6
0
3
2
2
2
3
1
3
1
1
1
2
4
5
2
4
5
4
4
2
1
4
1
2
4
3
1
2
2
3
0
4
4
2
3
2
1
5
3
4
3
0
5
0
3
2
5
1
4
1
1
0
3
2
7
2
6
2
6
4
6
3
2
1
4
3
4
7
1
3
4
8
1
1
0
3
4
4
3
2
4
0
4
5
1
1
3
7
1
4
4
3
4
3
6
3
5
0
3
1
1
4
4
4
6
4
1
0
2
1
4
5
4
5
2
3
3
3
2
2
0
4
3
2
4
4
2
4
5
2
3
3
5
3
5
5
2
5
3
2
3
5
3
8
5
3
2
4
2
3
3
4
1
4
4
2
2
3
0
2
1
4
5
5
0
4
3
1
5
5
4
4
4
6
4
4
1
2
4
2
3
1
5
5
1
3
4
3
2
4
6
6
1
1
4
1
5
3
4
3
4
4
4
2
5
4
1
5
3
2
4
5
4
3
4
4
4
3
1
4
2
6
5
3
6
1
4
2
5
0
3
1
3
3
3
4
2
2
4
0
6
8
3
2
1
0
3
2
4
5
3
2
5
2
2
1
3
4
4
3
4
3
1
0
6
4
6
2
6
4
3
4
7
1
5
5
4
4
2
3
5
2
0
2
4
2
4
1
4
2
3
3
3
0
1
2
2
4
2
2
2
2
4
5
6
2
1
3
6
4
5
0
4
1
1
2
2
6
2
2
6
3
2
5
2
1
9
2
4
3
4
2
1
4
1
5
2
5
1
1
5
0
2
2
2
5
2
2
5
1
3
2
4
3
5
2
3
2
2
5
3
2
4
2
10
5
3
1
6
1
1
2
3
2
4
4
2
3
3
6
2
6
3
3
1
7
3
4
4
7
0
1
8
4
2
3
2
4
2
3
4
1
4
1
2
1
0
6
3
1
4
0
1
1
1
5
2
6
2
2
7
5
5
3
3
2
3
2
2
5
2
4
0
2
2
3
2
0
1
0
3
2
3
1
4
6
3
2
4
4
4
4
0
0
4
1
4
1
1
1
1
1
3
4
4
4
3
7
1
2
5
1
4
0
5
2
3
4
3
3
1
4
10
1
2
2
2
3
3
1
3
3
4
0
2
4
3
2
2
1
1
1
1
1
6
1
3
4
5
2
3
3
1
3
2
1
0
4
3
2
2
2
4
2
1
6
3
3
3
1
3
4
2
2
3
3
0
3
2
4
4
1
2
4
6
0
4
2
0
5
6
3
6
2
1
2
2
1
5
5
3
2
2
0
2
1
1
3
1
3
2
3
3
3
4
0
1
4
1
1
3
2
2
1
4
2
3
3
3
1
1
1
2
2
2
1
3
2
5
1
2
0
2
4
1
6
1
2
1
4
2
0
0
3
2
1
5
3
1
3
5
1
3
2
3
5
0
3
2
2
1
2
2
2
1
2
1
4
0
3
3
1
0
3
2
2
1
6
1
1
4
1
3
1
2
2
4
4
1
3
2
2
0
4
1
5
2
4
4
2
0
3
3
3
1
4
0
2
2
2
3
0
0
1
1
2
0
1
1
2
2
0
5
2
2
0
0
2
1
0
1
1
1
0
2
3
1
1
0
1
1
3
4
2
3
5
3
6
0
1
2
1
1
1
2
4
2
4
2
2
2
0
0
3
0
1
0
3
5
2
0
0
2
1
0
4
1
3
3
2
4
1
1
2
2
1
3
2
5
2
1
4
2
1
3
4
1
4
1
1
2
2
2
3
1
5
5
3
0
3
2
3
1
2
3
1
2
3
0
1
1
2
1
0
3
0
0
1
3
4
4
3
5
4
2
2
1
0
0
1
4
2
4
6
3
2
1
0
1
1
1
2
2
0
2
2
2
4
2
3
2
3
2
2
2
3
1
1
4
2
0
2
2
0
2
2
1
1
1
1
1
4
2
2
1
1
3
3
1
1
4
0
0
3
2
2
4
3
2
3
2
3
0
1
1
2
1
4
2
1
4
2
1
1
1
1
1
2
0
4
1
3
2
1
3
3
3
1
3
5
2
1
3
2
3
0
5
1
2
1
2
0
2
3
2
2
0
4
5
2
0
1
2
1
1
4
2
1
0
4
1
3
0
0
2
1
2
4
2
1
0
3
2
1
1
3
4
3
3
1
1
0
2
3
0
2
1
1
3
1
2
2
2
1
2
0
1
0
1
3
7
2
1
0
2
1
1
1
1
1
1
2
1
2
2
3
3
1
2
3
2
3
0
4
0
1
2
3
4
1
0
0
2
2
0
1
1
2
3
2
0
2
0
1
1
2
1
1
2
1
1
4
0
1
0
5
2
1
2
2
2
0
4
0
2
1
2
1
7
1
2
2
1
1
1
2
2
2
0
2
2
3
2
1
0
2
1
2
1
0
6
2
2
1
1
1
6
1
5
3
2
1
1
1
0
0
1
1
0
3
2
3
4
2
4
2
2
0
3
1
0
1
3
1
1
2
4
1
2
2
1
3
1
0
3
1
1
2
1
1
2
1
1
1
1
0
4
3
0
4
0
0
2
0
3
0
2
1
1
5
0
2
2
3
3
1
5
2
2
3
1
1
2
1
3
1
0
4
2
1
1
3
2
1
1
0
2
2
2
2
3
1
2
1
5
2
1
1
3
1
3
1
1
1
4
1
3
1
1
2
1
2
2
1
3
2
2
4
2
4
0
1
3
4
0
2
1
2
4
3
1
1
3
0
2
2
1
1
1
2
2
1
2
0
1
1
3
3
3
2
1
0
0
0
2
2
0
2
4
3
3
0
3
5
1
2
2
3
2
4
3
2
3
2
2
3
3
1
0
1
2
3
0
0
2
0
3
3
2
0
0
1
0
2
1
2
3
2
1
1
1
2
1
1
2
2
1
1
2
2
0
1
4
3
1
0
1
3
1
0
1
3
3
1
1
2
3
1
3
2
1
3
1
3
2
2
4
1
0
2
2
1
2
1
2
0
1
1
2
2
3
1
0
1
1
2
2
1
1
1
1
0
1
1
2
1
0
1
3
3
0
0
2
1
0
3
1
0
1
2
3
1
1
2
2
1
4
1
0
0
2
1
1
1
2
1
0
0
3
1
0
0
1
3
0
1
4
1
1
1
1
0
3
1
0
0
3
0
3
1
2
1
0
2
4
2
0
1
1
1
1
0
5
2
3
0
3
1
0
3
0
0
0
2
1
1
0
0
2
0
3
1
2
2
4
5
2
1
0
3
3
2
3
1
2
1
1
3
1
4
0
0
2
2
3
4
1
0
1
0
0
2
2
3
4
1
2
1
0
0
2
1
0
2
1
1
0
1
2
1
1
1
0
1
2
2
0
9
0
0
0
0
1
1
1
2
0
0
2
0
4
1
2
0
4
2
1
1
2
1
2
3
2
2
2
2
3
2
2
0
1
3
3
1
1
1
1
5
1
3
3
3
0
2
1
0
0
6
2
2
1
1
1
0
2
0
2
1
1
3
0
2
2
2
3
1
2
0
0
1
2
0
1
0
1
0
1
1
1
1
0
0
1
1
0
0
2
4
2
0
1
0
0
1
1
1
2
3
0
0
0
1
2
1
0
3
2
1
0
1
2
1
1
2
1
1
0
0
2
2
2
1
0
0
0
1
0
0
2
0
2
2
2
0
2
0
0
0
1
1
1
1
2
1
1
1
0
1
0
1
2
1
1
1
1
1
1
1
1
0
1
4
1
1
0
1
0
0
2
2
0
0
2
2
1
0
1
1
1
0
0
0
1
1
0
0
1
0
2
0
0
1
1
2
0
1
4
2
0
1
2
2
1
1
3
1
2
1
1
0
0
1
0
0
3
3
2
2
0
2
2
0
0
0
1
3
1
0
0
0
2
1
1
0
1
0
2
1
1
3
1
0
1
1
0
1
1
0
2
3
2
0
0
1
1
0
0
2
0
0
0
2
2
2
1
1
3
0
1
1
1
0
1
1
0
2
2
2
0
0
1
0
1
0
2
1
0
1
1
0
0
1
0
0
0
0
1
0
0
0
0
0
1
2
2
1
1
1
1
3
0
2
0
1
3
0
0
2
1
0
2
1
0
1
0
3
2
0
1
1
0
0
0
0
2
1
2
0
1
1
1
2
2
0
2
0
0
1
3
2
0
2
0
0
0
1
1
1
1
3
4
0
3
0
1
0
2
1
2
1
1
0
1
3
0
0
1
0
1
2
1
2
1
0
1
3
1
2
4
1
1
0
2
0
0
1
2
0
1
0
3
1
1
1
0
0
1
0
2
0
1
0
0
5
0
0
0
2
3
0
1
1
1
1
0
0
0
2
0
0
2
1
1
4
1
0
1
0
0
1
1
1
1
1
0
0
2
2
0
2
1
0
0
0
1
0
0
0
0
4
0
0
1
1
2
1
0
0
2
1
1
0
0
1
1
2
3
1
0
1
0
3
0
2
0
0
0
1
3
0
0
0
0
1
2
0
0
0
3
1
1
0
1
1
1
2
1
3
1
0
0
0
0
0
0
0
3
1
0
0
0
1
1
3
0
2
2
3
0
2
1
2
2
0
0
0
2
0
2
0
1
2
1
0
1
1
0
0
0
0
0
1
2
2
3
0
0
1
0
0
2
1
3
0
2
1
0
1
2
0
1
0
0
0
1
1
1
0
1
2
1
2
1
2
0
0
1
1
0
3
0
0
0
1
0
0
1
3
2
1
1
0
1
1
0
1
1
2
1
2
0
2
1
0
0
2
0
1
1
0
0
2
0
1
2
1
0
0
0
0
0
1
1
1
1
0
1
0
1
1
1
0
0
0
2
1
2
2
0
0
0
1
3
0
1
2
0
1
2
1
0
0
1
0
0
0
2
1
0
1
0
1
1
0
0
4
1
1
2
1
0
1
0
1
2
3
0
1
0
0
1
0
1
1
5
1
1
3
1
1
1
1
1
0
1
0
1
0
1
2
0
1
1
0
1
0
0
1
0
0
0
0
1
1
2
1
1
0
1
2
0
0
1
0
0
3
2
1
0
2
2
3
1
1
3
2
0
1
0
1
2
1
3
3
2
0
0
2
1
0
0
0
1
3
0
0
0
1
0
1
0
1
1
0
1
0
1
1
0
3
2
3
0
0
0
1
0
1
1
2
1
2
1
0
1
0
3
0
1
1
1
1
0
0
0
1
1
1
1
1
0
1
0
1
0
0
0
2
2
0
0
2
0
1
0
1
2
0
2
1
2
2
2
0
1
2
1
3
0
1
1
1
2
2
0
1
2
0
1
2
1
0
1
2
2
0
1
1
3
1
1
2
1
1
2
0
1
3
2
1
0
1
2
0
1
1
0
0
4
1
1
1
0
0
1
0
0
0
1
2
0
0
0
1
0
0
0
0
1
0
1
1
1
0
1
0
3
2
0
1
1
0
0
1
2
0
3
0
2
0
1
2
0
0
1
0
3
2
1
0
0
3
0
2
1
1
3
1
1
1
0
2
2
1
2
0
1
2
2
0
1
0
3
2
3
3
2
2
1
0
4
1
2
1
1
1
3
3
0
0
1
1
1
1
1
0
0
1
1
1
2
1
2
1
2
2
1
1
3
0
1
0
1
0
2
0
1
3
1
1
0
1
1
1
1
1
1
4
5
3
2
0
1
2
1
2
1
0
1
1
1
2
1
1
2
0
2
1
2
1
1
2
0
0
1
1
2
1
1
0
1
3
2
1
2
1
1
2
0
1
1
0
0
3
3
2
2
0
1
2
1
2
0
2
0
1
1
3
1
0
0
1
0
1
1
2
3
1
0
2
1
1
1
2
2
2
2
2
2
1
0
0
0
3
3
0
0
0
0
3
1
1
2
1
2
1
1
1
1
0
0
2
3
1
2
1
1
0
1
0
3
1
3
1
1
2
1
2
1
0
2
2
4
1
1
1
1
1
0
1
1
2
1
2
2
2
1
0
0
1
1
0
2
2
1
4
0
2
0
1
1
2
1
2
1
0
1
1
0
1
2
1
0
2
2
1
2
1
2
2
2
1
1
4
1
1
0
0
3
1
0
1
2
0
2
0
0
1
0
1
1
0
1
4
3
0
1
0
1
3
0
2
0
2
2
0
2
4
0
0
1
2
0
2
0
0
1
0
1
1
0
0
1
0
0
0
0
2
2
1
1
1
1
1
2
0
0
0
0
0
1
0
0
0
2
1
0
3
3
1
1
0
1
1
0
0
0
0
0
1
0
0
0
0
0
0
3
2
0
0
0
0
2
2
0
2
0
2
0
1
0
2
0
1
0
0
2
2
0
0
1
0
1
1
0
0
2
0
0
2
2
1
0
0
0
2
0
1
1
2
2
3
5
0
3
1
0
1
0
0
0
0
0
0
0
1
1
2
0
0
0
0
2
0
0
3
1
1
1
0
0
2
0
1
2
2
0
1
2
0
0
0
0
0
1
0
0
0
1
0
2
0
0
1
0
3
0
2
2
1
1
0
0
0
0
0
1
0
0
0
1
0
1
1
2
0
0
1
0
0
0
0
0
2
0
0
0
1
0
0
0
0
0
0
0
1
1
0
1
0
1
0
0
0
0
1
1
0
0
0
0
0
0
0
0
0
0
1
2
1
0
1
0
1
0
0
0
1
0
0
0
0
0
0
0
0
0
0
0
0
1
0
0
1
0
0
1
1
0
1
2
0
0
0
0
0
0
2
0
0
0
0
0
1
2
0
1
0
0
0
1
0
2
0
0
0
1
0
1
1
0
0
0
0
0
0
0
0
0
0
1
0
0
0
0
0
0
0
0
0
0
0
0
1
1
1
0
2
1
1
1
1
0
0
1
0
0
0
0
0
0
0
0
0
0
2
1
0
0
1
1
0
0
0
0
0
0
1
1
0
0
0
0
0
0
1
1
0
0
1
0
0
1
0
1
1
0
0
0
0
0
0
0
1
0
0
0
0
0
0
0
0
0
1
0
2
1
1
0
1
0
0
0
0
1
0
2
0
1
0
0
1
0
0
0
1
0
0
0
0
0
0
0
0
0
1
1
0
1
0
1
0
0
0
0
0
0
1
0
0
0
0
0
1
0
0
1
0
1
1
0
0
0
0
0
0
0
1
0
0
0
0
0
0
0
0
2
0
0
0
0
0
0
1
0
0
1
0
0
1
0
1
0
0
1
1
1
2
0
1
0
1
0
0
1
1
0
1
0
0
0
0
2
0
0
0
1
0
0
0
0
1
0
0
0
0
2
0
2
0
0
1
1
1
0
1
1
0
0
0
0
0
0
1
0
0
0
1
1
1
2
0
1
1
0
1
0
0
0
0
1
0
0
1
0
0
1
0
0
0
0
0
0
1
2
0
0
1
0
0
0
1
1
0
0
0
0
1
0
1
0
0
0
0
0
0
0
1
0
0
1
0
0
0
0
1
0
0
0
1
1
1
0
0
1
0
1
0
0
0
0
0
0
2
0
0
0
0
1
0
0
0
0
0
0
2
0
1
0
1
0
1
0
0
0
1
3
1
1
0
0
1
0
0
0
0
1
0
0
0
1
0
0
0
0
0
0
1
0
0
0
0
0
0
0
1
0
0
0
0
0
0
1
0
0
0
0
1
1
1
0
0
0
0
0
0
0
0
2
1
0
0
1
1
1
0
0
0
1
0
0
1
0
0
1
0
1
0
1
0
0
0
0
0
0
0
0
0
0
0
0
0
0
0
0
0
1
1
1
0
0
1
0
0
0
0
1
0
0
0
0
0
0
0
0
0
0
0
0
0
0
0
0
0
2
0
0
0
0
0
0
1
0
0
0
0
0
0
0
0
0
0
0
0
1
0
0
0
0
0
0
0
0
1
0
0
0
0
0
1
0
0
0
0
1
0
0
0
0
0
0
0
0
0
1
0
0
0
0
1
0
0
1
0
0
0
0
0
0
0
0
0
0
0
0
0
0
0
0
0
0
0
0
0
0
0
0
0
0
0
0
0
0
0
0
0
0
0
0
0
0
0
0
0
0
0
0
0
0
0
0
0
0
0
0
1
0
0
0
0
0
1
0
1
0
0
0
0
0
0
1
0
0
1
0
0
0
0
0
1
0
0
0
0
0
0
0
0
0
0
1
0
0
0
0
0
0
0
0
1
0
0
0
0
0
0
0
0
0
0
0
0
0
0
0
0
0
0
0
0
0
0
0
0
0
0
0
0
0
0
0
0
0
0
0
0
0
0
0
0
0
0
0
0
0
0
0
0
0
0
1
0
0
0
0
0
0
0
0
0
0
0
0
0
0
0
0
0
0
0
0
0
0
0
0
0
0
0
0
0
0
0
0
0
0
0
1
1
0
0
0
0
0
0
0
0
0
1
0
1
0
1
0
0
0
0
0
0
0
0
1
0
0
0
0
0
0
0
0
0
0
0
0
0
0
0
1
0
0
0
0
1
0
0
0
0
0
0
0
0
0
0
0
0
0
0
0
0
0
0
0
0
0
0
0
0
0
0
0
0
0
0
0
0
0
0
0
0
0
0
0
0
0
0
0
0
0
0
0
2
0
0
0
0
1
0
0
0
0
0
0
0
0
0
0
0
0
0
0
1
0
0
0
0
0
0
0
0
0
0
0
0
0
0
1
0
0
0
0
0
0
0
0
1
0
0
0
0
0
0
0
0
0
0
0
0
0
0
1
0
1
0
0
0
0
0
0
0
0
0
0
0
0
0
0
0
0
0
0
0
0
0
0
0
0
0
0
0
1
0
0
0
0
0
0
0
0
0
0
0
0
0
1
0
0
0
0
0
0
0
0
0
0
0
0
0
0
0
0
0
0
0
0
0
0
0
0
0
0
0
0
0
0
0
0
0
0
0
0
0
0
0
0
0
0
0
0
0
0
0
3
3
1
3
3
5
2
3
0
2
1
3
5
3
2
7
0
2
1
1
4
2
3
1
8
3
1
5
3
6
1
2
4
3
5
3
1
5
4
3
0
4
3
2
3
4
2
7
6
3
0
1
3
1
3
3
3
1
0
4
3
3
3
2
1
3
3
2
4
0
3
3
2
7
0
2
0
1
1
4
1
1
4
3
2
5
2
4
3
1
2
4
3
1
0
1
5
1
1
2
7
3
2
5
4
2
4
2
1
2
9
5
5
5
0
5
3
2
3
2
2
2
1
2
3
2
8
1
