0
0
0
0
0
0
0
0
0
0
0
0
0
0
0
0
0
0
0
0
0
0
0
0
0
0
0
0
0
0
0
0
0
0
0
0
1
0
0
0
0
0
0
0
0
0
0
0
0
0
0
0
0
0
0
0
0
0
0
0
0
0
0
0
0
0
0
0
0
0
0
0
0
0
0
0
0
0
0
0
0
0
0
0
0
0
0
0
0
0
0
0
0
0
0
0
0
0
0
0
0
0
0
0
0
0
0
0
0
0
0
0
0
0
0
0
0
0
0
0
0
1
0
0
0
0
0
0
0
0
0
0
0
0
0
0
1
0
0
0
0
0
0
0
0
0
1
0
0
0
0
0
0
2
0
1
0
0
0
0
0
0
0
0
7
17
23
58
104
90
98
110
124
104
106
110
120
103
115
99
100
96
108
125
108
96
111
112
112
122
116
128
99
117
94
119
115
133
95
125
116
117
114
122
99
124
107
117
111
124
126
113
124
123
106
121
108
110
115
136
124
145
127
118
136
120
108
126
131
132
127
139
117
117
119
123
138
121
116
120
115
122
129
139
122
137
134
140
121
137
136
134
137
129
116
139
118
133
143
123
109
131
134
132
148
136
141
141
137
149
130
120
149
130
150
126
138
131
128
142
141
146
138
145
128
132
135
125
124
132
148
127
141
148
152
140
141
141
137
155
144
148
130
146
139
138
116
142
152
146
139
160
126
128
148
122
134
133
133
145
156
140
140
164
143
126
142
144
138
160
160
137
150
146
136
145
129
161
152
132
143
144
139
126
154
162
162
142
152
167
146
148
142
143
152
147
154
172
133
162
166
133
130
175
144
157
148
130
148
141
141
176
178
150
143
157
149
165
179
125
161
138
152
158
157
171
146
148
138
161
141
138
147
147
144
148
169
164
142
149
135
165
144
164
124
143
141
160
122
136
140
128
138
140
135
156
135
128
144
147
122
117
138
158
136
149
136
134
163
144
170
150
156
176
141
150
143
144
151
126
174
141
143
147
135
145
135
133
146
122
167
157
129
132
141
146
151
128
143
118
120
166
133
136
141
147
140
135
160
139
139
145
135
130
130
138
133
155
130
134
128
126
130
142
120
139
128
131
122
144
138
150
144
127
116
138
165
137
142
134
141
117
117
112
136
125
129
134
150
141
155
138
141
129
131
156
136
133
130
125
136
138
120
142
138
142
117
114
118
115
134
105
116
107
129
117
135
121
143
120
127
140
129
139
115
127
120
116
124
123
115
118
143
135
116
130
135
135
115
106
144
105
116
130
106
119
104
140
125
115
124
130
120
143
109
128
126
131
131
138
113
120
131
110
111
120
119
126
125
106
134
125
132
110
125
117
102
103
129
128
107
119
126
99
113
113
114
113
119
118
114
113
130
126
143
112
105
117
123
113
109
104
114
105
100
117
105
118
121
115
107
109
102
84
116
104
119
123
106
127
100
112
105
110
117
111
112
114
89
101
88
102
127
118
103
106
100
117
103
100
115
107
116
89
79
117
101
99
119
105
98
110
91
102
99
82
109
108
92
103
108
92
116
103
102
117
106
94
106
96
98
107
95
93
85
97
99
99
102
93
82
95
100
100
91
108
88
103
97
95
94
106
97
94
100
99
89
113
89
98
100
98
82
88
97
92
78
91
101
81
113
92
91
79
84
80
82
79
103
96
93
85
69
94
103
99
90
84
92
99
86
86
101
78
88
89
116
95
97
83
98
84
96
79
89
76
87
95
75
88
86
83
93
76
90
91
92
87
81
83
97
79
77
84
75
90
81
71
89
82
74
74
75
102
77
72
94
95
65
75
83
80
75
82
69
77
75
83
86
83
92
72
80
84
70
80
97
89
82
83
68
64
85
84
80
89
83
75
77
68
75
72
69
89
67
76
68
77
97
70
76
73
70
73
81
80
66
80
59
78
64
64
81
78
67
69
82
56
70
82
68
60
62
72
62
57
66
72
71
76
69
69
79
77
71
72
86
71
69
68
70
68
78
72
62
72
65
90
80
55
74
90
76
73
61
78
67
66
53
70
78
62
63
73
70
54
79
75
58
65
60
71
64
73
79
60
51
74
59
62
79
62
76
66
62
60
69
60
63
50
66
74
67
64
70
57
66
59
58
70
68
49
42
81
54
70
62
59
51
54
57
56
65
71
50
61
68
77
84
73
69
67
65
66
50
52
58
71
54
62
56
51
84
54
51
58
45
54
50
57
62
60
66
57
61
57
66
59
57
66
51
53
62
65
62
55
70
58
51
60
54
48
56
55
63
57
52
57
58
53
59
45
52
38
62
46
63
57
51
51
69
57
61
46
54
58
47
51
57
45
47
56
53
46
50
51
52
51
70
63
49
44
61
47
73
49
54
62
51
73
59
47
54
52
55
54
49
42
51
61
50
48
54
58
46
46
57
50
56
52
40
45
54
43
63
55
49
46
53
49
51
52
50
52
47
50
46
50
54
60
51
39
49
51
67
54
48
51
58
47
47
45
43
47
51
53
44
49
52
47
51
52
39
48
50
47
52
45
33
53
43
51
68
42
43
55
44
49
42
52
41
50
50
49
55
53
45
52
49
48
49
39
45
49
46
55
31
38
42
44
44
31
48
52
44
55
29
50
43
50
48
44
43
46
52
49
48
45
56
44
51
41
42
50
59
39
50
36
44
47
33
40
48
53
41
52
44
41
41
46
38
50
48
56
40
39
50
41
40
36
43
43
50
41
38
38
42
43
46
47
39
48
49
42
47
39
44
42
44
37
45
45
37
35
39
38
40
42
44
39
45
46
39
42
47
35
41
35
32
44
42
46
24
40
41
44
36
37
34
41
43
36
34
46
39
37
39
33
46
30
47
33
44
43
33
36
49
40
40
34
42
53
38
40
34
28
41
36
30
39
42
30
38
25
39
43
42
39
45
40
38
47
28
36
46
32
41
38
46
36
38
36
37
36
29
32
51
36
44
43
30
42
40
26
39
35
37
34
46
39
37
42
34
42
41
40
34
44
34
32
33
23
25
34
39
43
28
36
32
39
34
45
48
41
38
30
35
41
36
37
26
42
37
38
40
32
29
29
34
37
28
33
30
37
31
37
30
42
35
30
31
28
35
39
34
33
34
30
29
37
31
31
32
29
28
42
30
31
25
27
35
41
25
22
48
32
39
39
36
34
34
33
34
35
33
28
27
21
29
35
30
48
42
32
46
31
35
32
19
30
37
30
32
29
40
31
29
33
37
31
39
34
32
26
32
29
30
23
39
27
24
29
27
37
29
29
38
32
33
21
26
32
34
26
37
37
29
29
28
35
32
22
32
26
35
32
32
24
39
17
28
34
18
24
26
42
28
25
37
32
25
28
33
40
28
35
27
39
31
20
28
25
30
31
31
30
37
31
23
28
27
32
25
31
23
24
40
24
32
37
34
36
24
34
29
21
23
30
24
30
25
29
28
27
24
32
23
42
29
25
28
28
35
24
27
30
30
30
23
32
39
31
33
26
30
19
32
22
25
23
25
23
25
36
27
33
26
35
34
22
26
33
23
29
37
27
37
22
33
42
32
37
28
22
20
30
33
26
33
35
22
30
19
32
27
26
28
25
24
31
26
28
23
26
34
30
38
29
25
31
24
26
19
33
21
21
30
29
31
28
42
28
23
27
24
23
21
25
25
21
22
32
20
28
27
29
15
21
19
30
31
27
33
24
28
27
30
28
23
24
23
36
27
26
29
28
25
18
30
30
22
29
28
21
18
34
26
21
28
28
30
23
22
21
19
25
26
28
27
22
26
25
26
26
24
26
28
22
29
23
23
28
23
21
23
28
32
24
31
27
23
25
27
23
28
28
33
19
24
23
21
29
25
31
21
27
27
19
24
25
29
30
31
23
22
32
27
23
25
19
24
23
25
21
28
14
16
21
33
22
19
20
23
20
25
14
29
20
27
26
31
34
30
22
23
23
28
25
25
23
25
29
19
23
21
26
29
25
19
30
23
21
19
21
27
28
31
28
18
17
32
17
19
25
30
19
32
23
20
31
20
23
28
22
18
18
27
21
27
29
22
40
19
26
20
18
22
24
22
30
19
24
18
23
23
27
27
14
18
29
30
18
22
23
16
19
19
25
22
29
17
22
20
23
21
22
22
31
19
21
31
18
19
23
29
21
27
20
24
25
23
19
28
29
23
27
26
22
19
23
21
24
22
28
22
26
22
27
25
17
25
21
14
15
31
25
23
21
22
28
18
25
18
20
20
23
23
23
20
25
19
20
15
19
29
26
25
27
17
16
16
26
20
19
16
23
24
24
23
23
16
20
25
17
25
30
21
22
15
16
19
15
22
28
23
25
25
24
12
14
21
25
28
17
15
29
13
22
22
20
17
17
20
12
20
13
13
19
26
21
17
18
18
20
18
18
15
19
20
26
19
17
21
19
26
15
32
19
19
25
13
25
14
21
23
13
10
26
29
34
19
18
18
10
25
22
25
23
15
16
27
20
23
17
26
16
23
18
19
19
19
29
20
27
14
12
17
24
19
15
13
17
19
19
14
18
28
18
21
21
19
28
21
18
20
14
13
18
24
14
24
20
17
21
18
20
21
19
18
18
19
14
14
25
24
19
17
14
18
28
21
13
20
15
20
11
16
20
21
19
21
23
19
18
20
15
19
17
26
9
10
24
13
22
17
19
23
19
25
22
20
21
21
11
17
18
27
25
23
25
20
21
21
20
28
13
20
19
17
18
22
16
24
19
14
17
24
19
18
24
17
25
14
25
23
15
21
20
19
22
13
23
13
22
15
27
22
19
23
16
16
16
25
17
22
14
27
14
22
11
18
16
13
18
20
25
11
19
10
19
25
22
19
21
27
18
16
21
18
21
16
21
15
12
14
17
24
28
19
14
20
19
18
20
24
18
21
19
21
18
9
18
17
13
22
21
18
25
20
19
11
15
21
20
24
17
15
16
21
16
13
29
22
22
14
19
25
12
22
20
27
20
14
13
20
16
18
22
15
24
20
17
11
21
21
19
18
18
24
17
17
19
21
24
16
16
25
23
19
20
17
21
20
25
19
16
8
20
19
22
12
26
18
23
17
21
19
20
23
22
9
18
9
12
16
15
16
17
15
18
21
16
16
11
22
12
11
20
11
18
16
15
15
15
22
22
20
16
16
13
18
19
13
16
20
15
20
20
24
20
19
14
24
12
14
10
20
17
23
17
15
20
19
19
20
14
18
15
27
14
9
22
10
22
22
12
13
19
13
17
17
19
26
20
16
20
18
26
15
15
17
20
14
17
22
17
19
16
15
9
18
18
18
21
11
14
21
18
12
10
10
15
14
19
15
13
23
25
21
19
11
21
16
20
12
10
20
20
16
15
19
18
13
15
18
17
12
14
17
25
26
20
16
13
19
15
19
18
23
18
17
12
19
18
24
16
21
19
10
9
26
16
17
23
17
16
10
17
13
15
11
19
10
10
15
16
15
18
23
10
18
11
22
19
10
20
17
18
5
23
11
13
21
27
15
13
25
24
18
9
19
15
13
16
10
19
16
18
11
13
17
17
12
17
22
9
18
19
15
13
15
17
16
18
14
17
17
14
10
15
19
13
17
14
19
17
17
15
16
20
11
8
10
11
15
15
20
12
14
18
18
20
16
24
21
12
20
24
17
11
18
17
14
16
21
13
14
17
12
13
17
24
22
21
14
13
16
24
20
12
18
17
13
14
18
14
17
15
18
16
13
18
16
18
22
17
25
22
20
18
18
24
14
12
15
15
18
21
21
13
18
18
17
23
20
20
17
16
21
22
15
14
16
16
11
14
14
16
16
17
18
14
24
13
20
22
17
14
14
23
23
14
20
14
16
17
26
11
14
12
20
24
18
13
16
19
19
20
28
17
12
17
9
11
15
9
21
16
16
13
22
19
14
14
15
14
11
15
21
16
8
26
12
17
10
13
14
10
14
13
15
19
12
15
17
12
10
18
22
17
13
15
17
20
12
17
14
22
15
8
23
18
13
12
11
16
26
17
16
15
14
16
12
15
15
13
9
22
19
13
10
20
24
13
20
18
12
16
16
14
19
25
10
22
19
17
21
14
12
21
11
14
21
16
19
17
15
12
22
15
19
12
13
12
15
13
16
12
23
21
11
9
14
10
24
15
16
19
16
16
15
21
21
17
16
12
13
17
14
13
11
13
10
22
14
16
15
15
18
14
9
10
16
9
12
10
18
5
20
15
26
12
18
11
18
20
17
10
10
18
11
11
15
17
17
11
9
26
9
17
13
13
7
17
15
21
12
9
17
10
14
20
23
13
11
15
19
10
12
19
23
17
9
15
19
16
20
18
10
12
17
17
12
13
15
11
12
12
6
16
14
20
15
25
10
11
14
14
17
20
18
14
10
11
16
20
18
10
17
19
13
17
12
19
12
14
13
20
13
14
18
21
16
10
18
5
11
14
18
19
14
21
23
12
15
15
9
16
18
13
16
14
9
15
12
16
14
16
11
14
13
17
10
15
17
16
18
18
16
13
11
10
20
14
20
28
23
19
10
15
16
13
14
12
11
16
8
17
20
14
14
16
11
17
10
9
17
13
16
11
12
10
17
15
14
16
22
16
13
18
9
15
9
8
21
22
11
22
13
18
15
18
11
13
19
11
16
11
22
13
19
19
12
8
12
17
16
14
16
12
12
12
12
16
16
14
18
11
17
18
19
13
17
10
12
17
11
5
11
15
9
15
15
9
15
13
14
18
13
9
16
16
11
16
15
17
15
15
8
15
10
18
13
25
8
6
13
17
11
13
14
19
17
15
15
21
17
9
15
17
11
17
20
12
11
29
15
14
12
21
17
8
20
11
14
19
12
22
15
20
9
11
13
12
8
15
16
21
20
16
14
12
12
15
13
7
18
16
16
16
12
21
19
10
8
16
14
16
19
15
18
14
10
13
20
6
25
12
13
11
14
7
16
13
10
13
10
14
11
14
8
8
17
21
14
15
11
26
12
14
14
18
9
15
14
10
11
14
15
19
10
9
6
17
9
12
18
15
17
12
11
16
12
16
16
11
14
12
12
12
11
10
15
16
18
11
14
15
13
14
11
15
17
9
14
11
14
13
16
10
17
14
25
21
16
12
19
15
12
17
14
7
13
19
17
12
18
6
17
18
18
10
14
11
12
9
13
13
16
8
12
14
16
16
10
11
13
23
12
20
16
16
10
12
14
13
15
8
7
15
11
13
19
10
16
14
18
10
13
14
17
10
14
13
19
12
8
13
14
7
14
10
10
22
11
17
11
11
8
7
15
10
16
12
10
14
11
14
11
12
10
10
9
18
17
12
15
12
15
10
19
11
11
10
10
13
11
12
15
20
10
20
11
10
11
18
15
8
10
9
9
13
14
14
12
11
13
11
14
18
12
9
15
12
9
16
14
7
15
9
12
10
10
17
21
16
14
17
11
15
19
15
15
15
15
11
15
10
18
16
12
17
14
11
18
9
14
12
13
12
8
21
18
11
13
11
13
12
8
13
6
11
12
14
12
14
16
9
14
10
11
16
15
12
14
13
20
11
11
13
15
15
17
15
22
12
24
23
15
16
14
4
9
15
15
16
12
14
12
7
10
13
23
14
11
13
13
10
24
9
13
21
10
11
7
20
13
10
8
14
16
16
16
21
15
11
12
9
18
15
11
12
10
12
12
12
6
17
11
15
13
11
19
11
15
9
16
13
14
12
11
14
18
10
10
12
11
8
14
14
11
12
7
9
15
14
9
10
22
10
13
8
10
14
11
13
11
15
18
12
21
7
11
11
11
16
7
16
20
15
6
14
13
9
15
9
8
23
10
18
9
16
6
6
8
18
9
17
7
6
13
18
13
12
17
9
11
17
6
12
16
13
11
12
7
11
12
10
12
10
11
15
5
16
8
13
10
11
13
15
11
10
10
12
16
19
16
12
19
17
12
16
9
8
14
10
17
12
13
17
20
12
9
17
9
15
11
6
10
15
11
13
12
13
17
15
10
9
12
10
12
6
9
10
16
17
18
12
13
9
14
13
11
12
11
19
17
14
8
5
15
8
10
12
17
15
20
10
8
11
7
19
16
15
14
9
9
13
12
14
10
11
5
11
11
12
17
9
15
8
10
16
12
9
8
10
15
9
12
14
10
6
16
9
14
20
7
7
10
12
16
13
12
14
6
12
7
16
13
8
8
11
7
10
19
9
17
19
12
9
10
16
11
9
7
1
13
12
13
8
8
15
16
14
8
12
12
11
6
8
10
10
10
13
14
4
10
10
11
14
11
9
12
11
12
9
12
7
9
17
9
12
8
11
8
11
14
6
5
7
11
12
18
8
16
8
11
8
15
7
6
7
13
10
9
8
14
12
7
14
13
11
10
10
16
10
6
7
10
10
12
8
15
13
19
15
15
8
9
15
15
10
10
10
15
11
10
16
11
12
11
10
12
11
14
14
12
11
7
10
13
13
15
23
16
13
13
12
15
8
19
11
10
8
14
8
9
8
11
13
8
11
4
9
4
17
13
10
19
17
9
17
10
13
11
14
14
9
11
14
9
11
17
9
15
15
11
11
10
12
15
13
13
5
19
13
20
11
21
10
8
9
9
7
8
9
12
8
10
9
14
13
8
11
7
11
9
9
14
5
14
10
9
12
11
11
11
12
7
7
10
10
13
7
7
8
6
13
10
6
5
10
10
6
14
14
8
10
19
10
9
12
14
11
18
12
17
7
13
9
9
10
17
16
4
14
13
7
12
12
14
19
13
7
14
7
13
18
9
8
5
9
10
16
15
10
16
9
10
5
13
8
5
13
9
11
9
8
11
10
13
9
9
12
15
15
12
11
7
10
13
8
12
10
13
12
13
14
13
13
10
7
12
15
19
12
12
10
9
10
13
9
6
11
7
8
12
8
6
9
13
15
10
15
15
9
9
11
9
8
10
7
15
6
10
8
7
11
5
8
13
13
5
19
11
14
10
7
8
15
9
9
5
11
9
10
8
11
16
9
9
17
11
20
8
7
7
12
11
11
7
14
13
15
15
7
9
8
11
8
9
16
12
11
15
13
10
11
8
18
5
7
11
12
9
18
5
9
18
10
7
6
10
13
11
17
18
12
6
9
12
13
8
12
16
13
12
11
6
10
8
10
10
12
6
12
8
11
7
8
9
10
9
7
10
11
9
10
7
12
8
8
12
9
8
6
11
12
8
9
10
12
6
9
19
10
12
9
10
8
14
10
9
11
8
11
10
3
9
13
6
14
13
8
8
11
5
8
11
15
16
14
5
12
13
5
8
4
11
8
8
14
6
10
9
14
7
8
10
7
16
8
8
9
10
11
15
12
9
10
7
16
4
12
15
10
10
8
7
10
11
11
11
9
15
12
17
13
10
7
9
18
5
11
14
12
15
14
15
8
11
12
7
9
9
15
10
11
7
13
9
11
11
11
7
12
9
14
10
11
10
18
5
7
6
14
10
8
15
9
14
10
5
10
15
6
10
12
12
11
6
10
9
12
9
6
15
5
10
6
7
10
8
14
12
16
10
10
14
7
8
13
4
13
9
9
7
9
18
5
6
17
9
9
9
12
12
8
8
6
15
9
13
6
7
16
8
11
11
7
13
8
13
7
11
8
10
11
14
10
17
9
10
5
6
11
8
11
10
9
9
10
6
6
4
14
8
8
6
9
7
12
10
12
8
4
9
6
8
13
7
15
6
8
10
10
10
10
7
7
11
9
8
10
8
13
9
10
9
11
7
5
12
9
10
13
9
6
3
13
10
4
11
10
9
8
11
5
5
11
12
5
9
11
11
13
4
11
8
5
17
15
6
10
5
7
8
10
8
8
8
6
11
11
8
11
6
3
8
11
7
12
10
7
5
9
10
6
4
11
8
10
13
13
9
9
14
12
12
10
7
9
8
9
14
5
9
9
8
10
10
11
6
7
6
8
10
5
7
8
9
9
6
11
12
13
11
13
6
8
6
13
17
9
4
10
9
4
9
11
11
12
10
12
9
12
13
14
14
7
14
10
12
5
7
9
9
5
12
10
11
9
10
6
11
4
8
16
6
13
10
5
6
7
10
7
13
5
14
10
3
8
4
7
4
7
6
8
7
9
6
11
8
10
8
6
10
7
10
10
12
6
8
10
10
10
9
9
16
10
8
10
8
8
10
6
10
6
8
11
10
11
8
5
6
9
7
8
8
8
6
8
4
5
5
9
7
4
14
8
7
5
7
4
3
13
10
5
9
11
5
7
9
13
10
8
10
10
10
6
7
4
6
9
8
7
11
11
12
4
11
9
6
10
9
10
9
9
6
6
7
8
7
11
7
11
4
7
2
9
11
6
8
11
7
3
7
5
10
6
9
10
8
8
4
7
16
6
6
7
4
12
7
8
7
9
7
9
6
14
9
4
10
7
6
6
10
5
10
5
10
17
8
10
8
10
10
8
10
7
8
11
9
6
8
7
8
13
8
9
5
11
7
4
8
10
5
8
9
10
16
5
6
4
5
6
13
8
10
14
6
3
13
5
7
7
12
7
4
2
9
9
3
2
5
7
6
6
11
6
8
9
8
6
6
10
6
8
9
5
9
4
8
8
11
8
7
11
10
10
6
9
8
8
8
4
10
3
8
12
5
5
3
9
5
2
15
9
14
8
5
9
9
5
10
8
8
11
9
11
7
14
11
9
8
9
11
4
1
13
11
5
5
10
5
11
13
5
9
8
8
7
13
10
9
5
8
4
6
11
4
4
5
5
8
6
7
6
5
10
11
3
11
7
9
5
9
11
7
6
9
12
10
12
11
5
4
7
6
14
5
8
11
12
9
7
9
8
15
7
8
6
9
6
9
2
7
4
6
7
3
6
4
7
3
11
7
4
8
12
9
6
12
7
6
7
5
9
13
6
7
8
10
11
7
7
6
7
5
10
3
10
8
12
8
9
10
8
11
7
6
11
11
7
11
4
5
11
5
7
9
7
5
13
9
4
3
12
11
6
6
8
9
10
9
8
6
5
6
13
2
10
7
10
9
8
9
11
9
8
5
8
6
6
11
7
8
13
7
8
6
9
7
6
2
4
13
5
10
6
6
10
2
11
3
10
13
7
3
9
8
3
13
8
4
8
2
8
8
16
9
8
4
14
6
6
7
5
7
11
10
11
10
11
9
6
7
7
7
9
5
4
6
3
7
6
4
9
5
10
8
4
3
10
5
10
5
9
5
8
6
7
5
9
11
8
5
11
10
9
4
10
7
6
9
2
7
8
7
3
3
6
6
5
6
5
4
2
7
10
7
5
5
7
7
1
7
5
3
5
5
10
8
7
5
10
8
3
3
6
6
8
6
4
8
5
10
3
8
5
3
9
4
5
3
6
10
11
8
5
6
3
8
7
3
4
8
9
5
10
7
8
8
7
2
6
6
7
6
2
5
9
1
6
3
8
11
7
5
7
8
4
11
4
6
5
5
12
6
5
8
8
3
3
6
11
4
8
7
4
7
6
8
2
6
3
6
8
4
5
7
8
5
6
7
4
8
8
7
3
7
7
5
2
2
4
7
5
10
10
2
6
10
1
5
5
9
5
5
5
5
4
6
4
8
4
9
5
2
5
3
6
4
7
4
9
2
6
4
9
7
1
8
7
9
6
11
11
5
7
7
10
4
8
5
7
11
6
1
7
3
5
6
7
1
4
4
4
7
5
3
6
10
4
4
3
4
5
4
4
5
5
9
4
5
5
11
3
1
8
5
2
10
6
8
5
4
7
11
7
3
3
8
7
13
8
6
6
4
9
5
3
5
7
6
10
5
8
5
3
11
6
4
10
4
5
4
3
4
6
5
9
3
7
3
1
4
7
6
6
5
8
8
10
3
6
5
5
5
6
9
8
7
10
8
6
7
4
6
9
3
3
6
5
10
11
5
4
7
6
4
7
3
8
3
5
7
5
2
5
5
8
3
4
5
4
6
6
5
5
7
5
6
10
3
4
2
6
4
12
3
6
7
8
3
9
6
3
3
7
5
10
6
8
7
4
7
9
7
4
3
3
5
2
8
5
4
9
5
7
10
5
6
8
1
10
6
5
3
3
8
5
11
5
5
2
3
5
3
1
6
7
8
4
7
4
7
3
6
4
3
7
6
5
4
6
5
4
4
3
4
6
4
4
2
7
3
9
6
3
5
5
6
5
4
3
7
7
6
0
4
2
4
3
7
5
5
7
7
12
6
3
7
6
8
0
5
7
5
5
6
3
4
9
2
1
2
3
3
7
1
7
3
4
5
2
6
3
3
3
7
4
2
7
1
5
5
2
8
9
6
3
2
5
2
3
5
5
2
2
6
5
5
6
2
2
6
3
12
8
6
4
5
5
8
2
5
6
10
3
6
8
3
7
4
1
9
6
1
8
4
4
5
4
6
6
3
3
3
3
6
4
6
3
2
3
3
6
4
5
7
10
6
6
7
8
2
8
6
5
8
3
5
3
4
6
5
4
2
4
2
10
6
5
3
3
6
2
2
2
4
9
8
2
6
1
6
3
5
1
4
4
2
3
5
5
6
2
2
5
4
3
10
3
2
3
2
4
5
7
4
4
6
5
5
5
4
3
5
6
5
6
5
4
6
4
6
4
1
9
1
2
4
5
4
3
5
5
2
3
8
4
7
6
5
1
5
6
4
7
5
2
2
2
5
6
0
3
5
6
2
3
5
4
4
5
3
4
3
2
4
7
4
6
4
4
3
3
1
9
4
3
3
5
5
7
8
2
6
3
9
8
3
5
2
6
2
4
3
3
4
2
5
6
3
2
8
3
5
7
5
3
1
4
3
1
2
4
2
3
5
6
4
3
1
4
5
3
3
5
8
3
2
7
4
3
3
4
3
3
3
5
3
2
1
0
4
4
4
8
3
5
1
4
4
2
4
4
4
2
3
7
4
6
4
4
8
2
5
4
3
7
4
4
4
1
5
2
2
3
3
4
2
2
4
4
2
4
2
2
4
5
6
4
5
5
5
4
2
3
1
3
4
2
8
1
3
3
3
4
4
4
1
3
5
5
4
4
1
5
4
6
4
4
0
3
6
6
2
4
4
3
3
3
2
6
5
5
0
8
2
1
4
2
3
5
4
1
4
0
3
2
2
5
4
5
6
1
4
3
6
3
5
1
5
4
4
3
6
5
4
4
6
5
1
6
2
5
3
6
4
0
2
3
0
6
4
3
2
2
5
2
3
0
2
5
3
3
3
2
6
6
4
4
0
3
4
5
6
3
5
5
5
4
4
4
3
4
6
1
4
2
7
2
4
2
3
4
2
1
6
0
2
3
3
4
5
4
3
2
4
0
1
2
5
4
3
5
3
4
2
3
2
8
2
6
2
0
3
1
5
1
1
1
0
0
1
4
3
4
2
2
6
5
1
3
2
7
3
2
1
1
5
3
2
3
2
3
7
2
5
4
3
2
3
2
5
2
3
4
3
3
2
2
1
0
4
1
3
4
7
2
7
1
4
3
6
2
3
2
2
4
6
3
0
4
2
3
1
5
1
5
1
4
2
2
2
5
1
4
2
1
5
0
2
1
3
2
1
4
1
3
3
5
2
3
1
6
1
6
5
2
4
4
0
3
4
1
4
3
3
5
1
3
3
1
0
4
2
4
0
1
1
2
2
2
2
3
3
1
3
1
3
3
4
5
2
2
3
1
4
4
2
5
0
2
5
4
4
2
1
4
4
1
3
4
5
2
2
1
5
1
2
3
1
5
7
1
3
3
1
1
2
6
0
2
2
0
5
5
2
3
2
3
4
2
1
1
1
4
4
4
3
3
5
0
5
3
2
2
0
3
1
2
5
1
4
1
4
1
2
5
5
3
4
2
2
7
3
2
5
3
1
1
6
7
5
3
1
5
0
5
2
0
3
3
3
2
1
4
1
2
5
2
5
4
3
4
3
2
3
3
4
1
1
1
4
3
1
3
2
1
4
2
2
1
3
1
5
1
0
2
0
3
3
0
2
4
1
2
1
1
2
3
1
2
2
3
1
1
3
3
1
5
1
2
2
3
2
3
3
1
1
1
3
2
2
1
1
4
1
2
5
2
4
2
1
2
3
1
3
2
0
3
3
1
2
1
2
2
2
2
2
3
4
2
1
5
0
2
2
2
3
1
1
3
2
1
2
2
0
3
1
2
0
1
1
2
2
3
2
2
5
1
4
2
4
1
4
2
3
3
2
2
3
3
3
0
2
3
2
4
4
2
0
1
1
1
2
2
1
1
2
4
2
2
3
2
2
4
4
2
2
0
3
0
2
0
1
0
1
3
3
2
1
3
4
0
2
3
1
5
3
3
1
1
1
4
3
1
0
1
5
3
1
2
2
2
2
2
1
1
2
3
1
0
2
3
2
0
3
4
3
2
1
2
1
2
2
1
4
1
2
2
3
3
1
3
2
2
6
2
0
1
1
2
0
2
0
4
2
2
4
2
3
0
1
2
2
0
2
2
3
2
2
0
0
1
2
0
2
2
1
2
2
0
0
2
1
2
2
3
2
3
1
4
2
1
1
2
0
1
3
0
1
2
1
2
3
0
2
0
1
1
3
0
1
2
3
1
3
2
1
3
0
1
3
3
2
3
1
4
0
3
1
3
2
2
2
3
0
5
0
2
3
2
1
1
2
5
6
1
3
3
1
1
0
1
3
1
2
0
2
1
3
3
1
2
2
3
1
1
2
1
2
3
2
2
0
4
0
1
2
0
3
2
1
1
2
3
2
2
1
2
2
1
0
4
3
3
1
2
3
0
1
3
3
3
0
1
2
0
1
2
1
3
3
0
0
1
3
4
1
5
2
0
0
0
0
1
2
2
2
2
0
1
0
0
1
1
2
4
1
1
0
2
2
2
2
3
2
3
2
2
1
0
1
1
1
3
3
1
2
3
2
0
0
0
1
0
0
2
4
2
2
3
2
0
1
2
2
0
3
0
2
1
1
2
0
1
1
2
1
0
4
1
2
7
1
2
4
2
1
3
1
5
1
1
2
0
2
0
2
4
0
2
0
2
1
1
4
1
2
1
0
4
0
2
4
1
1
2
1
2
0
0
0
1
3
0
0
1
3
0
1
4
4
3
1
1
0
0
3
1
2
2
0
0
1
0
2
1
2
0
0
0
1
2
2
0
0
0
1
1
2
2
1
1
1
1
0
0
0
1
2
2
4
3
3
0
1
1
1
1
0
0
0
4
3
0
0
3
2
1
1
2
0
1
1
2
0
4
1
0
0
0
0
1
0
2
2
1
0
0
2
1
0
1
2
1
1
0
3
0
0
0
2
3
2
2
0
3
0
0
0
1
2
0
0
0
0
2
0
0
0
1
1
0
0
0
1
1
1
1
0
1
0
2
1
1
0
3
0
1
1
0
0
2
0
0
4
0
1
1
0
0
0
0
1
2
2
2
0
3
0
1
0
3
1
1
0
0
0
3
0
0
2
1
2
0
2
0
2
0
2
1
0
1
0
0
1
1
4
2
1
2
2
3
0
1
6
4
0
3
1
1
0
1
1
1
2
0
2
0
0
0
1
0
1
1
1
2
2
0
0
1
0
0
0
1
0
0
0
0
0
1
0
2
0
3
3
1
0
0
1
0
1
1
0
2
1
2
1
2
0
1
0
1
1
3
1
0
0
0
0
0
2
0
0
2
0
0
0
0
1
0
1
0
2
3
1
0
0
0
2
3
0
1
0
1
2
0
0
0
0
1
1
2
0
1
1
0
1
3
1
1
0
2
0
0
0
1
0
1
0
1
0
0
1
1
0
0
3
1
0
0
1
0
1
0
3
2
1
1
2
1
1
0
2
2
1
1
0
2
1
0
2
2
1
1
2
0
1
0
2
0
2
2
2
0
1
2
0
1
1
1
1
0
0
1
0
2
0
3
0
1
2
0
1
1
2
3
0
1
1
0
0
1
1
0
0
1
1
1
1
0
1
1
0
1
0
1
1
1
0
1
1
0
3
1
0
0
0
1
0
1
0
0
3
1
1
0
1
0
0
0
0
2
1
1
2
0
2
1
0
1
0
1
1
1
0
0
0
1
2
1
0
0
1
0
0
0
0
1
1
1
0
1
0
0
3
0
0
1
0
1
2
1
0
0
2
2
1
0
1
1
1
0
1
1
0
1
0
1
0
0
3
3
0
2
0
1
1
1
2
2
1
1
0
1
1
1
0
1
1
1
0
0
0
1
1
0
3
2
0
1
0
2
1
0
0
1
1
0
1
0
1
1
0
0
0
1
1
0
1
2
0
0
2
1
2
2
0
1
2
1
0
3
0
1
0
0
2
0
0
0
2
2
1
2
1
0
1
0
0
2
1
0
0
0
0
0
0
2
0
1
1
1
1
0
0
1
1
3
0
1
0
1
2
0
1
0
0
1
1
1
0
2
1
0
2
0
1
1
2
0
1
0
0
1
1
1
1
0
0
1
0
1
0
1
1
1
2
0
0
0
0
0
1
0
3
0
0
1
1
1
0
0
1
0
3
0
0
2
1
0
1
1
1
1
0
0
0
0
1
0
2
1
1
2
0
0
0
0
0
0
1
0
0
1
0
0
1
0
0
0
0
1
0
0
0
0
0
0
1
3
0
0
0
0
1
0
2
0
2
0
0
0
1
0
0
0
0
0
0
0
0
0
1
1
0
2
1
0
0
1
2
0
0
0
0
1
0
0
0
0
0
2
0
0
0
0
1
1
1
1
1
2
1
0
1
1
0
0
0
1
0
0
0
0
0
0
0
0
1
0
0
0
0
1
0
0
0
0
1
0
0
1
1
0
2
0
1
0
0
0
1
0
0
1
0
0
0
0
0
0
0
1
0
1
0
1
0
0
0
0
0
1
0
1
0
0
0
1
1
0
2
0
0
0
0
1
0
2
1
0
0
0
0
0
0
0
2
0
0
1
0
0
0
0
1
0
1
0
0
0
0
0
0
0
0
0
0
1
0
0
1
0
0
0
0
0
0
0
0
0
0
0
0
2
0
0
0
0
0
0
0
1
0
0
0
0
1
1
0
1
2
0
0
0
0
0
0
0
0
1
0
0
0
1
0
0
0
0
0
0
0
0
0
0
0
0
0
0
0
1
0
0
0
0
1
1
0
0
0
1
0
0
0
1
2
0
1
0
0
0
0
0
0
0
0
1
1
0
0
0
0
0
0
0
0
0
0
0
2
0
1
0
0
0
0
0
0
0
0
0
0
0
0
0
0
0
0
0
0
0
0
0
0
0
0
0
0
0
0
0
0
1
1
0
0
0
0
0
0
0
0
0
0
0
0
1
0
0
0
0
0
0
0
0
0
0
0
0
0
0
0
1
0
0
0
0
0
0
0
0
0
0
0
0
0
1
0
0
1
0
0
0
0
0
0
0
1
0
0
0
0
0
0
0
2
0
0
0
0
0
0
1
0
0
0
0
1
0
0
0
0
0
0
0
0
0
0
0
0
0
0
0
0
0
0
0
0
0
0
0
0
0
0
0
0
0
0
1
0
0
0
1
0
1
0
0
0
0
0
0
0
1
0
0
0
0
0
0
0
0
0
0
0
0
0
0
1
0
0
0
0
0
0
0
0
1
0
1
0
0
0
0
0
0
0
0
1
0
0
0
0
0
0
0
0
0
1
0
0
0
0
0
0
0
0
0
0
0
0
0
0
0
0
0
1
0
0
0
0
0
0
0
0
0
0
0
0
0
0
0
0
0
0
0
0
0
0
1
0
0
0
0
0
1
0
0
0
0
0
0
0
0
0
0
0
0
0
0
0
0
0
0
0
0
1
0
0
0
0
0
0
0
0
0
0
0
0
0
0
0
0
0
0
0
1
0
1
0
0
0
0
0
0
1
0
0
0
0
0
1
0
0
0
0
0
0
0
0
0
0
0
1
0
0
0
0
0
0
0
0
0
0
0
0
0
1
1
0
0
0
0
0
0
0
0
0
0
0
0
0
0
0
0
0
0
0
1
0
0
0
0
0
0
0
0
0
0
1
0
0
0
0
0
0
0
0
0
0
1
0
0
0
0
0
0
0
0
0
0
0
0
0
0
0
0
0
1
0
0
0
0
0
0
0
0
0
0
0
0
0
0
0
0
0
0
0
0
0
0
0
0
0
0
0
0
0
0
0
0
0
0
0
0
1
1
0
0
0
0
0
1
0
0
0
0
1
0
0
0
0
1
0
0
1
0
0
0
0
0
0
0
0
0
0
0
0
0
0
3
3
1
3
2
1
5
1
2
3
0
1
2
0
1
1
3
4
1
5
1
1
1
0
0
4
0
3
1
2
1
3
1
1
0
0
2
4
1
1
1
1
0
0
2
0
4
2
1
2
1
5
0
2
1
0
2
2
1
2
3
0
1
1
1
2
1
1
1
2
1
1
3
0
1
1
1
4
3
1
3
1
3
0
1
3
1
0
0
1
3
5
1
4
4
4
0
0
4
0
0
2
1
1
1
1
1
1
2
4
1
1
2
0
1
2
0
1
3
3
2
1
2
0
1
1
2
3
