0
0
0
0
0
0
0
0
0
0
0
0
0
0
0
0
0
0
0
0
0
0
0
0
0
0
1
0
0
1
0
0
0
0
0
0
0
0
0
0
0
0
0
0
0
0
0
0
0
0
0
0
0
0
0
0
2
0
0
0
0
0
0
0
0
0
1
0
0
0
0
0
0
0
0
0
0
1
0
0
0
0
0
0
0
0
0
0
0
0
1
0
0
0
0
0
1
0
0
0
0
0
0
0
0
0
0
0
1
0
0
0
0
0
0
0
0
0
0
0
0
0
1
0
0
0
0
0
1
1
0
1
0
0
1
0
0
0
0
0
0
0
1
0
0
0
0
0
0
1
0
0
0
0
0
0
0
0
0
0
0
0
0
5
16
50
121
215
252
277
297
264
302
282
275
248
258
276
243
252
255
214
240
231
221
237
242
218
203
192
213
185
179
173
210
201
186
182
155
181
144
148
149
165
195
147
165
148
152
135
140
125
151
160
142
146
153
117
125
119
136
136
128
148
138
127
129
131
130
131
136
129
126
125
127
127
124
117
128
114
105
139
129
137
130
118
130
123
144
114
116
157
123
129
103
113
124
127
130
127
110
127
121
126
127
122
129
118
110
97
119
131
133
119
121
133
132
144
117
122
122
107
129
121
136
123
141
129
145
139
120
132
116
108
138
138
151
139
129
123
118
131
124
139
136
120
133
122
121
115
137
132
122
131
143
121
114
122
124
128
119
129
126
142
126
121
126
141
127
123
151
127
155
140
154
125
117
121
108
118
128
117
109
132
123
122
123
129
131
122
140
111
127
130
143
149
119
133
118
128
118
133
127
132
125
137
119
132
128
146
115
122
150
151
148
115
137
131
132
126
135
135
134
129
122
149
135
117
137
147
148
128
131
114
129
139
125
122
119
146
154
114
129
122
137
137
117
135
130
129
153
137
126
148
126
140
135
122
135
125
115
139
124
136
149
118
145
131
134
153
104
115
125
122
131
123
140
139
123
146
106
118
162
139
152
152
133
125
140
141
147
135
124
132
118
127
138
133
128
127
134
110
120
123
127
153
152
127
137
126
121
105
118
142
132
129
133
135
136
137
126
127
112
122
136
137
123
140
133
129
114
106
134
131
130
145
138
126
115
110
134
133
119
122
127
107
143
144
123
123
143
132
132
125
132
118
128
147
150
119
135
119
137
123
112
123
120
127
137
137
123
138
126
119
113
126
148
119
146
107
115
158
156
126
136
135
126
143
124
136
131
140
118
132
118
141
128
127
121
152
128
132
140
134
134
110
138
140
134
127
141
118
138
119
126
124
133
128
139
146
125
156
103
112
125
118
121
110
147
107
126
149
137
128
140
162
167
142
147
122
146
141
153
149
127
126
118
121
152
150
141
132
135
126
126
142
132
126
131
151
126
140
145
126
140
133
138
149
135
139
145
133
148
126
155
152
133
135
140
123
138
132
129
141
136
125
138
142
145
137
153
135
134
117
125
117
135
115
137
169
134
135
137
128
133
125
118
131
150
135
128
152
138
114
131
140
152
125
135
132
141
126
154
147
140
141
157
120
125
146
130
142
139
123
141
124
122
149
150
129
158
130
178
120
140
141
139
165
152
169
136
153
125
137
146
130
105
120
148
116
150
143
133
139
128
122
154
136
131
135
139
150
156
154
134
142
156
136
133
124
146
132
132
150
121
144
126
134
155
141
154
126
159
138
127
147
121
126
139
132
161
127
147
158
123
149
138
142
150
140
140
138
146
128
152
156
173
169
149
131
154
131
150
150
145
144
148
155
151
121
153
131
135
135
153
140
166
158
133
129
134
145
163
128
152
165
125
160
131
146
135
165
138
148
165
139
132
147
154
170
145
138
184
137
143
139
135
119
146
135
141
157
128
155
154
145
135
166
157
149
143
138
147
141
147
155
175
148
171
132
153
153
159
149
155
170
165
152
145
136
157
149
150
156
141
157
145
162
187
143
140
154
164
140
172
158
146
173
136
149
141
162
167
152
128
155
147
166
176
134
159
163
164
161
151
158
160
145
144
174
138
172
171
173
136
170
171
191
174
145
144
148
159
168
156
161
185
195
159
159
167
153
167
165
165
149
186
172
152
145
155
165
167
177
185
165
175
163
168
175
190
189
174
200
172
168
168
177
184
159
161
179
172
177
185
193
177
173
154
165
171
209
163
196
202
187
164
182
178
195
193
168
211
180
189
222
177
193
208
200
183
195
191
188
196
210
207
210
193
190
214
197
200
209
201
210
223
196
188
177
180
214
196
193
216
248
188
241
218
203
217
197
242
183
224
227
216
189
231
201
204
205
190
222
228
199
191
207
230
222
207
197
206
223
191
203
186
227
217
228
224
206
232
206
224
183
187
202
180
235
199
226
204
217
213
217
220
207
217
202
217
201
197
196
191
207
178
184
214
185
216
210
213
224
204
207
202
222
216
190
199
221
209
214
178
215
212
177
195
214
163
197
195
213
179
180
224
198
210
200
189
186
183
179
189
191
211
190
211
188
187
185
178
198
169
187
183
175
182
214
166
192
179
191
163
173
184
197
179
185
189
181
182
177
185
172
207
183
190
173
174
168
189
186
173
189
156
196
172
176
168
185
146
166
160
176
183
164
165
163
184
188
197
160
165
194
162
167
168
171
148
187
166
156
153
173
176
170
155
150
183
173
160
160
153
188
148
161
155
175
143
161
158
167
175
162
169
161
166
172
163
175
167
154
170
130
135
151
166
149
159
157
174
154
165
162
163
127
139
155
153
187
175
155
152
148
149
138
151
175
155
149
153
180
145
166
154
143
137
160
124
147
113
165
150
177
157
158
152
137
133
134
153
136
168
143
153
130
152
152
169
168
138
142
165
155
136
164
150
141
151
135
140
133
144
136
137
159
143
130
142
118
161
155
127
134
152
173
136
158
129
147
122
143
151
140
142
131
132
151
164
139
148
147
124
143
103
140
131
145
133
140
117
126
159
138
151
151
139
156
152
164
120
133
131
131
167
135
154
139
141
156
145
138
128
145
138
138
130
125
117
121
137
126
148
134
142
125
136
136
123
139
134
126
124
127
140
131
144
134
144
147
154
115
114
128
132
122
121
129
125
134
123
140
122
126
123
102
116
132
116
112
119
114
129
122
131
136
124
140
127
137
121
137
135
118
134
133
121
137
115
124
132
135
131
117
132
111
127
119
138
131
123
124
119
140
109
118
140
122
136
119
116
117
117
132
118
135
121
129
127
118
134
109
145
130
126
126
119
129
130
113
122
100
125
128
118
120
135
115
114
126
117
143
140
113
132
118
101
141
130
121
147
135
132
110
133
135
123
110
115
125
132
133
98
144
125
136
123
112
109
106
125
123
131
127
123
113
106
108
142
111
131
131
109
119
124
118
114
108
143
122
133
147
107
135
106
120
117
138
113
123
138
117
124
122
118
117
146
130
110
113
104
121
124
130
117
98
138
125
109
120
116
106
124
126
121
96
126
113
126
121
118
126
116
108
118
113
137
132
114
114
137
118
112
116
121
111
121
108
108
117
118
126
109
109
117
108
98
93
110
121
112
113
105
109
98
102
95
141
116
104
96
134
101
137
106
122
126
95
120
118
117
129
110
116
105
129
86
114
137
143
132
120
125
96
104
116
122
132
114
111
116
134
124
134
110
115
109
106
122
108
140
105
112
123
119
125
121
121
93
152
120
99
115
104
115
124
122
128
116
116
104
106
138
113
124
120
101
117
95
132
119
121
112
117
112
118
120
113
126
112
109
126
126
112
100
126
111
106
128
135
109
98
116
127
128
120
113
130
105
95
102
118
110
123
120
111
109
120
114
109
103
124
106
112
121
127
107
119
127
91
105
113
117
117
125
128
112
103
118
100
135
126
118
115
101
112
110
113
103
101
104
111
130
121
121
127
116
104
114
117
110
108
118
88
115
111
104
108
116
98
120
114
102
104
108
113
104
110
128
107
98
92
98
110
121
97
129
118
120
133
120
106
113
102
108
104
94
112
144
100
109
122
115
132
111
109
115
109
101
102
124
118
118
108
96
101
109
124
112
98
104
92
112
90
122
125
106
112
124
103
107
115
123
101
121
106
110
123
116
119
112
128
140
94
115
101
125
113
113
92
127
112
112
104
123
125
89
143
113
112
113
114
105
105
98
112
104
108
95
110
118
108
117
113
93
100
108
99
101
106
119
116
119
101
120
130
109
111
120
100
104
95
110
99
111
91
111
119
108
108
121
101
106
112
117
104
109
102
107
100
122
131
124
103
118
121
103
109
105
96
114
110
120
110
115
106
111
107
118
115
104
114
132
119
108
106
109
111
101
93
115
129
102
119
116
121
119
106
107
111
110
121
107
115
104
107
118
103
115
106
112
99
93
98
109
95
132
128
113
129
116
126
122
114
113
127
112
124
106
110
98
105
139
102
98
99
132
91
119
102
103
127
104
112
87
125
111
106
126
107
100
90
88
87
114
120
120
118
123
117
119
99
101
116
133
127
126
124
106
111
101
120
101
97
111
102
109
121
135
114
85
141
109
125
121
115
108
104
97
117
110
113
106
110
99
99
92
111
110
107
116
116
131
123
118
92
106
113
113
119
111
105
109
118
117
125
102
95
114
88
107
106
113
114
115
102
109
120
106
113
121
116
105
112
112
128
105
125
101
107
113
114
122
95
113
127
106
117
110
101
106
115
113
109
100
108
108
116
103
109
109
120
98
101
99
113
115
123
92
106
122
118
117
107
109
112
124
120
117
92
91
108
106
97
113
132
111
112
119
110
104
118
107
97
111
102
103
122
117
103
121
100
110
121
106
123
100
110
105
113
113
116
104
106
116
113
112
110
113
118
115
108
113
111
112
122
122
128
100
120
86
96
112
102
120
105
105
116
124
96
106
107
102
103
109
107
94
97
129
113
129
114
105
96
94
126
114
112
95
106
118
91
103
121
126
96
109
108
111
105
127
116
100
123
92
117
105
95
109
119
112
115
98
113
107
103
131
105
96
94
97
97
100
113
94
124
96
124
107
116
115
107
111
102
120
103
101
100
121
115
109
113
128
104
120
99
105
109
113
99
113
112
101
129
126
113
113
120
117
101
118
121
102
87
124
97
111
104
122
103
113
107
117
102
109
103
119
134
116
121
104
103
118
118
109
114
91
104
97
104
102
108
105
109
117
126
116
104
107
126
88
118
119
104
93
89
109
111
115
113
88
109
102
111
92
107
103
115
92
106
100
99
108
87
108
127
103
116
107
117
109
106
104
108
92
119
113
112
99
108
98
102
95
107
107
103
107
108
103
106
101
113
88
97
95
90
106
91
106
90
111
98
116
93
89
89
97
104
94
103
108
107
103
106
87
115
102
113
94
91
105
108
91
90
97
94
115
100
98
99
101
101
107
89
94
99
90
96
105
96
90
113
79
100
77
90
99
110
90
78
75
114
99
106
91
91
89
92
105
87
101
87
73
80
79
96
84
98
84
86
85
93
75
96
106
74
87
80
70
101
72
94
94
79
69
78
74
86
80
84
62
83
83
78
88
90
74
71
71
73
84
77
87
96
67
77
83
79
83
76
85
87
78
86
69
67
66
76
81
68
87
86
62
64
77
56
67
64
67
71
69
47
85
60
73
74
52
75
62
43
59
61
59
54
46
60
47
65
69
51
63
57
64
60
50
63
64
54
55
65
47
64
56
69
52
63
37
60
49
46
48
61
58
64
72
52
54
66
63
53
52
48
45
51
56
38
53
60
61
42
50
43
50
45
41
48
48
62
49
56
42
46
47
52
52
43
50
39
54
48
53
48
47
56
42
45
50
45
39
42
56
53
40
51
50
44
43
52
46
40
42
32
47
35
29
47
37
60
46
38
38
41
51
50
32
32
37
34
48
32
35
37
40
31
38
41
35
40
50
30
31
35
34
39
39
29
43
51
31
32
38
40
35
36
34
31
29
35
45
34
43
41
40
26
35
30
38
30
35
28
33
26
33
38
31
32
33
27
30
30
39
25
38
23
28
32
26
31
28
29
28
32
38
27
31
35
25
39
30
30
35
41
38
36
23
37
21
34
33
28
29
27
39
23
25
33
31
21
29
33
29
31
32
25
41
32
45
37
37
24
29
36
27
23
31
25
31
27
21
37
28
36
29
32
32
33
28
33
23
27
30
30
29
27
23
23
20
19
26
30
28
30
21
31
29
37
24
34
22
21
30
29
25
22
22
25
27
29
26
25
19
26
34
32
19
19
28
14
28
23
15
29
29
21
28
32
28
27
33
28
33
32
28
25
40
20
28
28
32
24
21
33
26
26
33
30
14
23
23
20
22
28
31
27
38
21
29
25
29
29
20
15
23
31
32
33
25
23
26
23
27
18
34
19
26
24
15
21
18
25
17
19
18
25
28
20
22
22
24
28
25
27
21
16
25
26
20
24
33
21
19
28
22
23
18
19
22
24
18
25
20
29
18
24
23
26
19
17
22
32
18
19
18
21
16
23
24
25
31
26
18
26
18
19
26
28
23
23
17
25
25
16
25
25
18
25
22
20
26
23
25
28
18
24
21
16
19
31
20
26
18
30
19
24
21
19
24
17
22
19
20
25
23
22
27
31
21
20
25
16
26
23
20
29
29
18
13
23
25
30
24
29
34
29
29
18
30
22
22
24
19
36
33
23
29
24
20
21
22
23
28
23
21
21
35
18
24
29
26
27
27
24
29
17
34
21
22
31
26
26
17
26
27
23
21
21
29
29
33
25
26
22
26
22
17
31
16
28
22
30
29
25
25
29
30
24
26
22
21
23
24
17
17
28
21
19
28
21
36
18
25
30
27
25
32
24
34
27
28
24
26
31
22
28
33
34
15
25
30
37
32
32
29
34
27
22
29
32
30
31
28
23
30
35
29
27
19
33
32
35
28
22
26
39
31
27
34
32
27
37
28
28
34
30
33
31
36
28
29
33
35
40
32
34
34
36
27
39
26
33
34
38
29
37
38
34
37
40
35
33
30
45
39
35
33
35
34
36
43
39
34
37
44
36
46
33
42
37
48
51
49
35
45
40
55
35
42
46
51
39
45
38
54
39
40
42
45
56
37
59
50
42
63
50
48
46
45
44
50
52
51
57
65
55
55
59
46
49
61
50
66
52
53
59
68
49
62
56
57
73
59
65
81
71
51
69
66
61
80
66
63
60
65
76
74
82
86
68
53
71
95
76
86
62
69
75
73
77
56
68
71
85
72
72
86
86
83
96
94
92
91
100
86
96
84
87
106
101
80
88
88
91
103
84
96
96
84
98
81
123
108
114
120
119
103
101
134
126
122
122
98
109
137
106
105
112
99
123
130
120
116
137
138
109
144
156
162
157
139
124
142
141
151
144
141
150
149
142
153
164
159
139
166
174
146
172
148
147
195
180
168
164
173
183
218
203
201
178
173
192
193
189
173
191
205
187
188
198
186
230
199
199
211
201
236
207
212
207
216
231
266
223
229
209
213
210
260
249
233
226
252
220
270
242
222
255
275
263
271
261
293
329
274
298
296
299
289
300
296
312
317
296
306
262
290
334
327
307
305
343
326
322
330
357
310
368
331
363
353
376
360
385
349
406
379
352
358
366
378
370
407
388
349
380
397
394
377
425
382
387
400
417
422
387
440
448
443
406
430
447
433
408
442
448
449
473
471
432
467
457
483
419
491
481
495
478
471
497
473
522
441
493
506
517
498
516
502
504
504
538
501
532
480
495
535
519
540
532
545
557
512
573
552
544
553
522
563
531
574
554
582
561
528
570
582
565
551
592
575
619
593
591
555
571
570
621
627
613
654
589
618
604
560
575
582
582
571
614
623
641
626
569
626
632
599
633
615
606
639
606
627
649
618
558
617
623
589
582
646
595
645
650
603
603
613
618
607
650
626
619
619
603
567
588
565
604
645
625
629
583
576
595
565
641
610
586
588
586
598
588
616
620
600
583
581
599
567
610
578
586
583
623
548
571
546
586
544
579
587
564
543
577
532
534
549
513
507
510
539
553
526
528
553
533
542
518
536
528
495
481
490
469
494
489
491
472
497
473
495
429
464
460
457
481
455
450
429
387
440
435
434
415
416
429
446
386
422
411
444
424
395
397
386
388
388
392
387
365
377
384
392
367
377
359
346
345
316
368
328
297
318
343
323
316
321
288
292
308
270
301
289
285
281
268
250
234
272
275
277
269
276
225
224
254
260
237
249
274
212
213
213
213
194
240
215
207
199
195
191
199
198
216
168
185
204
184
170
147
175
155
169
168
172
151
141
152
155
129
146
127
151
134
126
137
137
125
104
131
135
124
109
110
94
95
114
106
106
113
110
99
98
102
83
88
113
109
95
103
71
83
85
73
83
71
76
65
84
64
66
69
59
67
61
61
57
61
60
55
62
61
52
47
35
47
51
57
43
52
48
44
36
35
41
40
37
31
35
39
35
35
34
34
34
35
28
26
25
28
31
39
33
28
26
18
23
26
41
36
21
31
24
21
21
30
24
19
20
21
17
28
24
19
12
14
19
24
13
11
17
21
11
18
17
11
13
21
14
11
11
12
18
17
13
11
11
6
9
11
7
12
6
10
9
11
4
8
8
8
8
10
13
5
4
6
12
12
12
15
11
5
12
7
9
12
6
13
3
5
11
4
8
5
4
8
5
8
12
14
5
5
7
3
9
6
5
4
5
4
4
7
5
8
0
3
2
4
6
4
2
7
4
0
3
4
3
6
5
4
5
13
5
4
5
5
3
8
5
3
2
2
2
7
6
7
4
3
4
6
3
2
5
2
7
3
8
3
6
5
5
6
4
4
8
3
5
8
6
6
2
2
4
4
5
3
2
7
4
2
4
5
3
6
1
7
3
2
4
4
4
8
6
5
3
3
9
2
5
6
7
1
4
8
5
6
1
7
4
4
3
3
4
2
6
5
6
4
2
1
4
1
3
0
4
2
4
3
4
5
2
1
1
7
6
0
3
4
5
7
4
1
4
5
4
5
2
1
2
4
7
3
5
7
6
5
2
5
3
3
4
3
5
5
2
7
7
4
4
5
2
7
6
4
6
8
5
4
4
4
8
3
1
5
2
5
3
3
8
2
3
0
4
3
4
5
5
2
1
3
4
4
3
5
0
8
6
2
4
1
4
5
7
5
1
3
2
7
3
4
3
1
3
5
1
7
4
3
4
2
9
5
5
4
3
4
5
5
2
3
1
1
3
7
4
1
5
4
3
2
4
1
2
3
8
4
2
4
2
5
6
2
3
4
6
7
1
5
3
0
4
1
6
6
4
3
4
3
4
1
5
4
2
2
3
5
5
2
3
5
3
4
3
3
2
4
1
4
1
6
1
2
4
2
6
4
1
3
5
4
3
5
5
1
0
3
3
2
4
1
1
5
3
2
5
2
3
4
3
5
1
5
2
3
1
4
5
1
3
1
3
6
5
5
1
8
1
0
1
5
3
1
2
0
1
4
0
3
2
1
4
3
1
2
4
5
2
4
2
3
4
3
2
2
2
3
5
2
1
2
4
1
6
0
4
0
4
5
9
2
3
4
3
1
2
5
5
1
5
3
5
3
1
2
1
4
2
7
5
4
0
3
0
3
3
4
4
4
5
0
2
4
5
1
6
4
1
5
0
2
4
2
7
2
2
3
1
3
1
1
0
0
2
6
4
1
3
0
4
1
8
4
4
4
7
4
4
7
4
8
4
4
1
8
3
4
3
0
2
6
3
2
3
3
1
5
2
3
1
7
4
3
3
6
5
1
0
4
4
3
4
5
3
1
1
1
4
4
2
1
6
4
3
1
2
3
3
3
2
2
2
3
2
2
2
3
2
2
3
3
4
3
5
3
3
5
5
3
1
4
2
5
4
2
2
3
1
4
2
1
1
2
4
10
5
5
6
6
3
4
0
3
4
1
1
3
1
5
4
2
2
3
3
2
3
3
4
1
1
2
3
2
1
3
4
2
3
6
2
6
4
4
3
2
1
2
4
1
2
1
1
2
2
1
4
6
1
1
5
3
2
6
2
2
5
6
3
2
2
0
6
4
4
2
1
3
4
6
3
0
3
5
1
3
1
6
2
4
3
1
4
5
2
1
7
3
2
3
2
2
0
5
3
3
2
4
4
5
5
3
0
4
4
3
3
5
5
3
3
0
4
3
0
1
0
1
1
3
3
5
2
3
2
6
4
3
4
5
2
3
3
1
1
3
1
2
0
3
4
2
2
1
1
3
0
3
4
8
4
4
0
5
0
3
1
4
1
4
5
2
3
1
3
3
2
3
5
3
0
2
1
1
3
0
2
1
5
2
1
5
2
6
4
4
1
2
4
2
4
3
3
6
0
4
3
0
1
1
1
4
1
6
2
4
1
7
4
2
1
3
2
2
1
4
0
1
4
3
6
4
1
2
6
7
4
1
5
1
3
4
2
6
8
1
6
3
2
4
6
2
3
2
2
4
1
1
1
2
1
6
0
3
3
1
3
0
7
3
3
5
4
3
6
3
3
0
3
2
4
5
1
2
1
1
6
3
4
2
1
3
2
5
6
4
3
2
1
5
1
3
6
1
5
3
2
1
2
0
1
5
1
3
3
4
2
1
1
1
4
4
4
6
1
4
2
3
3
0
1
1
1
2
2
3
4
2
2
6
3
1
2
3
1
2
3
5
0
4
4
2
1
3
4
7
5
6
5
2
1
1
2
3
6
1
2
0
2
0
1
1
3
3
2
1
3
3
0
2
2
1
4
4
1
3
1
3
7
2
3
1
2
1
1
5
1
2
1
2
4
3
1
0
1
3
3
2
2
5
2
2
3
7
4
2
2
3
3
2
6
3
3
3
1
5
1
1
2
1
5
1
1
3
3
2
2
6
2
5
4
0
0
1
2
1
1
5
2
0
1
4
3
1
2
3
0
2
2
2
3
3
1
2
0
1
1
0
1
5
1
3
3
2
1
2
2
4
2
4
1
0
3
2
1
3
5
0
3
5
2
3
2
2
3
1
3
3
4
3
0
3
2
1
2
1
1
4
3
0
2
1
1
0
0
1
5
2
3
2
0
4
1
2
1
2
0
0
1
5
2
2
4
6
0
0
1
2
1
0
0
3
1
3
1
2
2
0
4
0
1
3
1
1
2
1
6
2
1
3
0
1
1
2
1
0
1
2
3
3
1
1
3
0
2
2
2
1
2
2
2
2
1
1
1
4
1
2
4
2
6
4
1
2
3
2
4
3
0
5
4
2
3
1
2
2
1
1
1
5
3
1
3
1
0
3
0
2
1
3
1
2
2
3
2
2
2
1
2
4
3
1
0
2
6
0
0
0
4
3
1
0
1
1
1
3
1
2
3
4
5
0
4
1
2
1
1
0
2
1
2
1
3
0
3
5
0
2
2
1
1
3
1
0
2
0
3
3
1
2
2
3
2
1
2
1
2
2
1
2
2
0
3
4
0
3
1
3
1
5
0
1
1
0
2
2
1
7
0
1
2
0
1
1
3
1
3
3
0
4
2
1
1
3
2
2
2
1
2
0
2
0
2
1
2
1
3
0
3
1
5
0
1
1
0
0
1
0
3
2
2
1
0
2
4
3
1
1
1
1
2
2
0
1
4
1
1
0
0
5
2
0
1
2
1
3
1
1
2
3
0
0
3
2
0
0
0
2
1
2
0
0
1
1
2
2
1
1
0
0
0
0
0
0
2
1
3
2
4
1
2
1
3
2
2
1
3
1
1
0
3
2
0
2
1
2
3
2
0
1
2
0
3
0
4
3
2
2
2
1
3
2
2
3
3
0
2
0
3
3
2
4
0
0
0
1
0
2
2
1
2
1
0
0
1
0
1
0
2
2
1
1
1
1
1
2
0
3
1
3
2
1
3
0
1
2
1
3
0
1
1
1
4
1
1
1
4
0
3
1
4
2
2
2
1
4
3
2
0
0
3
0
0
1
2
2
1
1
1
4
4
2
0
1
0
3
0
0
3
0
1
3
4
1
2
0
1
2
1
0
2
3
2
3
1
0
2
1
2
1
0
1
0
1
3
2
1
0
1
0
3
0
2
3
2
3
2
2
0
1
1
1
0
0
2
3
0
2
3
3
1
0
1
1
1
0
3
4
3
1
2
3
1
0
3
1
1
1
0
1
1
2
0
1
2
1
4
1
1
0
0
0
1
0
2
2
2
0
1
2
2
3
3
3
2
2
0
3
4
0
0
0
3
0
0
2
1
2
0
2
0
1
1
3
0
1
1
1
2
1
1
1
2
2
1
0
1
0
2
1
2
1
1
2
2
1
1
2
0
1
1
1
1
1
0
1
4
1
3
1
2
3
2
2
0
0
0
4
2
0
0
0
2
1
0
2
1
0
0
1
2
3
1
1
3
2
0
0
1
3
4
1
1
5
1
1
1
0
2
1
4
1
2
3
1
0
0
2
2
2
1
1
2
3
2
1
1
1
1
0
3
5
1
2
0
2
0
0
2
1
0
1
2
0
2
1
2
0
3
3
1
0
0
0
1
1
0
1
3
1
0
1
1
0
0
1
1
3
1
0
1
0
3
1
1
1
1
2
1
1
2
2
1
2
2
2
2
0
1
0
1
0
2
1
1
0
1
2
2
2
0
2
1
1
0
0
0
1
0
1
0
1
2
1
1
0
1
0
1
1
0
0
3
2
2
1
0
3
0
0
1
1
1
0
2
1
2
2
2
3
1
1
0
1
0
0
2
0
0
1
1
2
3
3
2
0
0
1
2
1
1
0
1
0
1
0
0
1
2
0
0
2
2
2
0
2
0
1
0
2
0
1
2
1
1
1
1
0
2
1
2
1
1
1
1
2
1
0
1
1
2
1
3
2
0
1
1
0
1
3
0
2
2
1
1
0
1
2
2
3
1
1
0
2
2
1
3
0
1
0
2
0
1
0
2
0
1
2
0
2
3
1
1
2
2
1
0
2
1
0
1
0
0
3
0
2
0
0
4
0
2
1
1
3
0
1
1
1
1
3
2
1
0
0
1
2
0
1
3
2
2
1
0
2
0
1
1
0
3
1
1
0
1
3
0
2
2
0
2
0
1
3
0
1
0
1
1
3
1
0
2
2
1
0
1
0
2
1
0
1
2
0
1
2
1
0
2
0
1
4
2
1
1
2
3
1
2
0
2
1
1
3
0
1
1
1
1
2
2
1
3
0
2
1
3
1
2
0
0
1
1
2
2
2
0
2
3
0
1
1
0
1
0
1
0
1
0
0
1
3
2
0
0
1
0
2
1
4
0
2
2
2
2
2
0
0
0
2
4
1
2
0
2
0
0
0
0
2
1
0
1
1
0
0
1
1
2
1
0
1
1
0
2
1
0
0
2
1
1
2
0
1
0
0
0
1
1
2
2
1
2
0
0
1
1
1
2
3
1
1
1
0
0
0
0
1
1
0
0
2
0
2
0
1
0
0
0
0
2
1
1
0
2
3
2
1
1
1
1
0
0
2
0
0
0
1
0
3
1
0
1
3
0
3
3
1
0
1
0
3
0
2
2
0
0
0
1
1
2
1
0
1
0
1
0
0
1
1
1
2
0
4
3
1
0
1
2
2
1
0
0
0
1
0
2
0
1
1
2
1
0
3
1
1
1
0
2
6
0
0
0
1
2
3
1
1
0
1
0
3
0
0
1
0
1
1
1
1
2
1
1
3
2
1
0
0
1
1
0
2
0
1
1
0
0
0
0
1
1
0
1
0
1
0
2
2
3
2
0
2
0
2
0
0
1
1
3
2
0
0
0
0
0
1
1
1
0
1
1
0
2
2
1
1
1
0
0
0
1
0
4
1
1
1
0
1
0
0
2
1
1
0
0
1
2
0
0
2
0
0
0
3
2
2
2
0
1
3
3
1
0
0
1
0
0
1
3
1
0
0
0
3
2
0
0
0
0
0
1
1
1
0
2
0
3
2
0
1
0
1
2
0
1
0
0
1
1
0
0
0
1
0
1
1
1
1
1
0
0
1
1
1
0
0
1
0
2
1
0
0
0
2
0
1
1
1
1
0
1
0
0
1
0
1
0
2
0
2
2
2
0
2
2
0
1
1
1
0
2
0
1
1
2
1
1
0
0
0
1
0
0
0
1
0
0
3
2
1
0
0
0
1
0
1
0
1
0
1
0
0
2
1
0
1
0
1
0
0
0
2
1
1
1
0
0
0
0
0
0
1
1
0
0
0
0
0
1
2
0
1
3
1
0
0
1
0
1
1
1
0
0
0
0
1
0
0
0
0
0
1
0
2
1
1
2
0
2
0
1
0
0
2
3
2
1
0
0
0
1
3
0
0
0
0
0
0
1
1
0
2
0
0
0
0
1
0
0
0
0
0
0
1
0
0
1
2
1
2
0
0
0
0
1
1
0
0
1
0
0
1
2
2
0
1
2
0
0
0
1
1
1
2
1
2
1
1
0
3
1
1
1
0
0
2
0
0
1
0
2
0
1
0
0
0
1
1
1
1
1
1
0
2
1
1
1
2
0
0
2
1
1
2
1
0
2
1
0
0
0
1
0
2
2
0
2
0
1
0
1
1
0
0
1
2
0
0
1
1
1
1
1
0
0
2
0
1
1
0
2
0
0
1
1
0
0
0
1
0
0
1
0
1
2
3
1
0
0
0
3
1
1
1
2
2
0
1
0
0
1
0
1
1
1
0
1
1
0
3
0
1
0
0
0
1
4
0
0
0
0
1
0
0
0
1
0
0
1
0
2
0
0
0
1
0
0
1
0
1
2
2
1
3
0
2
2
0
1
0
0
1
1
0
2
0
0
3
0
3
1
1
1
0
2
1
2
0
0
0
1
0
1
2
0
2
2
1
0
2
3
1
0
1
0
1
1
0
2
1
0
1
1
1
1
0
0
3
1
0
1
1
1
0
1
0
1
0
0
0
1
0
0
1
1
1
0
1
0
0
1
0
3
0
0
0
2
1
0
0
0
2
1
0
2
2
0
1
1
1
3
1
1
0
0
1
0
1
0
1
0
2
1
0
1
1
1
1
0
1
3
0
0
0
1
0
0
3
1
0
1
1
2
4
0
1
0
1
0
1
0
0
1
1
1
2
4
2
3
1
0
0
0
0
0
2
0
1
0
0
2
0
3
1
2
1
0
2
2
2
1
1
2
0
1
0
1
2
0
0
0
1
0
1
1
1
0
1
1
4
1
1
2
0
1
1
1
1
0
1
0
2
0
0
2
0
2
2
2
3
2
2
2
1
1
2
1
2
2
1
0
1
0
3
0
0
2
2
0
0
0
3
2
0
1
0
0
3
0
3
2
0
0
3
1
1
1
2
2
1
1
0
1
0
1
1
2
1
0
1
1
1
0
1
1
0
0
1
0
1
2
0
1
1
1
0
1
0
1
0
2
2
1
5
0
3
1
2
1
2
0
0
1
0
1
2
1
0
1
2
1
1
0
2
1
1
1
0
2
0
2
1
2
2
1
1
0
0
1
2
0
2
2
0
1
2
0
2
0
0
1
1
1
1
1
5
1
0
1
0
1
0
0
0
0
1
0
0
0
0
1
0
2
0
1
1
0
2
2
2
0
1
1
0
1
1
1
2
0
1
3
1
0
1
1
2
1
0
2
1
1
1
0
0
0
0
2
2
1
0
2
1
1
1
0
1
0
0
0
0
0
0
0
0
1
1
3
1
2
1
1
0
0
0
1
0
1
0
1
0
0
1
2
0
2
4
1
1
0
1
2
2
0
1
0
1
2
1
1
0
2
0
0
1
0
0
0
1
1
1
1
0
1
0
0
0
0
0
0
0
1
0
1
1
0
0
0
2
1
0
0
1
0
1
0
1
0
0
0
2
0
1
0
0
0
2
1
1
0
1
1
0
1
0
0
0
0
2
0
0
0
1
2
1
1
1
0
0
1
0
0
0
1
0
1
0
1
0
1
0
0
1
0
0
0
0
0
0
0
0
0
0
0
0
0
0
0
1
0
0
2
0
0
1
0
0
1
1
1
0
0
0
0
0
0
0
0
0
0
0
1
0
1
0
1
0
0
2
1
0
0
0
1
0
0
0
1
0
2
0
0
0
0
1
0
0
1
1
1
0
0
0
0
0
0
3
1
0
0
1
0
1
0
0
0
1
0
0
0
0
0
0
0
0
0
1
0
0
0
1
1
0
0
0
0
1
1
0
0
0
0
0
0
0
0
0
1
0
1
0
0
0
0
0
0
0
0
0
1
0
0
0
1
0
0
0
0
0
0
0
0
0
1
0
0
0
0
0
0
0
0
0
0
2
0
0
0
0
0
0
1
0
0
0
0
0
0
0
1
0
0
0
0
0
0
0
0
0
0
0
0
1
0
0
0
0
0
0
1
0
0
2
0
0
1
0
0
0
0
0
0
0
1
0
0
1
0
1
0
0
0
0
0
0
0
1
1
1
0
1
1
1
0
0
0
0
0
1
0
0
0
0
0
0
2
1
0
0
0
0
0
0
0
0
0
0
1
2
1
0
0
0
0
0
0
0
1
0
0
0
0
0
0
0
0
0
0
1
0
0
1
0
0
0
1
0
1
0
1
0
0
2
1
1
0
0
1
1
0
0
1
1
0
1
0
0
2
1
0
0
0
0
0
0
1
1
0
0
0
1
0
0
0
0
1
0
0
0
0
0
0
1
2
0
0
0
0
0
0
1
0
1
0
1
0
0
0
0
0
0
0
1
0
1
0
0
1
1
1
1
0
1
0
1
0
0
0
0
0
1
0
0
1
0
0
0
0
0
0
0
0
1
0
0
0
1
0
0
1
1
0
0
0
0
1
0
0
1
0
0
0
0
0
0
0
0
0
0
0
0
0
1
1
0
0
0
2
2
0
0
0
0
2
0
2
0
0
0
0
0
0
1
0
0
0
0
0
1
1
0
0
0
0
0
0
0
0
1
2
0
0
0
2
0
0
0
0
0
0
0
1
0
0
0
0
0
0
0
1
0
0
0
1
0
0
0
1
0
0
0
0
1
1
0
0
0
0
0
1
0
0
1
0
1
1
1
0
0
0
0
0
0
1
0
0
1
0
0
0
0
0
0
0
1
0
1
2
1
0
0
0
1
0
0
1
0
0
0
1
1
0
1
0
0
0
0
0
1
0
0
0
0
0
0
0
0
0
0
0
0
0
0
0
0
0
0
0
1
0
0
0
0
1
0
0
1
0
0
0
1
0
0
0
1
0
0
0
0
0
0
0
0
0
1
0
0
1
0
0
1
0
0
0
0
0
0
0
0
0
0
0
0
0
0
0
0
0
0
0
0
0
0
0
0
0
1
1
0
0
0
0
0
0
0
1
0
0
0
0
0
0
1
1
0
0
0
1
0
0
0
0
0
0
0
0
0
0
0
0
1
0
0
0
0
0
0
0
0
0
0
1
0
0
0
0
0
0
2
0
0
0
0
0
0
0
0
0
0
0
0
0
0
0
0
0
0
1
0
0
0
0
0
0
0
0
0
0
0
0
0
0
0
0
0
1
0
0
0
0
0
0
0
0
0
0
0
0
0
0
1
0
0
0
1
0
0
0
0
0
0
0
0
0
0
0
0
0
1
0
0
0
0
0
0
0
0
0
0
0
0
1
0
0
0
1
0
0
0
0
1
0
1
0
0
0
0
0
0
0
0
0
0
0
0
0
1
0
0
0
1
0
0
0
0
0
0
0
0
0
0
0
0
0
0
0
0
0
0
0
0
0
0
0
0
0
0
1
0
0
0
0
0
0
0
0
0
0
0
0
0
0
0
0
0
0
0
0
0
0
0
0
0
0
0
0
0
0
0
0
0
0
0
0
0
0
0
0
1
0
0
0
0
0
0
0
0
0
0
0
1
0
0
0
0
0
0
0
0
0
0
0
1
0
0
0
0
0
0
0
0
0
0
0
0
0
0
0
0
0
0
0
0
0
1
0
0
0
0
0
0
0
0
1
0
0
0
0
0
0
0
1
0
0
0
1
0
0
0
0
0
0
0
0
0
0
0
0
0
0
0
0
0
0
1
0
0
0
0
0
0
0
1
0
0
0
0
0
0
0
0
0
0
1
0
0
0
0
0
0
0
0
0
0
0
0
0
0
0
0
0
0
0
0
0
0
0
0
0
0
0
0
0
0
0
0
0
0
0
0
1
0
0
0
0
0
0
0
0
0
0
0
0
0
0
0
0
0
0
0
1
0
0
0
0
0
0
0
0
0
0
0
1
0
0
0
0
0
0
2
1
2
2
2
1
6
5
7
3
2
3
2
5
0
4
4
2
6
0
0
1
2
4
2
2
4
4
1
5
5
3
4
6
3
2
5
4
2
6
5
4
0
5
1
5
2
5
3
5
1
4
4
2
3
1
3
2
1
3
5
3
2
2
3
2
4
7
4
5
2
3
4
4
6
2
1
2
6
2
5
4
5
3
1
2
2
3
1
1
1
5
2
4
1
0
1
5
2
2
2
0
4
1
3
1
5
1
3
3
0
1
1
4
4
3
4
3
1
4
2
3
3
2
2
1
2
0
