0
0
0
0
0
0
0
0
0
0
0
0
0
0
0
0
0
0
0
0
0
0
0
0
0
0
0
0
0
0
0
0
0
0
0
0
0
0
0
0
0
0
0
0
0
0
0
0
0
0
0
0
0
0
0
0
0
0
0
0
0
0
0
0
0
0
0
0
0
0
0
0
0
0
0
0
0
0
0
0
0
0
0
0
0
0
0
0
0
0
0
0
0
0
0
0
0
0
0
0
0
0
0
0
0
0
0
0
0
0
0
0
0
0
0
0
0
0
0
0
0
0
0
0
0
0
0
0
0
0
0
0
0
0
0
0
0
0
0
0
0
1
0
0
0
0
0
0
0
0
0
0
0
0
0
0
0
0
0
0
0
0
0
0
1
1
16
24
77
107
103
134
129
137
131
126
130
129
142
107
124
124
160
125
142
154
149
136
154
142
127
157
126
134
158
138
143
137
140
153
131
140
128
136
128
139
132
135
142
149
137
159
146
143
144
147
135
136
149
144
148
155
148
147
156
150
138
161
148
168
148
155
147
140
136
138
149
121
158
152
141
144
172
149
179
172
160
155
162
141
150
167
177
154
158
163
177
169
164
168
161
168
162
177
177
169
155
156
169
154
162
173
174
185
178
148
155
162
169
163
158
160
182
177
180
179
169
181
174
171
180
156
188
167
155
174
159
168
166
163
164
161
180
184
144
170
174
190
158
176
185
176
174
167
172
202
198
179
193
165
169
183
166
195
149
154
194
163
187
176
171
165
189
198
166
186
173
151
195
181
199
194
174
181
144
182
198
163
192
173
204
171
178
169
180
183
191
178
173
211
198
191
180
208
203
158
195
189
180
196
160
192
184
179
178
193
197
177
182
202
182
192
192
188
176
199
173
198
213
200
162
190
181
220
197
171
200
191
196
203
172
201
192
191
169
198
192
173
179
174
179
153
156
179
195
216
189
174
176
177
198
182
153
180
183
190
173
179
172
164
202
183
179
180
185
185
173
195
190
168
149
179
189
158
161
174
201
186
179
156
149
156
162
164
177
163
181
158
170
180
176
150
190
193
175
177
167
184
169
187
186
164
195
191
142
202
171
178
159
187
169
170
150
169
153
186
168
158
174
157
173
206
155
155
163
175
170
142
149
165
172
153
157
154
181
146
187
166
156
174
147
179
178
167
152
159
183
151
171
137
157
172
153
166
151
172
135
158
157
156
180
135
159
169
176
136
152
132
168
147
180
156
154
156
143
190
133
162
155
147
152
166
136
142
170
136
143
129
161
144
145
153
131
157
147
155
162
139
151
132
178
163
176
141
147
144
154
141
163
151
159
137
150
141
141
144
156
136
141
154
135
135
145
141
142
155
132
133
147
139
142
149
137
132
124
130
140
126
123
152
148
134
141
127
154
117
124
137
131
147
160
135
128
121
149
143
122
138
142
149
122
139
127
144
118
140
143
152
111
133
144
112
141
112
132
134
103
128
126
153
131
139
124
131
125
121
125
128
114
121
139
125
120
134
109
128
115
118
109
120
133
114
145
111
141
120
125
134
121
102
126
112
124
116
115
136
113
108
129
128
104
107
123
131
135
118
117
114
108
127
130
127
107
151
126
99
113
147
122
126
111
122
117
124
124
124
115
119
123
123
115
134
107
115
132
108
127
131
119
110
126
105
121
120
113
96
104
130
109
98
124
109
122
100
104
105
107
112
109
128
90
113
112
103
107
100
102
99
104
110
107
96
106
125
107
105
104
113
99
109
131
100
107
112
103
91
126
112
107
114
106
107
117
113
98
111
100
107
105
116
90
94
121
103
76
120
79
101
115
107
107
95
91
106
112
99
99
102
86
118
103
91
111
89
93
96
92
87
93
97
98
96
99
109
87
85
102
109
98
89
89
92
100
104
87
79
74
105
85
84
105
85
97
100
80
103
79
92
68
97
80
78
90
85
92
82
88
88
105
91
79
81
109
79
84
82
86
90
96
98
89
81
97
98
83
80
93
91
78
73
104
89
78
88
92
92
93
89
91
96
83
80
83
86
93
74
73
93
80
94
88
79
85
80
86
96
85
77
75
100
78
91
79
89
74
80
102
94
74
86
88
83
73
77
94
74
96
94
83
72
102
80
73
77
70
82
90
81
73
72
64
94
74
102
86
89
69
86
81
71
67
70
66
76
79
79
87
69
60
67
84
75
73
89
86
78
84
75
60
93
86
88
88
81
89
70
72
68
67
69
67
66
66
65
87
65
78
67
69
68
70
65
68
77
70
60
63
86
67
86
70
65
69
71
68
80
66
69
90
69
64
81
79
61
74
78
67
70
71
60
61
87
77
78
66
67
69
78
60
71
69
75
65
64
58
66
62
84
67
70
48
79
74
79
77
68
68
73
73
55
73
62
62
61
63
65
71
69
60
68
68
56
67
62
67
76
71
63
57
64
70
64
52
77
59
64
77
62
56
71
63
71
65
67
67
70
59
68
64
76
57
62
62
61
67
74
63
53
59
71
47
70
65
74
57
52
59
71
67
66
70
63
47
54
53
61
57
69
60
63
49
53
55
65
78
61
62
69
60
69
66
67
71
50
66
65
48
61
71
67
42
61
65
47
56
63
53
61
63
57
67
58
66
51
44
59
60
71
61
58
48
55
57
50
44
52
55
47
56
49
51
58
55
53
52
59
67
53
48
63
46
49
60
58
47
58
45
55
49
47
52
45
51
70
47
54
55
36
54
65
48
37
51
38
50
55
48
56
43
53
59
40
63
43
54
58
74
55
44
56
48
57
60
57
59
45
60
50
61
44
56
42
51
43
53
43
54
51
52
51
62
55
56
60
48
48
55
52
55
57
51
55
62
54
49
58
55
64
34
49
50
57
57
46
46
58
49
42
49
47
52
56
50
39
52
52
50
47
48
71
52
52
41
45
46
50
55
47
41
47
46
57
38
41
49
54
38
39
39
47
51
54
52
51
42
46
52
45
41
50
29
43
39
54
46
36
41
63
31
40
39
43
50
39
44
55
40
44
35
41
53
45
57
41
57
52
39
53
53
48
42
49
40
45
43
38
63
43
44
41
41
37
36
42
55
42
38
53
35
44
40
31
52
42
40
37
46
37
42
38
42
47
53
46
42
46
43
45
40
42
56
45
28
44
39
49
35
40
49
47
40
44
34
38
46
54
45
50
41
41
45
44
35
44
39
50
42
48
42
34
40
47
46
33
46
45
35
43
36
37
43
49
48
49
33
37
33
45
46
39
43
44
42
35
44
36
36
37
35
41
41
45
47
35
49
34
36
36
39
49
28
33
31
36
39
37
37
33
44
39
38
29
47
36
38
42
34
39
33
39
50
39
42
31
46
38
28
37
30
42
34
51
41
35
37
39
36
31
40
32
36
39
33
38
34
42
33
31
37
34
27
41
40
44
41
29
28
32
54
34
37
45
48
38
41
44
37
37
30
36
38
40
56
37
32
41
41
38
44
32
42
35
31
36
34
32
31
36
31
31
32
41
32
28
30
30
28
43
37
30
37
32
34
34
35
22
33
24
25
35
40
29
27
36
49
43
42
41
42
29
31
33
31
28
41
29
30
28
25
35
35
31
35
31
32
38
29
34
24
27
35
31
33
31
30
32
36
35
40
24
25
38
38
26
39
29
27
35
37
40
35
28
32
27
37
35
38
29
40
28
29
32
35
33
30
34
38
22
19
31
42
28
44
33
32
32
37
36
36
40
31
40
38
31
43
28
25
41
35
35
27
36
29
22
39
38
34
32
39
33
34
32
26
33
43
33
33
28
22
26
42
38
25
42
39
35
39
32
34
34
32
39
26
33
26
41
41
39
35
37
35
38
34
37
37
23
33
35
33
34
38
42
38
42
36
32
27
29
33
26
30
33
31
23
26
23
34
31
28
38
34
37
33
30
29
27
27
29
26
25
36
26
25
27
41
39
33
32
34
29
25
33
29
23
29
28
27
29
28
21
31
31
32
27
24
34
29
23
32
29
24
35
30
26
29
30
24
31
29
25
49
28
35
31
30
26
20
28
24
30
32
32
30
31
27
30
32
20
28
34
24
26
31
27
22
34
24
24
28
22
33
29
29
35
26
29
28
30
22
28
28
32
31
29
24
28
31
30
40
36
38
31
31
26
28
27
28
22
31
23
29
39
35
37
42
30
32
31
20
27
25
24
34
34
24
26
24
32
25
26
29
29
26
20
28
26
29
28
22
22
25
29
33
24
19
20
26
27
33
27
24
25
23
19
25
35
26
27
18
23
19
30
21
21
30
19
38
24
24
28
36
36
38
22
33
18
30
21
28
34
24
27
26
27
19
21
25
27
22
24
33
13
34
29
20
24
18
18
36
28
27
30
25
28
28
28
33
31
22
32
28
40
22
20
17
32
16
28
24
19
31
25
26
22
25
32
24
23
20
24
26
34
23
23
22
25
26
25
24
29
23
23
29
33
28
32
30
20
22
21
28
24
21
25
32
24
28
31
26
28
22
27
27
24
21
26
24
28
22
31
17
26
30
20
28
35
29
28
27
19
26
31
27
19
30
32
24
22
21
24
26
22
25
22
27
15
24
25
25
25
16
25
24
26
30
17
26
25
31
16
22
13
25
22
31
34
28
22
18
28
23
30
37
20
20
22
24
17
23
26
25
28
18
21
22
21
27
19
22
29
17
26
17
26
22
22
16
25
28
17
33
21
14
29
26
25
23
30
30
23
27
28
24
22
20
25
28
30
28
21
20
21
30
27
26
18
17
29
21
13
32
29
26
20
23
24
16
30
15
28
32
24
26
22
21
24
20
22
17
28
27
21
21
33
23
21
20
25
33
26
23
26
16
24
29
24
25
19
16
18
24
22
18
21
22
22
25
15
23
19
15
24
21
18
24
29
27
25
20
24
30
24
17
25
24
18
18
21
21
21
18
29
26
25
20
24
19
20
22
23
15
25
20
23
19
30
19
24
25
17
26
23
24
22
23
28
32
30
24
20
33
26
22
30
25
21
23
23
22
28
26
24
29
20
18
18
19
22
25
28
24
27
18
21
15
16
20
22
18
26
27
27
27
21
18
26
26
20
11
16
20
23
24
34
14
27
19
26
22
23
13
22
30
18
18
24
26
24
19
14
17
28
20
24
24
26
22
12
25
16
38
25
22
19
21
23
23
18
24
21
27
21
17
27
24
20
25
23
28
15
25
22
27
21
17
18
20
23
17
27
15
22
18
26
27
24
21
23
20
21
25
20
16
17
15
21
18
25
17
24
21
20
21
14
18
13
28
20
16
20
21
28
17
24
17
16
24
24
30
21
25
23
16
19
23
24
24
14
20
31
22
23
25
17
21
17
21
24
15
37
24
13
16
28
20
15
25
21
28
28
18
20
19
23
18
30
18
23
14
25
15
24
21
26
20
18
12
27
26
20
22
22
27
31
17
22
19
26
18
27
18
23
26
25
23
24
21
22
19
28
19
17
19
20
19
21
21
21
22
10
30
23
22
23
24
19
17
27
21
21
24
20
19
22
20
31
23
21
17
19
23
13
24
24
22
24
22
21
23
16
26
29
17
19
16
25
21
17
21
26
15
14
21
26
15
23
25
23
30
17
14
35
20
20
21
13
28
22
20
20
23
26
18
20
26
16
20
15
18
16
18
15
28
18
33
23
26
16
18
18
19
16
18
29
21
15
27
26
10
18
29
23
13
10
22
25
21
24
21
18
16
22
17
20
17
28
25
36
33
17
18
11
13
22
23
21
21
12
15
21
15
22
19
28
27
21
30
21
16
22
18
16
19
22
23
19
20
22
22
19
19
25
18
17
17
23
14
15
20
17
22
19
16
20
29
25
23
23
18
22
21
16
11
14
12
24
16
25
23
18
19
16
22
24
23
18
17
20
16
19
17
13
17
18
20
22
27
19
19
20
15
27
18
15
21
20
13
20
19
19
30
20
26
27
26
16
16
22
13
20
21
12
19
22
19
21
20
23
21
14
22
12
18
16
19
21
22
20
22
16
23
23
15
12
15
21
26
17
19
24
19
16
20
17
16
17
18
21
25
19
19
20
18
26
18
24
19
22
14
17
16
14
20
14
17
28
16
20
30
19
16
12
21
18
23
21
19
18
19
13
12
17
16
19
26
20
22
15
20
20
21
16
20
13
19
25
22
20
24
17
23
17
12
21
27
14
18
17
21
21
21
11
23
12
15
11
19
14
20
22
23
24
23
22
13
16
22
15
13
8
20
19
24
23
19
20
17
18
22
28
20
15
17
16
23
19
25
21
12
13
25
19
22
14
13
27
17
18
14
14
17
23
15
14
13
16
15
16
17
23
16
17
27
15
19
20
21
14
18
28
21
23
20
16
13
16
14
22
17
17
16
14
20
15
24
14
12
26
21
15
23
18
21
18
22
15
21
15
19
13
15
16
20
10
16
16
24
24
10
20
21
30
19
12
19
19
23
12
16
22
20
18
16
12
15
17
23
15
24
12
22
30
19
15
16
17
18
11
18
19
22
11
18
15
15
16
26
19
16
15
12
13
22
23
16
19
20
23
17
16
27
13
15
18
26
21
21
17
20
14
20
13
13
13
17
18
13
15
15
14
24
22
21
19
37
20
16
24
14
19
12
19
16
13
23
20
15
8
15
19
14
9
19
12
22
18
16
15
18
19
11
11
17
24
20
10
20
18
22
19
17
12
16
21
22
15
21
19
20
19
19
17
20
18
16
10
18
23
21
15
14
19
21
17
18
18
27
25
18
11
21
23
13
13
20
13
17
18
28
18
13
16
28
12
18
15
17
15
13
18
23
20
18
24
15
20
19
16
21
23
14
20
17
13
20
21
20
26
22
20
20
19
14
30
22
24
23
15
17
21
16
16
16
18
19
15
17
20
11
19
20
16
11
18
15
15
13
13
12
18
14
21
20
15
17
12
16
17
13
16
15
18
20
24
19
14
16
17
19
20
9
25
17
20
20
18
19
22
19
18
19
16
14
17
14
16
17
16
22
12
9
15
18
19
13
19
14
17
21
15
15
19
9
20
16
15
14
17
11
16
21
17
18
19
23
20
22
14
18
15
11
12
18
19
21
18
15
28
17
20
21
17
15
13
13
9
21
22
25
20
18
14
22
17
26
17
13
16
20
24
17
14
16
13
16
16
23
23
14
18
12
17
25
16
12
15
23
19
19
11
11
10
20
17
7
18
15
16
20
26
18
18
20
18
14
13
12
13
23
14
13
14
19
23
21
15
17
20
17
17
23
16
14
14
17
17
15
13
21
14
14
20
17
16
7
15
16
15
19
15
21
17
14
16
13
14
17
19
21
19
26
21
23
22
16
16
16
19
20
17
17
12
19
17
21
16
16
14
18
14
17
11
19
21
15
21
19
12
16
15
14
19
19
16
12
15
17
10
10
11
16
16
16
25
23
10
19
10
16
13
20
20
12
20
22
15
27
17
16
17
9
22
13
23
18
22
16
22
16
19
20
13
20
25
19
11
21
15
16
20
13
10
11
19
19
11
14
10
19
21
14
11
12
18
15
12
14
15
19
11
16
16
16
16
17
11
23
16
8
14
22
15
9
13
13
20
10
21
11
16
16
10
16
15
9
24
19
18
13
15
10
18
9
12
20
16
9
25
15
9
21
9
18
17
8
14
18
22
11
13
19
15
7
14
17
13
15
29
12
18
18
28
13
19
10
13
15
20
14
14
19
13
13
17
12
16
18
7
13
17
8
17
8
10
15
11
13
13
13
14
17
23
23
15
18
12
12
27
19
11
17
22
19
10
15
14
24
18
17
18
14
18
20
23
19
26
17
12
8
12
25
19
16
10
13
15
16
13
15
18
17
13
15
12
16
16
14
9
12
17
12
15
17
20
14
7
17
14
17
19
23
13
18
15
11
14
18
16
9
27
8
16
14
14
11
10
10
16
20
18
15
20
11
15
20
13
11
23
15
17
9
16
11
17
11
14
15
14
14
18
9
15
11
16
18
13
18
13
8
9
17
12
21
18
11
10
10
12
17
10
18
17
12
12
15
9
7
10
10
11
16
14
20
19
15
8
18
15
11
20
24
24
23
6
14
10
15
10
19
12
15
12
12
21
12
18
20
10
7
11
16
18
17
16
25
12
11
7
13
9
13
12
22
14
20
16
9
14
6
17
14
16
17
21
17
15
13
11
11
10
19
9
20
16
13
15
14
16
17
14
16
18
6
11
19
12
20
19
14
19
10
8
12
12
15
19
11
11
16
19
19
17
14
11
11
10
12
18
14
20
20
12
15
16
14
19
15
16
16
17
18
16
10
17
13
12
16
13
9
12
13
20
10
13
14
10
10
16
16
15
14
14
13
18
15
16
12
15
15
19
11
12
12
19
15
14
13
21
15
22
15
15
13
12
13
6
17
19
14
7
9
22
15
9
13
14
13
10
13
17
13
10
19
18
10
22
19
18
12
16
10
13
18
14
13
13
16
12
16
19
12
16
15
9
16
20
14
14
15
19
7
12
8
12
10
16
15
17
13
15
17
13
15
17
9
19
14
16
11
20
12
20
16
17
15
12
13
14
9
9
17
15
14
18
15
13
15
17
13
15
9
13
21
17
12
18
18
17
17
21
12
19
10
13
15
10
15
16
21
16
16
18
10
31
13
13
8
15
16
16
12
13
12
10
11
14
9
17
11
5
10
14
20
14
9
27
14
16
13
12
8
7
14
12
11
15
18
13
15
19
9
9
7
10
12
18
18
16
17
11
13
13
17
18
14
18
17
19
11
12
12
17
14
14
20
14
19
15
18
14
19
22
16
11
10
11
14
18
15
21
15
18
9
14
14
15
10
18
17
14
9
12
16
7
13
18
15
12
13
12
10
8
11
13
7
6
17
19
15
15
18
12
18
9
16
15
10
12
17
14
10
12
12
8
14
14
14
10
8
10
11
14
10
14
12
11
11
10
14
11
17
16
14
19
17
10
13
11
12
16
15
9
13
9
14
12
12
13
13
14
7
11
13
20
21
11
16
12
12
25
11
11
14
12
19
10
19
20
14
15
11
18
11
11
14
7
16
14
11
13
12
15
13
15
16
17
19
13
12
9
13
11
12
14
13
17
8
15
16
10
18
15
5
16
9
16
13
12
6
11
14
16
9
10
16
15
8
13
13
17
8
9
12
13
17
12
15
15
16
11
19
10
9
12
15
15
14
10
15
12
11
16
9
11
11
21
11
14
15
13
13
9
10
9
17
12
10
26
17
17
12
5
12
19
6
12
18
11
16
14
14
8
8
12
8
12
8
12
5
7
11
10
17
6
11
11
20
17
8
9
9
16
11
16
13
10
14
11
9
13
5
15
12
9
9
8
9
2
12
18
13
15
10
11
9
13
14
14
10
13
15
11
15
12
13
10
15
9
8
17
13
11
9
13
14
10
12
12
10
12
15
12
14
20
15
13
11
17
14
12
11
21
10
17
15
15
8
16
14
5
18
10
11
14
8
13
4
19
14
18
9
11
10
13
14
13
14
12
7
9
12
10
12
12
10
20
17
13
12
10
9
11
13
9
11
11
25
8
10
8
9
15
14
13
15
15
7
11
14
10
11
17
11
10
11
10
11
18
10
7
8
11
16
12
17
6
16
17
10
15
11
15
16
11
15
9
10
15
10
10
17
9
17
12
15
9
12
1
10
12
7
10
15
11
12
7
13
15
13
9
16
5
7
15
11
14
7
15
9
7
8
13
10
6
13
8
11
12
18
16
12
16
12
13
10
15
17
9
12
9
7
13
15
13
10
12
13
11
10
14
13
11
12
13
12
9
11
8
7
8
11
15
19
19
12
11
12
13
8
11
13
10
8
11
16
13
15
14
10
11
13
11
8
8
4
10
8
12
17
9
10
12
17
9
15
14
18
11
18
5
6
5
11
9
13
15
11
10
12
12
16
9
15
11
13
13
9
8
10
8
15
14
12
8
6
16
13
11
13
17
12
7
10
13
12
16
11
11
11
17
13
5
16
13
15
4
13
9
3
10
9
5
11
11
11
8
8
10
3
16
12
10
6
8
10
11
8
10
13
9
15
9
12
10
7
13
16
15
8
9
9
5
10
14
11
13
10
17
8
11
10
7
11
9
17
10
14
8
14
13
10
7
15
18
10
11
12
13
7
9
9
13
14
9
6
11
14
15
10
10
15
12
13
12
8
8
8
10
9
9
16
10
12
10
12
16
13
5
8
9
15
13
5
13
10
5
8
11
14
11
13
8
10
10
11
16
9
13
15
11
10
7
12
10
14
5
13
12
9
13
9
6
6
6
9
11
13
10
12
10
11
9
12
7
9
7
7
9
11
6
10
17
18
12
9
14
9
11
11
6
8
4
10
7
10
11
13
14
11
5
12
11
10
14
14
11
11
8
7
8
17
6
9
10
13
6
10
17
11
14
12
7
12
7
7
5
9
6
8
14
10
8
7
8
9
6
14
10
8
9
9
10
14
13
14
13
12
11
6
11
5
15
4
13
11
13
13
10
13
7
11
8
13
12
12
11
8
10
18
6
6
20
20
11
11
9
14
7
10
15
8
12
6
14
4
8
15
11
11
10
10
9
12
7
7
12
13
12
11
7
12
9
10
14
5
14
10
16
9
8
9
6
4
10
19
13
9
13
8
6
7
20
7
13
8
7
10
16
7
8
13
11
8
13
11
8
15
9
10
16
11
6
6
16
6
11
13
10
7
7
13
7
7
12
12
8
6
15
11
12
10
11
9
6
8
8
5
12
11
5
12
8
15
7
8
12
13
11
11
7
14
12
11
4
9
9
14
9
10
8
8
10
4
7
14
4
14
10
10
6
9
12
10
8
9
6
10
7
9
8
13
7
4
6
14
7
13
11
6
5
7
11
9
11
9
4
8
9
12
11
7
9
5
8
8
14
9
4
8
11
12
15
7
12
8
7
15
10
6
8
10
6
13
7
8
13
7
13
7
8
11
10
12
8
11
6
14
6
7
10
7
6
11
10
3
15
6
7
7
9
12
9
7
9
5
8
10
5
8
7
10
4
9
7
10
9
12
11
10
14
9
12
13
8
11
7
8
6
10
8
10
10
9
12
9
13
10
4
4
7
9
7
7
9
13
13
12
7
10
12
8
9
8
8
11
6
11
7
5
4
13
16
6
9
14
4
8
8
9
6
4
10
8
12
14
10
4
10
14
7
11
14
8
11
12
12
11
4
11
8
11
5
5
7
7
9
9
6
5
4
10
11
7
7
10
5
8
6
5
9
8
11
6
10
10
10
14
5
7
9
13
8
11
7
9
6
6
11
8
4
7
10
9
13
2
8
5
13
15
4
10
7
12
8
6
9
7
7
9
8
11
8
8
9
12
7
6
4
7
8
8
7
10
12
7
6
8
9
14
6
8
8
9
3
5
11
8
11
7
7
8
2
5
7
5
6
5
12
5
11
6
9
11
12
5
10
9
7
10
7
11
7
7
10
7
4
9
8
11
6
7
10
9
12
8
3
13
8
7
2
3
6
6
12
10
4
10
8
8
7
9
4
3
12
9
6
6
9
10
8
10
8
8
9
6
7
9
5
8
7
7
6
6
6
9
5
11
7
13
7
6
8
13
12
8
9
6
8
7
7
5
9
6
8
7
9
12
4
8
12
10
4
12
4
3
6
8
7
12
10
11
12
4
4
13
11
6
9
9
7
5
7
6
6
5
7
8
6
5
5
12
6
10
8
9
5
6
6
8
5
7
6
10
12
4
5
5
6
11
8
3
5
11
10
7
10
6
9
6
3
12
12
9
4
2
8
8
10
9
7
7
1
9
6
6
10
6
6
5
7
7
5
9
6
5
5
4
12
9
5
8
5
10
5
5
3
8
10
6
5
6
5
6
5
7
5
4
9
7
4
10
8
5
3
8
10
6
4
5
6
9
15
8
6
9
6
8
9
17
10
8
9
8
8
6
5
8
6
9
3
7
5
7
7
9
7
6
14
7
9
2
6
3
6
3
11
6
5
9
4
4
9
11
10
4
9
8
4
9
6
4
12
4
6
8
4
10
8
1
6
7
9
6
5
8
4
10
6
5
7
6
6
9
8
3
13
3
11
9
8
8
9
1
6
11
8
4
7
2
6
5
3
5
9
8
3
4
6
5
5
8
8
4
5
5
6
8
6
8
3
9
7
7
6
3
12
6
6
2
2
7
6
10
9
4
6
2
4
10
7
8
7
8
3
6
8
5
6
8
7
6
7
8
2
5
12
6
6
11
5
9
4
5
7
7
6
7
6
8
2
7
3
3
8
3
9
7
4
5
9
8
6
6
7
3
4
7
1
8
3
4
4
5
4
3
2
9
10
7
3
6
6
5
4
8
7
6
5
9
7
6
8
6
3
0
8
6
9
6
4
5
7
7
13
6
5
5
3
9
9
5
3
3
5
5
5
4
5
5
11
10
7
5
5
5
8
8
4
8
5
9
11
3
5
4
3
5
9
3
2
8
7
6
7
5
7
6
8
4
5
8
4
6
5
7
2
6
6
7
3
4
3
6
10
5
8
9
5
6
7
6
5
4
7
5
9
4
9
6
7
8
6
6
4
5
11
9
5
5
7
7
8
4
6
6
7
9
3
11
7
3
3
3
2
5
8
4
5
4
6
6
7
4
5
6
2
8
5
9
5
3
8
7
9
7
8
6
1
3
4
6
6
4
7
4
4
6
5
4
6
5
7
11
2
7
5
2
8
1
7
7
8
6
5
2
9
4
7
6
5
6
6
5
6
2
12
6
3
5
4
8
5
10
6
9
9
7
8
7
10
3
3
3
8
4
4
8
4
7
3
6
2
1
9
6
5
6
9
3
3
0
7
3
4
8
7
4
2
6
6
5
2
2
2
11
3
2
1
8
5
4
7
5
4
5
7
6
11
5
5
4
6
3
5
7
3
9
0
6
6
5
2
5
6
6
5
6
7
5
7
4
2
3
3
12
4
9
2
6
5
4
3
6
2
3
3
6
10
4
9
5
5
0
3
4
7
3
6
7
6
3
10
5
2
4
8
7
4
6
6
8
5
3
6
6
4
6
5
6
4
8
3
7
6
11
2
4
1
5
6
6
7
9
9
2
3
8
4
3
2
6
1
4
6
1
5
7
3
4
2
2
4
5
6
3
6
3
6
10
3
10
3
8
6
4
2
11
7
4
6
2
5
6
1
8
3
2
5
11
3
5
1
2
1
6
3
4
8
4
9
6
10
4
1
6
3
3
6
6
2
4
4
4
0
4
5
4
3
3
3
4
5
5
6
2
2
5
2
5
3
5
2
3
4
2
5
3
4
4
5
11
7
10
3
5
5
1
3
5
1
5
2
3
6
4
4
7
5
3
5
4
3
6
4
5
3
4
2
4
4
8
1
6
4
7
2
5
5
3
0
5
4
1
3
1
0
3
9
7
8
6
5
7
4
4
4
2
2
4
3
5
3
6
5
0
6
6
6
8
5
3
4
0
1
8
3
3
3
5
2
4
7
5
3
6
1
7
6
5
2
3
2
4
3
3
7
2
7
4
2
2
3
3
6
3
4
5
3
4
0
3
0
3
4
3
5
2
3
3
5
3
5
4
4
3
4
3
1
6
8
4
4
5
2
2
2
4
3
4
3
5
5
7
5
4
3
7
2
3
1
5
5
5
4
3
2
3
1
3
4
3
1
6
3
2
1
3
1
3
6
6
5
5
1
3
2
3
2
5
2
5
2
3
5
5
2
3
3
5
3
2
3
2
6
3
2
2
5
3
1
6
5
3
4
3
3
3
4
3
3
2
1
2
8
0
1
3
5
2
5
2
4
3
4
6
2
3
6
2
4
2
6
8
4
3
0
2
4
3
4
5
6
3
2
3
3
5
3
4
3
4
1
3
6
5
4
4
3
3
2
4
5
3
1
7
3
3
4
6
2
3
4
3
0
3
5
5
2
2
1
6
7
4
4
4
2
2
1
0
5
1
4
5
2
3
3
3
3
0
2
4
4
2
7
1
0
5
3
2
6
4
3
5
2
1
4
3
4
4
2
1
2
3
2
2
2
3
0
3
2
1
7
1
2
8
2
4
2
2
2
5
2
4
3
3
2
3
1
0
1
0
4
4
3
1
5
6
4
5
2
2
3
2
2
3
3
1
7
1
4
4
0
2
4
4
3
2
2
3
2
2
4
4
5
6
4
3
3
2
4
1
8
0
4
3
3
3
2
2
0
5
2
0
0
2
3
3
3
4
0
4
3
2
2
2
5
2
3
3
3
4
3
3
3
5
3
2
2
1
2
3
3
3
4
3
2
3
3
1
4
2
3
1
3
3
1
1
0
4
4
3
2
7
1
1
4
4
2
3
3
1
2
3
1
4
1
6
3
1
2
1
3
0
0
4
2
3
3
1
2
5
3
7
2
2
5
2
4
2
1
1
1
1
3
2
0
1
1
1
3
1
2
2
2
4
0
3
0
2
2
3
0
1
1
2
2
2
4
6
1
2
1
3
2
0
0
1
1
2
0
2
1
4
3
1
2
4
2
2
2
2
2
0
1
3
0
1
1
3
2
3
4
6
3
3
3
4
0
3
4
0
1
1
2
4
2
5
1
2
0
2
1
1
2
2
2
3
2
2
2
1
2
4
1
1
2
4
1
1
2
0
2
0
4
2
1
2
2
1
2
3
1
2
1
0
2
1
2
2
3
0
1
1
2
2
8
4
2
2
3
1
3
1
4
4
3
2
1
1
1
1
3
3
0
3
2
0
2
1
0
3
3
0
3
0
2
2
0
0
1
3
7
1
0
2
7
2
0
3
1
1
2
1
1
3
0
1
0
1
5
2
1
0
2
1
2
3
2
1
2
3
4
3
3
1
3
5
1
2
1
3
1
2
3
0
1
5
5
1
2
2
1
1
3
1
4
4
2
1
2
2
2
2
1
3
4
2
2
3
2
1
2
7
2
3
2
2
2
2
3
4
3
3
3
1
0
1
0
3
4
2
1
2
0
1
3
2
0
3
1
0
0
5
5
3
2
2
1
5
1
2
3
1
2
0
2
1
3
4
2
2
3
4
1
5
2
1
2
2
5
2
4
0
3
1
2
2
1
4
2
1
1
4
1
1
1
0
3
0
0
1
2
1
2
0
1
2
3
3
2
1
1
1
1
0
0
2
0
2
2
1
1
1
1
1
2
2
2
2
2
0
2
1
2
4
1
2
1
1
1
3
2
3
2
0
3
1
0
2
2
1
1
2
0
5
1
1
0
3
0
4
0
3
0
1
1
0
1
2
1
1
1
0
0
1
1
2
1
2
0
2
1
0
3
1
3
0
0
0
2
2
3
1
2
2
0
3
0
1
2
2
1
0
2
5
3
1
3
0
2
2
2
2
0
0
3
2
1
1
2
0
1
2
0
2
0
3
3
0
2
0
1
0
2
2
2
2
1
1
2
1
1
1
2
1
3
2
1
0
1
2
0
1
2
0
2
1
1
1
2
0
2
0
2
1
2
0
1
1
0
5
4
2
1
0
1
3
0
0
5
1
1
1
3
0
0
1
0
2
0
0
0
0
0
1
1
0
1
0
2
2
0
1
1
0
0
0
0
2
1
3
1
2
0
2
2
1
0
2
1
0
3
1
1
1
1
0
0
2
1
0
1
1
1
2
1
2
1
1
1
0
3
0
1
1
1
1
0
0
0
1
1
1
2
0
0
2
1
0
2
1
2
1
1
1
1
2
1
1
2
2
0
2
0
0
0
0
1
1
1
0
3
0
0
2
1
1
0
0
1
0
2
0
0
1
3
2
1
0
2
1
2
2
1
2
3
3
1
1
0
3
0
1
0
0
1
3
0
0
1
3
0
3
2
0
0
3
0
1
0
0
0
0
0
0
0
0
1
0
0
0
2
2
1
2
0
1
2
3
1
0
0
0
0
1
0
1
1
0
2
0
1
1
1
1
0
0
2
1
0
2
0
0
1
1
2
0
0
0
1
1
2
0
1
3
1
0
2
0
1
2
0
0
2
2
1
1
1
0
1
1
0
1
0
2
2
2
1
0
0
1
1
3
1
2
1
1
0
2
1
2
0
2
1
0
1
2
3
1
2
0
0
1
3
1
0
1
0
0
2
1
0
0
0
1
0
1
2
2
0
0
0
2
1
3
0
2
2
3
0
0
1
2
1
0
1
2
1
2
0
0
2
0
0
1
2
0
1
0
0
0
1
1
0
0
3
1
0
1
1
1
1
0
2
2
1
0
0
3
2
0
0
0
0
1
2
2
2
1
0
0
0
1
0
3
0
0
2
1
0
1
0
0
0
1
0
0
2
3
1
0
0
2
0
2
2
2
0
0
2
2
0
1
1
0
0
1
0
0
1
1
1
1
0
1
1
0
1
1
1
2
0
1
1
0
0
1
1
0
0
0
3
1
0
0
0
3
0
1
2
2
0
2
1
0
1
1
1
0
0
0
3
0
0
0
0
0
0
0
0
2
0
0
1
1
2
0
0
2
2
1
2
1
1
0
0
0
2
0
1
1
1
1
0
2
0
1
1
2
1
1
1
2
0
0
1
1
0
1
1
0
0
0
0
0
4
2
1
0
0
0
0
0
0
0
1
2
0
2
0
1
0
1
0
2
1
1
0
0
0
3
0
1
1
1
0
0
1
0
0
0
0
0
0
0
1
1
2
1
0
0
1
0
0
1
0
0
1
0
0
1
1
0
0
1
0
0
0
0
0
1
0
1
0
0
1
1
0
2
1
0
0
1
1
0
1
0
1
2
0
0
1
0
0
1
0
0
0
0
0
0
1
2
0
0
1
0
1
1
0
0
0
0
0
0
1
1
0
1
0
2
0
0
2
1
2
0
0
1
1
1
0
0
0
0
0
0
0
0
0
0
1
0
0
0
3
0
0
0
0
0
0
0
1
0
0
0
1
1
0
0
1
0
1
0
0
0
0
2
0
0
1
1
0
2
0
0
0
1
1
1
0
0
0
0
1
0
0
0
0
1
0
0
0
1
0
1
0
1
0
0
1
0
0
1
0
0
1
1
0
1
0
0
1
0
0
0
1
0
0
0
0
0
1
0
0
0
0
0
1
0
0
0
0
0
1
0
0
2
0
1
0
1
1
0
0
0
0
0
0
0
0
0
0
0
0
0
1
0
0
0
0
0
1
0
0
0
0
0
1
0
0
0
0
0
1
0
0
0
0
0
0
1
1
0
1
1
0
0
2
0
0
1
0
0
0
0
0
0
0
0
0
0
0
0
0
0
0
0
0
0
0
1
0
0
1
0
0
0
0
1
0
0
0
0
0
0
0
1
0
0
0
0
0
0
1
0
0
1
0
0
0
0
0
0
1
1
0
0
1
1
0
0
0
0
0
0
1
0
0
0
1
0
0
1
0
0
0
0
0
0
0
1
1
0
0
0
0
0
0
0
0
0
1
0
0
0
0
0
0
0
0
0
0
0
0
0
0
0
0
0
0
0
0
0
0
0
0
0
1
0
0
1
0
0
1
0
0
0
0
0
0
0
0
0
0
0
0
0
0
0
0
0
0
0
0
0
0
0
0
0
0
0
0
0
0
0
0
0
0
1
0
0
0
0
0
0
0
0
0
1
0
0
0
0
0
0
0
0
0
0
0
0
0
0
0
0
0
0
0
0
0
0
0
0
0
0
0
0
0
0
0
0
0
0
1
0
0
0
0
0
0
0
1
0
0
0
0
0
0
0
0
0
0
0
0
0
0
0
0
0
1
1
0
0
0
0
0
0
0
0
0
0
0
0
0
0
0
0
0
0
1
0
0
0
0
0
0
1
0
0
1
0
0
0
0
1
0
0
0
0
0
0
0
0
0
0
0
0
0
0
0
0
0
0
0
0
0
0
0
0
0
0
0
0
0
0
0
0
0
0
1
0
0
0
0
0
0
0
0
0
0
0
0
0
0
0
0
0
0
0
0
0
0
0
0
0
0
0
0
0
0
0
0
0
0
0
0
0
0
0
0
0
1
0
1
0
0
0
0
0
0
0
1
1
1
0
0
1
0
0
0
0
0
0
0
0
0
0
0
0
0
0
0
0
0
0
0
1
0
0
0
0
0
0
0
0
0
0
0
0
0
0
0
0
0
0
0
0
0
0
0
0
0
0
0
0
0
0
1
0
0
0
0
0
0
1
0
0
0
0
0
0
1
0
0
1
0
0
0
0
0
0
0
0
0
0
0
0
0
1
1
0
0
0
1
0
0
0
0
0
0
0
0
5
2
1
5
1
2
0
2
4
2
0
7
2
4
2
4
1
3
2
1
2
2
3
2
1
3
5
2
1
3
1
2
2
2
1
4
3
4
1
4
2
7
0
1
0
3
3
2
4
5
2
1
0
1
1
3
2
1
4
2
3
4
0
2
5
3
3
4
3
1
4
5
0
2
2
0
0
2
3
1
3
2
3
0
3
0
6
1
1
4
3
2
3
5
1
1
2
2
4
3
3
2
1
2
3
2
2
2
2
0
1
1
1
5
2
1
1
5
3
2
0
1
3
3
1
3
3
1
