0
0
0
0
0
0
0
0
0
0
0
0
0
0
0
0
0
1
0
0
0
0
0
0
0
0
0
0
0
0
0
1
0
0
0
0
0
0
0
0
0
0
1
1
0
0
0
0
0
0
0
0
0
0
0
0
0
0
0
1
1
0
0
0
0
0
0
0
0
0
0
0
0
0
0
0
1
0
0
0
0
0
0
0
0
0
0
0
0
0
0
0
0
0
0
0
0
0
0
0
0
0
0
0
0
0
0
0
0
0
0
0
0
0
0
0
0
0
0
0
0
1
0
0
0
0
0
0
0
1
0
0
0
0
0
0
0
0
0
1
0
0
0
0
0
0
0
0
0
0
0
0
0
0
0
3
25
96
169
268
285
280
268
256
261
244
241
255
272
230
209
250
225
211
175
224
198
181
201
210
190
214
197
181
201
149
185
159
152
195
176
150
180
155
151
159
133
141
156
154
151
143
132
159
159
148
142
152
141
139
155
147
138
154
186
113
147
152
146
127
132
127
117
132
146
147
132
140
136
136
136
137
133
133
149
123
152
149
148
129
149
165
132
135
129
150
124
129
134
144
140
123
158
126
142
131
145
136
136
148
102
136
138
146
128
146
135
138
137
125
147
135
123
128
141
135
157
143
137
128
145
128
137
129
136
157
131
142
138
126
150
137
154
116
141
153
162
145
144
122
146
134
150
121
159
146
147
153
146
139
151
135
122
157
150
147
131
130
143
142
121
143
135
145
124
127
139
148
140
143
148
149
127
138
121
153
152
123
147
117
131
151
151
146
147
166
144
132
128
146
160
118
149
155
151
152
159
139
139
147
134
136
158
136
132
137
144
149
137
149
152
144
162
153
139
151
143
118
124
134
161
149
153
138
151
142
143
150
146
119
142
156
131
140
154
155
144
124
156
150
134
138
131
149
135
133
130
146
133
163
145
138
160
156
113
167
134
141
147
147
130
149
163
158
141
126
145
138
143
137
134
123
145
144
114
149
127
134
138
136
146
144
136
141
147
155
123
148
167
163
137
148
131
149
134
133
118
143
148
116
134
142
148
125
132
131
140
139
127
143
135
140
132
131
149
158
132
158
121
154
148
142
141
122
134
142
124
136
134
141
168
160
128
119
151
157
143
117
132
151
143
127
152
142
134
149
131
129
137
135
131
131
148
137
133
140
125
146
132
156
154
152
151
130
119
150
145
159
129
151
146
146
144
133
124
148
157
118
145
153
134
146
165
133
137
144
131
154
173
127
144
146
130
138
143
150
135
138
136
125
154
132
127
133
149
147
143
129
163
145
168
132
144
139
146
129
126
149
144
126
138
163
123
148
148
132
140
170
125
146
99
161
127
137
161
140
134
135
135
142
151
167
131
117
142
171
129
169
154
145
159
172
145
138
151
150
147
155
152
147
159
147
141
140
153
141
136
150
147
124
151
152
147
145
133
154
147
142
130
144
142
146
157
130
151
154
156
162
151
139
161
145
158
159
151
134
144
150
158
155
144
161
141
145
139
130
151
140
165
167
138
147
141
131
155
160
149
162
145
132
161
145
137
169
138
117
137
155
153
151
127
168
160
154
133
153
145
169
137
143
133
166
178
138
151
148
147
117
156
164
136
136
147
142
126
162
146
165
126
155
139
146
137
157
143
165
150
147
151
143
167
151
137
148
133
144
158
187
152
164
145
139
146
146
145
147
145
148
143
135
140
124
161
167
151
166
173
141
148
147
154
140
144
143
169
163
163
166
157
134
128
156
153
152
162
154
154
149
154
148
172
168
166
155
153
141
161
183
148
143
158
171
147
144
134
136
154
155
165
157
158
148
165
151
151
147
169
183
158
135
175
168
178
150
159
172
149
155
155
167
168
160
153
163
152
160
155
176
177
174
144
168
154
161
174
159
175
158
189
172
189
168
182
153
167
159
169
175
149
167
158
158
180
155
156
153
179
185
162
139
170
168
172
141
184
144
165
175
154
184
168
164
182
195
152
180
170
166
169
166
159
141
155
169
193
183
159
181
180
171
160
177
171
154
185
200
181
162
180
182
178
168
180
194
190
151
218
189
180
181
198
199
186
199
200
187
182
185
198
188
216
204
174
201
196
205
189
195
203
180
202
191
213
196
213
208
214
187
200
199
215
209
185
205
222
216
194
198
219
233
193
224
225
208
229
208
194
198
222
235
212
220
214
216
209
239
163
212
200
211
190
199
216
223
199
221
207
206
229
228
213
234
220
223
224
228
184
228
220
206
226
206
243
195
230
201
243
225
223
217
213
195
211
213
198
212
217
205
216
224
214
210
210
228
219
196
212
181
189
189
225
204
200
184
231
188
198
201
201
198
217
195
209
202
190
227
217
199
218
178
184
207
206
189
205
190
212
189
211
220
169
192
192
184
170
180
197
203
204
177
203
193
182
185
185
181
175
178
174
182
220
172
180
192
196
167
178
161
192
153
175
172
190
191
174
187
177
187
172
168
183
156
190
171
163
148
153
194
163
156
180
194
187
187
186
155
187
177
185
173
180
177
191
161
154
161
158
171
182
156
144
188
187
178
162
164
178
187
163
178
157
205
163
188
148
169
190
154
157
150
157
173
180
167
171
163
156
180
154
132
176
144
180
152
170
167
170
143
147
175
167
178
149
163
150
163
146
170
176
153
158
154
155
159
146
137
158
182
155
158
175
171
163
153
166
185
142
160
171
152
169
156
176
154
189
149
131
149
131
171
159
173
172
170
151
147
154
156
175
152
162
146
155
159
163
137
159
149
158
143
166
174
138
150
141
141
143
152
151
155
154
180
189
158
151
161
136
143
139
150
147
178
160
154
162
157
149
173
152
133
130
183
138
151
152
169
128
148
133
157
158
150
154
172
134
148
143
150
135
146
147
154
145
143
142
148
136
127
121
154
152
153
141
158
143
136
142
158
122
146
161
138
148
135
142
125
139
140
137
147
136
150
134
150
167
135
125
116
125
142
151
136
149
142
142
158
157
143
118
142
135
128
142
142
157
127
159
144
158
129
152
142
146
137
144
111
147
146
137
126
156
140
134
132
130
119
141
129
122
145
130
127
146
143
118
162
130
124
132
140
136
132
158
140
151
116
130
135
137
146
127
143
123
139
142
95
118
150
132
127
136
105
141
161
131
125
136
113
124
151
143
121
140
143
144
131
136
142
136
160
152
122
113
148
128
138
146
129
127
163
147
117
121
149
135
140
154
136
136
111
149
126
126
130
121
131
122
146
153
146
139
128
141
139
134
134
121
130
128
138
128
142
141
136
139
139
138
121
136
131
112
136
118
137
113
116
144
138
105
136
111
136
127
130
132
126
118
120
133
137
114
135
133
118
106
124
126
149
142
120
137
122
139
118
131
150
116
142
116
109
132
132
111
124
124
139
118
116
128
131
129
113
118
127
136
132
132
128
120
125
138
130
132
126
127
129
133
126
115
122
147
125
135
118
126
128
140
115
151
127
136
112
133
135
122
117
134
144
124
106
141
120
133
143
133
147
118
137
139
142
123
133
126
123
110
134
141
144
135
107
108
120
148
107
110
136
127
131
134
101
134
118
130
114
133
125
116
135
125
132
111
132
106
139
106
125
96
128
117
107
142
130
123
121
133
132
121
137
130
114
115
112
132
133
127
132
130
135
134
133
115
145
116
138
113
142
103
119
132
117
112
124
133
130
130
121
122
158
143
133
109
106
110
106
136
113
130
138
128
111
117
139
117
127
134
110
109
119
140
114
112
139
118
150
115
136
135
102
115
104
121
121
139
126
122
111
125
125
113
134
116
117
112
123
121
117
140
112
100
119
137
119
113
127
123
127
119
131
119
141
104
116
126
120
123
135
121
122
137
120
120
110
113
116
118
127
138
132
137
127
114
134
125
130
146
126
117
117
120
107
109
112
110
114
128
126
134
106
113
121
121
118
118
118
127
118
144
144
132
114
116
145
111
111
119
122
130
136
134
125
104
117
136
143
114
124
132
109
129
131
142
125
122
118
115
114
105
120
137
122
125
121
101
117
125
120
107
116
119
114
124
97
152
127
116
113
101
130
145
136
119
120
118
121
122
136
123
91
100
114
123
121
124
130
121
113
102
117
133
115
123
110
128
125
140
115
147
119
117
153
132
116
118
127
111
131
113
99
125
125
141
135
146
116
128
117
126
105
129
138
113
122
122
134
117
116
117
112
121
124
114
127
149
124
99
108
125
134
121
130
115
116
125
118
124
112
110
123
134
133
116
111
123
114
127
143
120
115
121
104
103
125
122
110
117
133
123
104
116
103
107
132
119
119
130
127
110
126
133
109
131
117
133
127
101
109
109
116
130
129
126
108
119
130
121
118
128
126
131
110
118
132
128
127
115
132
137
118
113
111
111
135
119
108
127
111
115
116
114
136
131
120
126
111
110
115
116
118
131
118
118
122
127
124
127
107
127
144
132
119
124
111
118
117
118
112
120
91
106
109
133
105
120
107
108
134
134
123
109
132
114
131
112
122
142
111
120
118
121
136
128
116
127
121
137
103
112
118
123
117
104
123
118
121
138
124
119
118
119
140
122
116
125
118
120
117
120
129
130
131
110
124
117
108
131
114
122
132
112
117
126
121
121
136
118
110
110
116
121
124
127
118
127
110
132
114
109
121
105
116
119
121
125
110
123
109
111
130
133
125
136
120
120
123
113
132
112
108
141
135
143
142
133
128
117
120
146
106
124
143
115
138
122
151
115
140
113
123
108
119
115
138
125
114
115
118
130
103
122
113
142
125
111
117
117
109
113
121
127
133
127
119
123
114
148
139
113
122
122
111
136
148
120
128
138
120
133
126
109
124
127
123
130
115
109
129
123
118
112
136
127
134
106
132
117
88
132
110
130
122
115
131
121
120
117
106
120
137
122
112
102
122
112
108
113
147
136
137
111
124
119
133
129
120
125
109
114
109
112
104
114
114
122
106
92
124
106
110
128
121
125
110
114
123
106
125
114
111
114
124
112
121
99
120
110
125
110
121
104
88
124
129
111
120
98
122
123
113
102
115
103
102
130
120
91
100
107
133
118
111
118
104
102
113
116
113
115
107
97
114
113
111
119
115
99
101
96
119
115
119
105
106
111
87
93
96
112
90
97
95
117
98
97
109
113
111
133
106
93
109
92
104
108
113
96
99
100
99
107
99
116
114
107
89
118
108
102
93
81
111
102
101
87
90
87
93
97
102
109
86
83
80
104
100
99
86
102
79
102
107
91
80
101
82
84
94
84
83
94
79
70
75
71
76
75
84
84
83
81
83
86
102
75
94
84
78
80
83
78
84
78
81
80
81
74
91
99
86
80
72
68
86
58
89
75
70
87
76
62
74
66
71
92
66
70
68
65
59
64
80
66
57
62
74
49
67
61
72
63
69
62
71
61
64
71
58
68
75
66
58
61
49
75
75
70
48
59
59
61
58
70
48
73
49
66
52
60
68
54
55
60
52
52
65
52
50
51
57
53
41
48
48
44
50
68
47
42
52
55
48
65
56
45
51
46
57
53
69
50
60
51
52
52
45
59
61
55
44
36
42
67
43
48
40
46
40
51
56
51
45
45
47
47
34
32
32
46
44
34
29
34
45
41
40
44
47
43
52
36
46
48
41
46
47
41
43
44
32
44
45
42
41
33
39
41
44
43
44
37
27
54
38
38
41
36
47
49
41
42
27
40
40
32
50
38
39
41
31
39
56
37
36
28
35
39
36
35
33
31
35
24
30
32
37
25
42
48
46
41
36
44
28
34
46
28
35
33
26
39
39
31
37
48
32
39
30
40
27
43
34
36
36
29
33
40
34
36
35
48
38
22
38
38
32
30
25
33
33
24
30
41
26
35
30
36
25
28
46
38
30
37
30
40
27
27
30
27
30
30
32
34
30
27
27
15
30
22
33
30
36
28
28
34
31
24
39
27
21
34
37
34
29
26
35
24
25
36
37
26
25
33
34
29
36
32
24
19
20
22
29
27
25
32
32
22
28
26
30
30
29
26
34
35
24
27
19
25
32
24
32
24
26
23
28
30
21
27
22
25
29
28
28
26
19
27
41
17
27
29
24
34
16
24
20
26
40
20
22
25
28
24
26
21
23
31
36
33
23
25
21
31
32
24
21
22
35
25
16
27
17
34
21
28
27
23
19
39
30
27
17
24
19
16
30
26
18
22
24
32
24
26
26
25
27
29
29
32
24
30
27
19
21
17
24
19
20
23
19
18
27
19
33
29
20
30
17
30
24
23
22
23
26
25
25
27
32
26
33
22
20
31
34
30
25
26
35
16
27
30
38
29
21
30
27
23
29
22
24
14
20
34
17
29
27
34
23
22
32
22
20
41
31
36
25
26
25
36
30
32
26
36
22
26
24
22
17
28
27
26
28
24
31
25
33
18
24
25
25
31
30
21
27
31
37
31
16
26
34
24
26
26
28
21
29
26
25
30
39
27
30
25
30
31
24
28
31
27
25
32
22
29
34
33
34
30
36
26
27
40
29
33
24
29
40
29
24
35
33
38
28
37
30
38
34
25
31
33
22
27
34
25
34
30
22
39
32
29
24
36
34
33
39
42
28
34
43
35
27
30
29
39
32
41
27
47
43
26
43
36
43
47
22
39
41
41
37
38
33
49
43
35
50
35
39
35
33
39
47
40
45
43
26
33
50
46
49
41
40
37
59
41
39
44
42
60
41
46
39
35
48
56
43
45
50
47
55
47
44
43
57
41
54
60
65
57
40
59
51
51
75
63
56
52
56
54
74
63
65
58
77
47
62
56
50
62
62
64
55
68
60
76
67
79
77
85
59
67
75
75
67
64
53
64
80
66
72
50
61
71
68
78
79
87
69
81
76
85
84
87
73
78
92
83
80
89
75
98
79
102
111
98
94
92
103
91
89
86
83
102
105
102
95
95
103
91
97
101
102
97
102
110
120
120
108
116
110
129
118
114
143
113
126
133
119
138
133
119
148
140
131
113
121
152
134
138
166
144
154
152
157
147
166
151
157
155
161
157
174
169
161
156
167
191
167
138
156
189
170
162
190
194
169
163
220
216
189
191
182
191
189
208
226
204
205
219
227
230
204
216
234
221
218
234
248
241
245
225
240
244
266
234
271
261
261
270
266
287
264
281
238
251
278
294
303
280
272
290
305
302
311
304
311
317
292
323
314
324
331
336
342
352
341
338
343
358
323
325
337
351
354
367
383
357
366
368
359
380
353
360
408
384
402
423
360
419
425
445
393
469
402
423
428
429
458
398
431
479
430
444
459
445
458
466
494
491
489
491
496
436
470
456
507
469
497
504
512
505
496
543
530
534
477
537
548
525
535
501
515
556
576
555
583
563
581
604
583
601
534
578
543
590
606
595
633
594
632
624
570
546
592
655
625
655
590
631
621
623
609
587
633
605
640
690
628
732
623
650
666
659
681
621
649
654
672
626
645
703
668
668
675
653
654
681
673
709
671
658
689
691
671
680
704
667
678
705
663
718
730
711
669
711
697
682
686
691
687
694
673
693
681
660
655
648
678
676
680
718
694
687
676
660
664
664
752
685
674
667
647
653
611
667
637
634
620
634
629
671
666
666
583
611
674
606
592
629
618
631
664
580
632
645
606
643
641
624
613
577
581
623
621
559
562
561
578
570
566
585
561
561
548
595
536
582
493
531
514
538
503
524
529
532
495
492
490
499
460
516
472
509
485
479
493
460
489
442
447
454
472
425
432
398
465
438
380
452
380
387
373
385
406
363
393
359
375
379
348
367
342
346
376
343
354
351
342
347
300
316
312
336
296
310
321
282
300
283
304
270
301
265
274
289
246
241
241
263
228
258
244
230
225
216
226
203
239
215
215
218
199
189
202
189
184
182
196
175
162
176
177
156
176
152
159
172
145
157
142
173
156
142
149
125
126
123
146
131
138
120
116
107
98
119
106
102
116
112
119
115
106
94
102
84
84
82
88
97
72
81
86
82
81
70
77
60
66
82
65
58
57
92
55
72
57
58
61
55
53
52
52
46
51
60
47
50
41
50
48
49
45
45
38
47
48
38
38
45
26
43
26
24
43
41
39
25
33
36
26
34
21
24
30
27
23
29
28
20
30
16
24
17
19
23
16
19
23
24
15
17
15
18
15
13
15
15
10
9
19
13
12
9
17
15
14
7
7
10
24
7
14
5
13
6
19
8
7
10
8
16
8
8
8
9
11
13
9
7
10
7
5
6
3
8
7
9
5
10
8
10
8
9
5
5
6
7
13
5
7
4
4
10
8
7
10
7
6
9
6
8
5
14
6
5
4
9
9
5
8
3
4
5
7
8
5
5
9
6
2
4
1
5
3
8
5
5
3
7
6
5
6
10
4
1
3
6
5
5
4
3
8
5
4
1
4
8
4
3
1
4
5
5
5
4
5
2
9
4
5
6
5
1
2
8
4
4
4
3
4
5
5
4
5
5
5
3
3
9
7
8
7
4
5
3
8
6
3
3
2
4
7
2
5
1
3
3
5
3
0
2
5
4
3
5
8
2
2
6
4
4
6
5
8
5
2
3
4
5
4
2
2
8
7
9
5
5
5
2
5
5
6
5
4
3
6
0
1
3
2
2
3
1
9
4
3
3
3
5
4
1
4
2
6
3
4
2
4
1
1
7
1
3
4
2
3
6
3
5
1
2
0
4
2
6
2
7
1
7
6
5
5
3
1
3
3
4
4
5
7
3
4
3
6
3
8
3
5
6
3
4
3
6
2
2
5
3
3
2
6
7
4
2
3
2
4
6
2
3
1
2
6
1
2
2
3
3
2
3
3
3
1
2
3
3
2
6
4
6
4
5
4
2
5
3
2
5
5
3
2
4
3
2
4
4
1
3
2
6
1
6
5
2
4
1
1
4
4
5
2
4
9
3
4
3
5
6
4
3
6
6
7
3
3
1
3
4
1
2
2
5
1
4
3
2
3
7
4
1
3
5
0
3
3
3
2
4
5
5
3
6
3
0
4
7
3
1
1
1
2
2
3
8
3
5
3
2
6
3
5
5
2
3
6
4
7
3
2
3
7
1
5
4
5
3
1
6
6
5
2
1
3
4
5
4
4
6
2
4
2
5
3
2
1
5
6
4
2
5
3
1
5
6
3
4
3
3
4
2
2
3
6
2
6
6
5
2
6
2
4
4
2
1
1
5
2
5
4
3
0
3
2
3
1
4
3
7
3
3
1
3
5
2
4
3
5
6
1
5
3
1
5
1
3
4
4
2
4
2
1
1
2
3
3
3
0
1
5
4
5
2
3
6
5
2
1
3
2
4
1
1
4
2
3
3
0
3
2
5
1
1
2
5
2
4
4
3
3
4
4
5
2
3
2
3
7
2
1
2
2
2
3
5
2
2
3
5
6
4
6
3
3
2
5
4
7
5
4
2
4
2
6
3
4
5
8
1
6
2
1
4
6
1
2
2
3
2
1
6
2
3
5
4
2
4
1
3
6
1
5
3
5
3
3
5
4
3
2
1
5
2
5
0
4
2
7
1
3
2
3
1
1
5
3
3
2
2
1
7
5
2
2
0
3
4
1
2
3
3
7
1
2
1
1
3
1
3
7
2
4
2
2
3
1
3
4
5
3
3
2
5
6
3
1
1
2
4
3
2
3
2
6
4
5
4
3
2
1
2
4
4
5
2
4
3
1
3
4
0
1
2
3
2
1
5
2
4
1
2
5
2
5
2
3
2
1
6
6
1
2
4
2
2
5
2
5
1
1
6
2
3
2
3
5
3
3
2
7
2
2
2
2
1
2
5
5
4
1
2
0
2
3
3
3
3
1
5
2
4
2
0
3
3
2
1
4
4
4
1
4
2
1
1
2
2
3
1
6
5
2
5
2
2
7
1
3
4
4
4
2
5
2
1
4
2
3
5
2
2
0
2
4
3
1
3
3
4
4
3
4
0
4
3
3
2
4
1
2
3
1
5
3
8
1
2
5
1
4
3
1
4
3
4
4
4
3
3
3
4
2
4
2
4
3
2
4
5
1
2
2
2
2
3
4
0
4
5
0
4
4
4
5
3
4
2
3
2
2
0
3
2
3
1
2
3
2
3
1
2
1
8
0
3
4
1
3
2
1
0
1
1
1
2
4
0
3
4
6
2
3
5
3
2
0
5
3
4
2
3
3
2
0
4
8
2
0
0
1
3
4
2
4
3
1
1
3
2
1
4
3
4
0
3
4
8
1
4
1
0
6
3
3
2
2
2
5
3
0
0
8
4
1
2
6
1
1
1
2
2
3
4
3
1
2
1
2
3
4
3
0
1
3
3
1
0
3
3
4
2
3
1
1
2
1
3
4
1
1
4
0
2
2
4
3
4
3
2
2
0
4
1
1
2
3
0
4
1
1
3
1
3
1
8
2
3
3
3
2
2
3
1
1
5
2
2
3
2
0
4
8
1
3
1
4
2
3
1
1
3
0
2
1
1
1
2
1
2
1
3
1
0
2
1
2
2
1
2
1
3
1
2
3
3
4
2
1
2
4
3
5
1
0
2
1
0
2
5
5
3
2
1
0
3
4
1
0
3
5
4
1
4
3
0
4
3
1
2
2
2
2
3
1
1
5
1
1
1
3
1
2
1
2
0
1
2
0
2
3
6
1
4
1
2
1
3
1
1
1
4
1
4
2
1
2
3
3
1
1
1
2
0
2
5
1
3
2
4
3
2
6
3
3
2
2
5
3
0
1
2
3
2
3
3
2
1
3
1
3
1
6
2
2
1
2
1
1
1
1
1
2
2
3
0
1
1
3
2
2
2
3
1
0
1
1
1
0
2
3
2
2
2
0
1
2
2
3
0
3
1
3
4
4
0
0
3
2
0
2
1
1
3
3
5
3
4
1
3
2
2
1
2
2
1
1
3
2
2
3
1
2
0
1
0
2
2
2
1
2
3
1
2
0
1
5
2
1
3
1
1
1
3
1
1
3
1
1
0
4
1
3
4
4
1
3
3
1
2
1
2
1
2
2
1
2
3
1
2
1
1
0
0
2
4
2
2
1
3
1
5
1
0
1
2
2
2
2
1
1
1
2
1
3
0
1
3
4
2
3
2
2
1
0
1
3
4
3
4
1
2
1
3
2
3
3
2
2
2
3
2
2
0
3
5
4
2
4
5
3
2
1
0
1
1
0
1
3
0
1
1
3
0
2
1
2
1
1
1
0
3
1
4
2
2
3
1
1
4
1
4
1
0
2
2
4
1
2
1
0
1
3
1
2
2
0
2
2
5
1
2
2
1
1
2
1
3
2
1
2
0
2
4
1
0
1
1
3
1
1
4
0
2
1
0
1
3
2
1
1
3
2
1
1
4
1
1
1
0
1
1
2
0
0
0
2
3
3
2
2
2
1
0
2
2
1
1
6
2
2
5
1
1
0
0
1
1
0
1
1
1
4
4
2
1
3
1
1
2
0
1
1
2
1
3
2
3
3
5
0
0
3
1
2
5
1
0
1
2
1
3
2
1
0
1
0
1
2
0
2
3
1
2
0
2
0
1
2
3
0
2
0
0
2
1
4
0
2
0
3
1
3
1
4
4
3
1
4
5
1
1
1
2
2
1
1
3
3
0
2
3
0
3
4
2
2
3
1
4
3
1
0
1
2
0
1
0
1
4
2
1
0
1
1
4
1
1
2
1
1
2
3
1
0
0
1
3
0
1
1
0
0
0
1
4
1
2
0
0
5
1
1
4
1
3
3
1
0
1
4
0
3
0
0
5
2
4
2
0
3
2
2
1
1
3
2
2
4
1
1
1
2
0
0
1
0
6
1
1
0
0
1
0
1
1
0
0
1
1
2
2
0
1
2
0
2
1
2
2
2
2
3
1
1
4
3
1
5
1
6
1
0
1
0
2
0
2
2
0
3
2
4
0
2
1
1
0
4
1
1
0
1
3
0
2
1
1
2
2
1
1
0
3
0
5
0
3
1
4
3
2
4
2
1
0
1
0
3
0
2
3
1
4
2
2
2
3
3
0
1
3
0
0
2
1
5
1
2
2
2
1
1
1
2
0
3
1
2
3
0
1
2
0
0
0
2
1
3
2
0
2
0
1
2
1
1
2
2
3
4
0
1
1
1
2
1
1
2
1
3
1
0
0
1
1
0
1
1
0
3
2
0
0
2
2
2
2
1
2
1
1
2
0
2
0
3
1
0
1
0
0
1
3
4
1
1
0
2
3
0
1
1
2
1
2
0
1
4
1
2
2
2
1
4
1
2
1
0
1
1
1
2
1
1
1
0
2
1
2
3
0
4
4
2
1
1
1
1
1
0
1
1
1
1
3
0
3
0
3
2
0
4
0
1
2
0
1
1
2
2
5
0
1
1
5
1
1
3
2
2
4
0
2
1
1
0
1
2
1
1
0
1
3
1
1
0
1
0
0
0
0
2
3
1
1
0
1
2
0
5
1
1
1
4
1
3
1
2
0
0
2
1
2
1
0
1
2
4
0
1
1
1
1
1
0
1
1
2
1
0
2
4
2
5
1
1
1
0
2
0
0
1
1
0
0
0
3
1
1
1
0
2
1
3
2
0
0
3
0
0
1
0
1
3
0
1
3
0
1
0
1
1
0
0
2
1
2
1
3
2
1
1
1
0
0
0
3
4
1
0
0
0
1
0
1
1
2
2
0
1
0
3
1
1
3
0
4
1
0
1
3
1
0
1
0
1
0
2
1
1
3
1
2
0
3
0
2
1
1
0
1
1
1
4
0
0
1
2
0
0
1
1
0
0
2
0
1
0
3
1
3
0
2
2
1
1
0
1
3
1
3
0
1
0
1
1
2
3
2
0
3
1
3
1
1
0
6
3
0
0
1
1
1
1
0
2
1
1
1
1
2
4
1
3
1
1
1
2
0
0
0
0
1
2
2
0
1
1
1
4
0
3
2
2
1
1
2
0
0
0
0
1
2
1
1
2
2
0
0
0
1
2
1
4
0
0
1
0
1
2
0
1
1
2
1
0
0
1
0
1
1
1
1
0
1
2
2
5
1
1
1
0
1
0
3
0
1
0
1
1
0
3
0
0
0
2
1
0
2
0
1
1
1
3
2
1
2
2
2
1
1
1
1
1
0
0
1
0
0
1
1
1
1
2
1
1
1
0
0
1
0
1
2
3
3
0
1
1
0
0
0
2
0
0
2
0
1
3
0
0
3
1
1
1
1
0
1
0
1
0
2
1
1
0
3
1
0
1
0
1
1
3
1
2
0
1
3
0
0
1
0
2
2
1
0
0
0
1
0
1
0
1
1
0
2
0
0
0
0
2
2
2
1
1
1
0
2
0
3
3
0
1
1
1
0
0
2
2
3
1
3
0
0
0
0
1
1
0
1
1
2
5
0
0
2
0
1
0
0
0
0
0
0
1
1
2
0
0
0
1
0
1
0
0
1
0
0
3
1
1
2
1
1
0
2
0
1
1
0
0
1
1
2
1
2
1
0
1
0
2
1
0
0
1
2
1
1
1
2
0
0
0
0
1
1
3
1
1
3
0
0
2
0
1
1
0
0
0
2
1
1
1
2
0
1
0
1
1
2
0
1
0
0
0
2
0
0
3
0
0
0
0
1
0
0
0
2
0
0
0
1
1
1
0
0
2
1
1
0
2
1
1
1
1
3
0
1
0
1
3
0
2
4
0
1
2
2
1
0
2
1
2
0
0
0
0
0
3
3
2
2
1
1
0
1
0
0
2
1
0
2
1
0
1
2
1
0
1
1
0
1
0
0
1
1
0
0
0
2
0
1
3
2
3
2
1
0
1
0
3
1
1
1
1
0
0
1
1
0
0
1
1
2
0
2
0
0
1
0
2
0
0
1
2
2
2
1
2
0
0
0
1
0
1
1
0
1
1
0
0
0
2
2
1
1
1
0
2
2
1
2
0
1
1
1
0
0
2
0
0
2
2
1
1
1
1
4
0
2
1
2
1
3
0
1
1
1
1
2
1
2
1
1
0
1
1
1
1
3
0
0
0
0
0
1
1
1
2
0
2
0
2
2
3
0
1
0
0
1
1
1
2
1
0
1
1
0
2
1
0
1
0
0
0
1
0
0
0
0
2
0
1
2
1
2
3
0
3
2
1
1
1
1
0
1
3
1
1
1
1
2
0
3
3
1
1
2
2
1
0
1
2
1
1
1
0
0
0
1
0
0
1
1
1
1
0
2
0
4
0
0
1
3
1
3
1
1
2
2
1
1
0
1
2
3
1
1
2
3
1
1
1
3
2
2
0
0
0
3
2
0
1
4
0
0
0
1
0
1
2
0
0
1
0
2
0
0
0
4
0
6
1
1
2
3
1
3
1
2
1
2
3
5
1
1
0
1
0
0
1
1
1
0
1
2
2
1
0
1
3
0
0
1
2
0
0
0
2
0
1
1
0
1
3
3
1
4
1
4
0
1
3
0
1
0
0
2
1
1
0
1
1
1
4
0
0
0
0
0
2
1
0
2
1
3
3
1
0
1
0
1
2
0
3
2
3
2
0
0
1
3
1
1
2
2
3
2
2
3
2
3
0
0
2
2
0
1
1
0
0
0
1
0
0
0
1
2
3
3
1
3
1
3
4
2
1
1
1
1
1
0
0
3
1
1
3
3
0
1
1
0
2
1
1
1
2
0
2
2
1
0
2
1
3
1
1
0
1
1
1
0
0
2
0
1
3
1
0
0
0
0
3
1
0
2
2
1
1
1
0
1
2
1
2
0
1
1
1
0
5
0
1
1
0
1
1
1
1
2
1
0
2
2
1
0
1
3
1
0
1
2
1
1
1
1
1
1
1
2
1
0
0
3
0
3
2
4
0
2
0
2
0
1
0
1
0
0
1
4
2
1
4
2
1
0
0
0
1
1
0
0
1
1
0
1
1
0
3
3
0
2
3
1
2
1
4
0
5
1
2
2
0
2
1
2
2
3
0
0
3
0
3
1
2
0
2
2
0
3
0
1
0
0
0
0
4
2
0
1
0
0
1
3
1
1
0
1
1
2
0
2
1
2
2
1
1
0
2
0
2
1
1
1
1
2
1
1
2
2
0
1
2
0
1
0
3
0
0
3
2
0
0
0
2
0
1
0
1
1
1
0
0
1
0
1
0
0
1
1
1
1
1
3
0
1
0
1
1
0
1
0
1
1
0
0
0
1
2
1
2
0
0
1
0
0
0
1
1
0
0
0
2
1
0
0
0
1
1
2
0
0
2
1
0
0
1
0
1
0
1
0
0
0
0
0
1
1
0
1
0
1
1
1
0
0
0
1
0
0
0
1
0
0
0
1
0
1
0
0
1
0
0
2
1
0
1
0
0
0
1
0
0
0
0
0
0
0
0
1
1
0
0
0
1
0
0
0
2
0
0
0
0
0
0
1
0
0
0
1
0
0
1
0
0
0
0
0
0
0
0
0
0
0
1
1
0
0
0
0
1
0
0
0
0
0
1
0
0
0
1
0
0
1
0
0
0
0
2
0
1
1
0
0
0
0
0
0
1
1
0
1
0
0
0
0
1
1
1
0
1
0
0
0
0
0
0
0
0
0
1
0
0
0
0
0
0
1
0
1
0
0
2
1
0
0
0
0
0
0
0
0
0
0
0
0
0
1
0
0
0
1
1
0
0
0
0
1
0
1
0
0
0
1
1
0
0
0
1
0
1
1
0
0
0
0
0
0
0
0
0
0
0
0
0
1
0
0
0
0
0
1
0
0
1
0
0
0
0
2
0
0
0
2
0
1
1
0
0
0
0
0
0
1
0
1
0
0
0
0
0
0
0
1
0
0
2
0
1
0
0
1
1
0
2
2
0
0
1
0
0
0
0
1
0
1
0
2
0
0
0
1
0
0
0
1
0
0
0
0
1
0
1
1
1
0
1
0
1
1
0
0
0
0
0
1
0
0
0
0
0
0
0
1
0
1
0
0
0
1
0
1
0
0
1
1
0
0
0
1
0
0
0
0
0
1
1
0
0
1
0
1
0
2
1
0
0
2
2
0
0
0
0
1
0
0
0
2
1
1
0
0
0
0
0
0
0
1
0
0
0
0
0
1
0
1
0
0
1
0
0
1
0
0
0
0
0
1
0
0
0
0
1
0
1
0
0
0
0
1
0
0
1
0
0
1
0
0
0
0
1
0
0
0
0
0
1
0
0
1
0
0
1
0
0
0
1
0
1
0
1
0
0
1
0
0
0
0
0
1
1
0
0
0
0
0
0
1
0
0
0
0
0
1
0
0
1
0
0
0
0
0
0
0
0
0
0
0
0
0
0
0
1
0
1
0
1
0
1
0
0
0
1
0
1
0
0
0
0
0
0
1
0
0
0
1
1
2
0
0
0
0
0
0
0
0
1
0
0
0
1
0
1
0
0
0
0
0
0
1
0
0
0
0
0
0
0
0
0
0
0
0
2
0
0
1
2
0
1
1
0
0
0
0
0
0
0
0
0
0
0
0
0
0
0
0
1
0
0
0
0
0
0
0
1
0
0
0
1
0
0
0
0
0
0
0
0
0
0
0
0
1
0
0
0
0
0
0
0
0
1
0
0
0
1
0
2
1
0
0
0
2
0
1
0
0
0
1
0
0
0
0
0
0
0
0
0
0
0
0
0
0
0
0
0
0
0
0
0
0
1
0
0
1
0
0
0
1
0
0
0
0
0
0
0
0
0
0
0
0
0
0
0
0
0
1
0
0
0
0
0
0
0
0
0
0
0
0
0
0
0
0
0
0
0
1
0
0
0
0
0
0
0
0
0
0
1
0
0
0
0
1
0
0
0
1
0
0
1
0
0
0
0
0
1
0
0
0
1
0
0
0
0
0
0
0
0
1
0
0
0
0
0
0
0
0
0
0
0
0
0
0
0
0
0
0
0
0
0
0
0
0
0
0
0
0
1
0
0
0
1
0
1
0
0
0
0
0
0
0
0
0
0
0
0
0
0
0
0
0
0
0
0
0
0
0
1
0
0
0
0
0
0
0
0
0
0
0
0
0
0
0
0
0
0
0
0
0
1
0
0
1
0
0
0
1
0
0
1
1
0
0
0
0
0
0
0
0
0
0
0
0
0
0
0
0
0
0
0
0
1
0
0
0
0
0
0
1
0
0
0
0
0
0
0
0
0
0
0
0
1
0
1
1
0
0
0
0
0
0
0
0
0
0
0
0
0
0
0
0
0
0
0
0
0
0
0
0
0
0
0
0
0
0
0
1
0
0
0
0
0
0
0
0
0
0
0
0
0
0
0
0
0
0
1
1
0
0
0
0
0
0
0
0
0
0
0
0
0
0
0
0
0
0
0
1
0
0
0
0
0
1
0
0
0
0
0
0
0
0
0
0
0
0
0
0
0
0
0
0
0
0
0
0
0
0
0
0
0
0
0
0
0
1
0
1
0
0
0
0
0
1
0
0
0
1
1
0
1
0
0
0
0
0
0
0
0
0
0
0
0
0
0
0
0
0
0
0
0
0
0
0
0
0
0
0
0
1
0
0
0
0
0
0
0
0
0
0
0
0
0
0
0
0
0
0
0
0
0
0
0
0
0
0
0
0
0
0
0
0
0
0
0
0
0
0
0
0
0
0
0
0
0
0
0
0
0
0
0
0
0
0
0
0
0
0
0
0
0
0
0
0
0
0
0
0
0
0
0
0
0
0
0
0
0
0
0
0
0
0
0
0
0
0
0
0
0
0
0
0
0
0
0
0
0
0
0
0
0
0
0
0
0
0
0
0
0
0
0
0
0
0
0
0
0
0
0
0
0
1
0
0
0
0
0
0
0
0
0
0
0
0
0
0
0
0
0
0
0
0
0
0
0
0
1
0
0
1
0
0
0
0
0
0
0
0
0
0
0
0
0
0
0
0
0
0
0
0
0
0
0
0
0
0
0
0
0
0
0
0
0
0
0
0
0
0
0
0
0
0
0
0
0
0
0
0
0
0
0
0
0
0
0
0
0
0
0
0
0
0
0
0
0
0
0
0
0
0
0
0
0
0
0
0
0
1
0
0
0
0
0
0
0
0
0
0
0
0
0
0
0
0
0
0
0
0
1
0
0
0
0
0
0
0
0
0
0
0
0
0
0
0
0
0
0
0
0
0
0
0
0
0
0
0
0
0
0
0
0
0
0
0
0
0
0
0
0
0
0
0
1
0
0
1
0
0
0
0
0
0
0
0
0
0
1
0
0
0
0
0
0
0
0
0
0
0
0
0
0
0
0
0
0
1
0
0
1
0
0
0
0
2
4
3
4
2
3
5
3
3
2
1
2
3
1
1
2
1
1
3
2
0
2
3
4
1
0
2
2
1
2
1
4
2
4
0
3
0
0
4
2
3
1
2
3
1
2
2
1
3
7
2
2
2
1
5
4
2
0
6
2
0
3
3
0
3
1
3
5
2
3
5
6
4
0
4
3
2
5
5
3
2
2
3
3
0
6
0
5
1
2
0
0
2
3
0
3
2
1
4
2
3
0
4
4
5
3
5
1
2
3
6
1
3
4
3
4
3
0
0
3
3
3
3
5
0
1
4
3
