0
0
0
0
0
0
0
0
0
0
0
0
0
0
0
0
0
0
0
0
0
0
0
0
0
0
0
0
0
0
0
0
0
0
0
0
0
0
0
0
0
0
0
0
0
0
0
0
0
0
0
0
0
0
0
0
0
0
0
0
0
0
0
0
0
0
0
0
0
0
0
0
0
0
0
0
0
0
0
0
0
1
0
0
0
0
0
1
0
0
0
0
0
0
0
0
0
0
0
1
0
0
0
0
1
0
0
0
0
0
0
1
0
0
0
0
0
0
1
0
0
0
0
0
0
0
0
0
0
0
0
0
0
0
0
0
0
0
0
0
0
0
0
0
0
0
0
0
0
0
0
0
0
1
0
0
0
0
0
0
0
0
2
18
68
105
155
121
147
116
117
139
145
126
131
115
132
116
130
117
113
99
118
137
98
81
94
96
91
97
100
92
95
81
89
85
76
68
77
76
77
72
68
83
85
63
53
71
66
54
62
67
69
64
71
70
58
57
71
65
51
60
75
62
58
57
58
71
66
69
70
75
58
83
61
72
63
62
65
49
75
60
75
62
56
61
67
48
58
64
67
67
56
72
63
64
50
82
54
76
67
62
55
62
74
56
62
51
67
70
59
51
66
61
61
61
67
54
71
64
55
65
60
73
67
58
56
62
74
74
59
63
67
59
59
54
70
63
61
71
65
70
60
56
67
53
62
56
74
80
73
62
63
59
59
71
48
66
55
71
61
65
84
62
60
77
67
75
62
80
65
69
71
42
73
65
70
56
59
75
54
76
70
68
63
64
66
64
71
57
52
64
76
62
74
50
72
69
70
61
68
65
80
59
57
57
56
62
64
72
70
66
82
61
62
58
88
51
50
60
57
71
70
75
60
73
69
59
74
62
58
77
76
62
59
60
65
59
79
58
65
63
74
57
61
64
71
68
83
68
59
65
69
54
71
76
61
77
69
65
61
59
63
61
72
67
70
62
74
52
64
54
76
65
53
66
50
62
64
49
64
76
72
57
65
57
70
58
67
65
61
70
65
49
81
71
56
75
68
79
55
67
59
60
57
63
62
62
79
57
71
61
64
69
49
76
70
55
76
63
63
73
59
76
63
71
70
53
70
61
71
67
58
68
66
63
79
56
66
74
53
79
71
87
73
55
76
63
62
49
76
69
64
70
62
71
61
60
57
59
58
68
68
69
58
63
83
63
62
69
67
68
65
71
57
63
73
68
76
70
71
74
62
56
65
63
55
68
61
64
53
52
69
55
78
64
50
71
59
68
55
63
67
84
68
67
66
64
52
73
67
63
68
56
79
60
63
69
58
85
69
73
60
59
66
70
63
62
70
71
77
71
74
61
82
70
65
64
60
67
60
66
71
60
70
82
64
68
78
66
48
60
79
75
63
63
65
70
63
68
55
75
63
67
84
62
62
56
70
75
67
81
68
66
65
70
57
56
64
64
61
65
61
76
67
78
60
62
70
68
61
68
65
64
83
69
63
80
64
74
47
68
54
60
62
52
73
71
63
63
73
75
70
65
50
67
63
65
72
75
72
65
66
66
64
67
55
81
67
69
67
75
65
71
87
63
81
67
71
65
62
65
77
58
61
73
58
64
70
65
76
73
79
71
68
74
75
64
64
60
85
73
63
69
80
61
62
62
60
69
56
58
58
61
84
64
74
62
59
66
63
83
61
73
74
69
81
83
76
67
54
85
77
57
70
64
78
82
74
57
68
59
70
70
86
64
71
78
78
66
72
69
60
76
76
80
80
64
65
65
58
77
64
67
63
82
70
76
72
73
55
81
86
76
57
60
59
64
75
55
72
66
67
69
72
75
61
77
61
88
76
64
52
65
55
62
68
76
76
69
64
68
88
58
56
73
72
82
73
66
78
78
64
74
68
59
71
71
71
82
61
80
67
84
71
62
78
76
97
76
77
87
66
64
67
70
73
73
98
57
74
66
71
71
67
71
73
72
85
78
77
61
64
68
82
62
72
65
68
75
75
79
88
73
73
78
88
68
84
68
69
64
67
58
78
85
70
75
81
75
81
80
87
75
85
93
83
75
88
71
75
67
79
83
72
73
83
76
78
70
76
80
70
81
88
81
75
92
83
111
91
80
92
86
77
83
92
88
87
82
88
90
84
92
79
88
66
90
77
93
75
90
78
100
108
63
75
83
79
76
74
97
86
87
88
80
91
88
91
74
94
65
94
83
85
89
95
71
89
102
91
93
106
96
86
92
86
111
86
89
96
98
90
90
83
107
77
82
88
78
94
99
107
78
115
96
102
100
89
88
74
104
96
91
95
118
95
100
114
104
99
83
91
90
87
90
101
100
118
98
107
85
90
106
103
87
89
88
89
75
97
122
103
93
98
92
104
85
88
85
90
105
103
97
95
92
99
106
94
84
89
85
76
89
93
82
75
115
67
86
90
76
79
96
90
86
80
92
83
83
100
77
95
98
84
93
97
94
76
89
85
87
68
94
85
84
84
75
85
75
91
97
97
69
84
84
79
103
79
93
91
89
86
83
75
94
88
76
95
75
81
78
63
87
74
86
71
81
84
85
61
76
77
86
74
97
78
72
74
80
70
93
71
85
81
82
71
77
81
70
84
85
70
70
84
81
71
81
87
78
72
83
82
59
77
67
77
70
66
85
88
84
68
64
75
78
75
88
75
68
75
80
78
85
74
70
87
65
74
68
79
70
75
73
78
70
71
68
62
89
66
74
80
72
79
77
66
86
77
87
76
77
78
70
80
89
88
65
81
85
68
73
78
63
68
62
70
72
76
65
81
55
70
74
79
68
77
69
80
71
72
71
59
76
67
76
63
79
65
71
73
61
61
68
83
52
61
81
62
80
72
78
66
77
72
78
70
78
75
72
70
69
75
78
68
60
80
80
56
74
73
77
62
73
70
66
45
73
81
58
59
70
67
49
56
79
73
82
56
71
67
69
63
66
62
73
82
69
71
72
67
63
74
71
68
59
58
64
71
68
69
70
71
78
80
81
73
75
68
66
83
66
60
66
65
66
66
73
61
63
55
75
53
65
70
64
64
71
66
70
67
76
73
65
74
70
57
66
58
68
64
60
66
69
57
71
66
76
74
52
55
61
76
64
69
54
75
68
67
68
79
56
65
62
62
54
60
67
44
59
59
51
78
53
59
64
84
63
54
72
59
63
71
73
54
52
64
67
70
63
68
60
67
61
62
67
73
46
73
63
65
55
56
71
60
61
69
80
65
68
57
63
69
69
74
68
57
51
54
54
57
64
59
72
62
66
64
64
46
57
70
78
58
62
66
64
67
62
60
52
56
52
62
66
60
56
75
73
78
67
56
58
61
54
63
66
70
68
62
51
49
63
44
64
64
64
56
55
55
61
62
44
55
47
60
53
51
64
53
62
79
57
52
64
67
57
54
60
59
59
54
69
62
48
56
57
59
53
61
62
69
60
55
54
58
57
65
59
52
53
72
69
54
46
64
58
55
63
59
71
47
50
44
62
57
66
67
48
73
55
74
67
65
58
53
64
61
62
46
47
58
59
64
63
58
62
66
56
50
51
49
55
62
55
68
51
66
43
60
52
61
62
62
53
67
77
48
67
56
55
64
55
71
62
56
38
60
63
65
65
55
63
58
56
71
61
72
55
63
62
50
56
48
51
70
54
57
42
66
68
63
54
67
54
57
54
61
48
69
74
61
64
58
66
60
53
42
51
68
66
66
66
53
61
65
65
67
56
66
54
64
57
68
49
56
56
53
51
74
58
50
62
55
59
65
52
48
50
53
60
56
53
49
55
63
63
56
71
64
57
62
46
55
51
47
60
67
47
57
58
60
57
54
61
54
53
55
68
55
53
67
56
47
63
54
63
66
60
62
43
56
56
56
52
44
65
61
61
66
43
65
66
54
62
72
60
51
65
59
54
68
66
54
56
54
59
58
45
65
55
49
49
52
57
62
59
61
45
50
50
61
52
46
56
55
49
58
60
48
49
63
52
51
64
53
58
52
54
54
54
58
54
58
56
58
63
56
59
57
56
63
43
52
56
57
64
44
60
56
64
60
52
63
61
55
58
46
47
52
42
57
61
47
54
51
69
54
62
62
65
44
58
67
59
75
59
64
52
56
52
58
55
43
54
55
54
48
63
55
61
53
54
61
55
52
53
57
42
56
67
46
48
52
59
61
66
62
52
48
48
56
57
59
43
56
44
62
58
56
60
80
67
51
61
60
59
54
52
62
50
53
48
61
52
60
50
48
50
46
51
56
52
47
53
60
57
50
49
55
58
44
56
55
50
58
61
45
54
42
50
56
68
58
53
51
58
53
63
36
57
51
46
47
50
56
52
67
59
50
47
63
65
52
65
53
61
47
59
54
65
71
54
52
81
60
37
69
58
51
57
67
54
65
70
52
54
74
73
62
70
50
54
72
46
49
73
67
42
56
52
69
43
61
48
54
50
48
47
69
60
53
63
56
64
61
68
41
52
66
55
53
57
42
54
56
44
64
48
46
56
67
58
68
58
53
62
53
46
57
70
62
49
61
50
47
58
57
58
65
62
56
49
50
61
60
67
43
55
74
60
55
58
53
62
68
48
63
61
65
60
66
61
57
43
56
55
56
58
46
72
50
60
74
59
49
59
58
56
65
53
56
65
59
67
57
68
53
45
71
62
53
54
50
53
51
68
50
54
52
71
58
56
59
48
46
66
55
48
63
53
51
45
60
62
58
48
46
51
51
63
67
44
48
52
60
52
64
59
52
48
48
73
66
59
52
66
50
62
61
50
54
44
54
68
59
60
65
52
60
59
58
52
57
74
50
49
54
56
57
57
56
62
55
65
50
48
59
64
72
54
50
53
51
57
61
50
54
57
56
52
66
73
57
62
56
61
59
65
52
60
57
73
48
64
58
49
52
54
59
55
64
53
63
50
62
60
59
55
41
43
58
61
52
63
72
45
55
56
44
67
51
63
65
42
58
64
47
60
59
59
60
65
54
68
54
59
50
55
64
44
61
60
48
49
67
54
60
60
61
51
66
56
62
53
65
62
56
67
72
57
60
52
66
58
62
71
62
44
56
56
63
63
49
67
66
53
69
49
60
52
65
66
54
61
65
61
46
68
59
56
61
43
53
52
43
47
53
69
51
48
49
57
72
54
50
42
47
58
52
44
54
52
52
66
49
51
47
52
46
66
47
53
50
49
64
41
55
62
52
53
62
54
54
40
44
49
63
52
57
43
52
46
57
51
54
56
47
63
51
38
51
56
45
48
55
53
48
53
60
47
44
64
48
39
39
52
53
49
44
70
43
51
33
43
49
48
53
48
41
54
43
46
42
47
44
40
41
43
40
49
43
56
49
35
50
48
57
45
49
47
33
32
56
43
48
46
54
39
33
36
33
36
44
47
48
41
39
44
41
59
28
50
37
44
37
44
35
37
27
38
30
36
37
46
42
39
31
48
45
40
41
44
43
42
54
33
34
34
40
38
33
29
42
35
39
38
35
24
37
45
31
35
38
40
31
42
39
42
27
35
41
41
42
37
34
28
30
38
29
35
26
28
34
33
31
27
30
30
37
29
36
33
30
32
27
25
20
26
25
23
24
24
28
38
32
25
24
31
26
32
24
25
27
23
29
21
22
26
21
30
30
30
26
25
25
25
26
29
27
21
20
18
21
31
23
21
24
16
17
19
16
24
27
15
32
27
24
26
24
21
23
29
24
25
33
18
23
18
24
22
22
23
26
28
19
25
14
22
26
12
25
17
23
22
15
23
26
20
21
27
20
11
20
23
15
21
12
16
19
28
18
19
21
19
18
18
18
21
18
17
16
13
24
12
19
21
24
21
17
23
22
18
22
26
21
10
22
16
15
17
18
24
14
20
17
12
14
12
16
14
9
12
20
19
24
15
20
22
17
22
11
17
12
19
17
19
21
12
16
15
18
12
15
13
19
9
16
12
13
18
22
17
12
12
20
21
14
17
18
22
18
16
13
14
15
16
19
12
21
17
14
9
6
17
21
15
16
25
16
13
10
11
9
17
14
24
17
7
23
10
17
14
17
15
12
22
18
11
10
10
20
10
11
10
10
15
15
16
13
15
17
24
11
13
17
16
12
15
9
8
14
9
12
9
16
11
10
15
13
13
8
14
17
17
13
21
9
10
15
9
7
10
10
8
11
7
12
13
10
14
5
7
18
13
17
13
9
11
11
13
12
11
10
11
10
16
12
14
16
17
13
12
15
15
15
17
8
11
11
10
13
14
15
12
16
12
12
10
10
13
11
10
12
13
15
12
15
16
12
12
10
15
13
13
15
14
12
10
15
11
5
6
13
10
13
15
9
13
12
8
10
10
12
14
12
6
13
12
16
19
16
29
9
4
9
7
7
16
9
10
12
13
12
7
7
16
7
14
7
16
11
18
5
12
9
12
16
13
10
9
4
11
8
8
20
13
17
8
10
11
15
14
6
9
10
13
12
14
11
9
17
10
11
11
14
9
15
10
8
12
11
10
12
13
12
12
16
11
12
11
13
18
20
10
8
16
10
16
14
12
20
15
15
21
6
11
17
13
12
15
19
15
12
18
9
10
9
7
10
13
10
11
8
10
10
14
11
5
9
13
6
9
13
12
15
16
9
12
10
13
13
9
10
7
16
16
13
15
14
12
15
12
14
10
8
11
8
4
10
17
9
7
19
9
8
14
12
16
20
15
10
12
13
20
15
16
23
5
15
15
20
12
12
16
12
10
11
15
11
16
11
16
14
17
16
16
16
16
10
16
11
10
17
14
19
19
9
19
10
15
15
19
15
15
20
23
14
24
17
15
14
19
13
17
15
11
19
18
20
23
12
14
5
16
14
18
16
14
18
20
18
16
17
19
23
15
21
18
13
18
27
27
23
21
24
24
24
17
15
11
17
20
18
21
26
23
25
20
17
21
26
16
24
18
27
17
19
19
20
24
16
22
29
22
29
23
31
22
24
23
17
21
29
23
28
31
34
21
23
16
36
18
26
30
33
18
27
29
24
32
33
24
25
36
30
32
24
12
36
22
27
36
29
30
40
31
40
25
34
31
34
40
43
35
27
31
30
30
31
36
43
28
32
43
40
34
35
47
37
44
47
26
39
29
41
44
28
43
46
32
31
41
55
48
47
45
51
53
49
53
61
68
49
49
46
59
46
66
59
56
47
55
60
51
41
46
62
58
65
65
63
62
59
70
62
69
76
81
64
65
62
61
65
81
87
66
81
72
86
82
83
77
90
76
100
80
80
77
89
80
89
96
75
75
88
84
95
85
92
92
86
96
105
90
92
102
89
116
109
87
107
106
97
106
132
88
118
96
117
105
113
120
127
131
123
107
107
117
110
123
138
128
126
127
130
120
144
139
161
151
131
142
134
118
149
154
153
146
142
145
167
164
135
155
144
152
173
159
168
179
156
168
179
152
170
167
177
183
180
184
166
184
175
201
169
177
189
195
187
172
191
191
209
196
230
191
213
220
223
193
196
233
217
226
207
211
217
219
218
214
232
236
274
215
223
244
220
234
225
236
230
232
228
249
246
270
263
224
245
251
261
244
273
262
253
240
271
247
266
245
270
238
289
267
301
262
266
299
274
313
290
300
280
291
264
276
293
301
263
261
285
298
273
246
302
285
302
304
284
329
310
328
314
322
303
310
290
305
324
291
267
296
318
314
299
317
338
307
303
307
318
317
300
312
321
334
315
353
320
342
312
330
308
321
324
289
295
301
333
292
313
329
322
333
308
329
291
321
300
315
293
302
324
333
285
297
296
312
310
295
307
310
317
280
279
311
292
306
342
297
290
304
289
281
299
335
294
268
274
335
261
291
288
276
284
281
258
289
298
268
292
285
285
277
260
286
278
281
269
289
257
285
263
273
277
259
246
257
264
243
232
240
265
221
231
258
231
241
231
245
235
228
241
230
214
214
218
234
210
197
182
212
205
170
217
181
200
207
203
181
187
198
196
192
188
180
195
182
180
170
158
168
161
181
173
172
154
149
162
162
160
161
138
157
145
141
143
132
130
135
148
146
126
120
130
136
135
131
116
110
127
110
110
101
103
117
101
112
105
99
81
96
106
98
100
99
96
116
82
88
87
100
91
98
73
79
83
78
82
64
56
67
87
65
71
79
72
63
56
64
50
64
60
65
49
75
60
47
50
54
40
52
58
62
51
39
61
49
44
38
32
33
38
40
32
43
37
38
29
36
29
29
36
28
27
36
32
31
39
29
43
31
31
27
25
23
22
30
27
21
20
28
16
23
20
19
19
16
20
19
21
29
14
10
22
12
13
13
10
12
9
6
15
13
20
12
5
11
13
11
14
14
8
12
8
6
2
10
11
13
5
11
8
5
7
9
10
7
8
19
3
6
5
7
7
2
6
1
6
6
4
3
5
4
5
7
5
5
8
9
9
5
5
4
10
6
6
7
3
4
6
5
5
4
7
3
3
2
5
4
7
2
5
3
2
1
3
6
3
2
3
3
0
2
4
7
4
3
5
1
1
4
2
2
1
4
0
1
1
1
1
2
2
2
4
2
3
1
4
1
0
1
3
1
2
0
4
3
2
0
3
2
2
3
1
3
2
6
1
1
1
3
1
1
0
0
2
2
1
1
1
1
2
4
1
1
2
1
6
4
1
0
3
4
1
2
2
2
2
2
4
0
1
3
1
2
1
3
0
2
2
1
2
1
1
1
2
0
1
4
1
0
1
2
2
2
2
4
0
3
2
3
4
2
2
0
1
1
1
3
5
3
1
1
0
2
1
2
4
0
1
2
1
3
0
3
4
2
3
2
1
4
0
1
4
3
1
2
1
4
2
3
2
3
3
4
0
0
5
0
1
2
1
0
3
4
5
1
1
2
4
0
0
8
0
4
2
3
2
1
2
0
1
4
0
1
1
2
3
2
0
2
2
4
2
2
1
0
3
3
1
4
1
1
3
2
0
2
1
2
3
1
1
0
1
0
2
3
2
2
2
3
3
1
2
1
4
2
1
2
1
0
1
0
1
2
1
2
2
1
4
0
0
3
2
1
1
0
1
0
2
5
3
0
1
1
1
0
1
0
1
1
0
4
1
2
2
2
3
1
1
1
6
1
0
3
0
0
2
2
1
0
1
3
2
0
0
0
1
2
3
5
1
0
3
1
1
2
4
2
1
2
1
0
1
2
1
1
0
0
0
1
2
0
0
2
1
1
3
1
3
2
2
1
0
1
1
1
1
2
1
1
1
2
1
0
2
4
3
1
2
2
1
1
0
3
5
1
1
4
7
1
0
1
1
3
0
1
2
1
0
2
2
0
2
2
2
0
3
0
2
0
2
1
1
0
0
4
0
2
1
1
1
1
0
0
0
4
0
0
2
2
2
3
4
2
1
0
3
0
1
0
1
1
2
1
2
2
3
0
1
0
4
0
1
1
0
0
2
1
0
1
1
2
2
1
1
1
0
0
0
1
0
4
1
0
1
1
0
0
2
1
1
0
1
1
2
2
0
1
2
2
2
1
2
3
0
0
2
0
2
0
2
2
1
0
3
1
4
0
2
0
1
1
0
2
1
0
1
2
2
1
3
3
2
2
1
0
0
3
1
2
1
0
1
3
2
3
3
3
1
2
4
3
2
2
1
1
3
2
2
1
2
2
0
0
3
5
0
1
1
1
0
1
1
1
0
1
1
1
1
0
4
0
0
2
1
2
1
0
1
3
0
1
0
2
4
0
1
5
0
2
1
2
1
1
2
3
2
2
0
2
0
4
0
2
2
0
1
0
1
0
1
0
1
0
5
0
0
0
2
4
1
2
0
1
3
0
1
2
2
0
0
2
0
0
0
3
0
2
0
0
1
1
0
2
1
0
3
0
0
1
2
0
1
0
1
1
1
2
1
1
2
0
3
0
1
1
3
1
2
2
3
0
1
2
3
0
0
1
1
0
2
3
4
2
0
0
1
0
0
1
3
1
1
2
1
2
1
3
2
0
0
2
3
0
2
1
2
1
1
3
1
2
1
0
1
1
0
1
1
1
1
0
1
0
0
0
1
0
1
0
3
0
1
2
1
0
0
0
1
0
1
3
1
2
1
1
1
0
2
1
3
1
0
1
4
1
2
2
2
1
3
1
0
1
0
3
1
2
0
4
1
6
0
3
1
1
1
0
1
1
3
2
1
1
0
2
3
1
2
1
3
2
1
1
2
0
0
0
1
1
1
0
1
2
3
3
0
0
0
0
3
0
0
3
0
0
0
1
2
1
0
3
1
1
2
1
0
1
4
2
3
1
2
1
4
1
0
2
1
2
0
0
1
0
1
3
1
0
2
1
0
1
2
0
1
0
1
1
1
1
2
0
1
1
3
0
0
1
0
0
1
2
1
1
1
1
1
2
2
1
3
1
3
2
0
1
1
1
1
1
1
1
0
0
0
3
0
1
4
0
1
2
0
2
3
1
2
1
1
2
0
0
1
3
0
0
0
0
1
2
3
0
1
0
1
1
0
1
0
1
1
0
3
2
1
1
3
0
1
0
1
0
0
0
2
1
1
1
0
0
0
2
2
2
0
1
2
0
1
3
1
1
0
1
0
1
1
0
3
1
0
2
1
1
1
0
1
1
1
1
1
3
1
0
0
0
0
1
0
1
2
1
0
0
0
0
1
1
0
0
1
2
0
0
3
0
0
0
1
0
1
0
2
0
0
1
0
0
2
1
1
0
0
4
0
2
2
0
2
0
1
0
2
2
1
0
0
1
0
0
1
0
0
0
0
1
1
0
0
0
1
3
0
0
3
0
0
0
2
1
0
0
0
0
1
1
2
2
1
3
1
1
2
0
1
0
1
1
2
0
1
0
0
1
0
1
0
1
2
0
1
2
2
1
1
0
2
0
1
0
1
4
3
1
0
1
4
1
0
2
0
1
4
1
2
2
0
0
1
1
1
1
0
2
2
1
1
2
1
0
0
1
1
1
0
2
1
0
1
1
4
1
0
2
1
1
0
2
1
0
1
1
0
1
1
3
1
4
1
2
0
0
2
0
0
0
1
0
2
0
2
0
1
0
0
1
0
1
0
1
0
0
3
0
1
1
0
5
2
2
1
2
0
1
0
1
1
3
2
0
1
1
2
2
0
1
2
1
4
0
0
0
0
0
1
1
1
1
1
0
2
0
0
1
1
3
0
0
0
1
0
2
1
2
2
3
0
1
2
0
1
0
0
0
0
3
1
1
0
0
0
0
0
1
0
0
1
2
2
1
1
0
0
0
2
0
0
0
2
0
0
0
1
0
1
2
1
0
0
0
0
1
0
1
0
1
0
1
0
0
2
0
0
2
0
2
0
2
0
0
0
0
0
2
0
0
1
1
3
3
0
0
0
0
1
2
0
2
2
0
0
2
3
1
1
0
1
0
0
1
0
0
0
3
0
0
2
0
0
0
2
0
1
1
1
1
3
1
0
1
1
0
0
0
1
0
0
0
1
0
0
0
1
2
0
0
1
1
0
2
0
2
0
1
1
0
3
1
1
1
1
2
0
0
2
0
0
0
1
0
1
0
3
1
0
3
0
1
1
2
0
1
1
0
0
0
1
0
2
0
0
1
0
1
0
0
0
1
0
0
2
1
0
2
3
2
0
0
1
0
1
1
1
0
0
1
0
0
0
1
1
0
1
0
1
2
0
0
0
1
1
1
0
0
2
0
0
3
0
1
1
0
1
0
0
2
0
0
1
0
2
3
1
2
0
0
0
2
0
0
1
0
0
0
0
0
3
1
0
0
0
1
0
0
0
1
0
1
1
0
0
1
0
0
1
1
1
1
0
0
0
1
0
0
1
1
1
1
2
0
0
1
2
1
1
2
2
1
2
1
0
3
0
0
3
0
2
1
0
1
0
3
0
0
0
1
2
0
0
0
1
1
0
0
0
0
0
0
0
0
0
1
2
0
0
0
2
0
0
1
0
0
0
0
2
1
0
0
0
0
1
1
0
0
0
0
0
2
2
0
1
0
0
0
0
1
2
2
0
1
0
1
0
0
1
1
0
1
0
1
0
0
0
0
0
0
1
0
2
0
1
2
1
1
2
1
0
1
1
0
0
1
0
0
0
0
0
0
2
2
0
3
2
1
0
0
0
0
0
0
3
1
1
0
2
1
0
1
0
3
0
0
1
1
0
1
0
0
0
1
0
0
0
0
0
0
1
0
1
1
1
2
3
2
0
1
2
0
0
0
0
0
1
0
0
0
1
1
2
0
3
0
0
0
0
0
2
1
1
0
1
0
1
0
0
0
0
0
0
0
0
1
1
2
3
1
2
0
0
0
0
0
1
1
1
1
0
1
1
0
0
1
0
0
1
1
0
0
1
0
1
0
0
1
0
0
1
0
3
1
0
1
0
1
2
0
0
1
0
3
0
2
0
0
0
1
1
3
0
3
2
0
0
0
0
0
2
3
0
0
0
0
1
2
2
0
1
6
2
0
0
1
0
0
0
2
1
1
0
0
0
1
1
1
2
0
0
1
0
0
0
0
0
1
1
1
0
0
0
0
1
0
0
0
0
1
1
1
0
1
0
1
1
0
3
0
2
0
1
0
0
1
1
0
0
0
0
0
4
2
1
0
1
1
0
0
0
1
0
4
0
2
0
1
0
0
0
1
0
0
0
1
0
0
1
1
0
0
0
0
0
1
0
0
1
1
2
0
1
1
0
0
1
0
0
0
0
0
0
1
0
0
0
0
1
0
2
1
0
0
0
1
1
2
0
1
0
0
0
0
0
1
0
0
0
0
2
2
0
0
0
0
1
0
1
0
0
0
0
0
0
2
1
0
0
0
0
1
0
1
2
0
1
0
1
2
0
1
0
0
0
0
0
1
0
0
1
0
0
1
0
1
0
0
2
0
1
0
1
1
1
1
0
1
1
0
1
2
0
1
1
1
1
2
0
0
0
0
0
0
1
0
0
0
0
3
1
1
1
0
0
0
0
0
1
0
1
2
0
0
1
2
0
0
0
0
1
0
0
2
0
0
2
0
1
1
1
0
0
2
1
0
1
0
0
0
0
0
0
1
0
0
2
0
2
0
0
1
0
1
0
1
0
2
0
0
0
0
0
1
1
0
0
1
0
2
0
0
1
0
1
1
0
1
1
0
0
0
0
1
0
0
0
1
1
0
0
0
0
1
1
2
1
1
1
0
0
0
0
0
0
0
1
0
0
0
1
0
0
0
0
0
0
0
1
0
2
0
1
0
1
0
0
0
1
0
0
0
1
1
0
0
0
0
2
0
1
0
1
1
1
0
0
0
0
0
0
0
0
1
0
1
0
0
0
0
0
0
0
0
1
0
1
0
0
0
0
0
0
2
0
1
1
0
0
0
1
3
0
1
1
1
2
0
0
1
1
0
0
0
0
0
1
0
1
2
0
1
1
0
2
2
0
0
0
0
1
0
0
1
1
1
0
0
1
1
0
1
2
0
0
2
1
0
1
0
0
0
0
0
0
1
1
2
0
0
0
0
1
0
0
0
0
0
1
0
0
1
0
1
0
0
0
0
2
0
0
1
0
2
0
0
1
0
0
1
0
1
0
0
1
0
0
1
1
0
0
0
0
0
0
0
0
0
0
0
0
0
1
1
0
0
2
1
1
1
1
2
1
0
0
0
0
0
0
0
1
2
0
0
1
0
0
0
2
2
2
0
0
1
0
0
0
0
0
0
0
1
0
0
0
0
0
0
0
0
0
1
1
0
0
0
0
0
0
0
0
0
0
1
0
0
2
0
0
0
1
0
0
0
2
1
0
0
0
0
1
0
1
0
0
2
0
0
0
0
2
1
1
0
0
0
0
0
0
0
2
0
0
1
1
0
0
0
0
1
0
0
0
0
0
2
1
0
0
1
1
0
1
0
0
0
0
0
1
0
0
1
0
0
0
0
0
0
0
1
1
0
1
0
0
0
0
0
0
1
0
0
1
2
0
0
0
0
0
0
0
0
2
0
1
0
0
1
1
0
0
1
1
0
0
0
1
2
0
0
0
0
0
0
0
1
0
1
0
0
1
0
0
0
3
2
0
0
0
0
1
0
0
3
0
0
0
0
0
1
0
2
1
0
0
2
0
0
1
0
0
0
0
0
1
0
0
0
0
0
0
0
0
0
0
0
1
0
0
0
0
0
0
0
0
0
1
0
1
1
0
0
0
0
1
0
0
0
0
0
0
0
0
1
0
0
0
0
0
1
1
0
1
0
1
2
1
1
0
0
1
0
0
0
1
1
0
2
0
1
1
0
0
0
1
2
1
0
0
0
1
0
0
1
1
0
0
1
1
0
2
0
0
0
1
0
0
1
0
0
0
0
0
1
1
0
0
0
0
0
2
1
0
0
1
0
0
0
0
1
1
0
0
1
0
0
0
0
0
0
0
0
1
0
0
1
0
0
1
0
0
0
0
0
0
0
0
0
0
0
1
0
0
1
0
0
0
0
0
0
0
0
0
1
0
0
0
0
1
0
0
1
1
0
2
0
1
0
1
0
1
1
0
0
1
0
0
0
0
1
1
1
1
1
1
1
0
0
0
0
1
1
1
0
1
0
0
0
0
0
0
0
0
1
1
3
0
2
1
1
2
0
0
1
0
0
0
0
1
0
0
0
0
0
0
0
0
0
0
0
0
0
0
1
0
1
1
0
0
0
0
0
0
1
0
4
0
1
0
1
1
0
1
0
0
0
0
0
0
2
2
0
1
0
0
0
0
0
1
0
1
0
0
0
0
0
0
1
0
0
1
1
0
2
2
2
1
2
2
0
2
0
0
1
1
1
1
2
0
1
0
0
0
2
0
0
1
0
0
1
0
0
2
0
1
0
0
1
0
0
0
1
1
0
1
0
0
0
1
0
0
0
0
0
0
0
0
0
0
1
0
1
0
1
0
0
0
0
0
0
0
0
1
0
0
0
0
1
0
0
0
1
2
2
0
2
0
0
0
1
1
1
0
0
1
0
2
0
0
1
2
0
0
0
1
0
0
0
0
2
0
0
2
0
1
1
0
1
0
1
0
0
0
1
0
1
1
0
0
0
0
1
0
0
0
0
0
1
0
1
0
1
2
0
1
1
1
0
1
0
0
1
1
1
0
0
0
1
1
0
0
0
2
1
1
0
1
0
0
1
1
0
0
0
1
1
0
1
2
0
0
2
0
0
1
4
3
0
0
0
1
0
0
0
0
1
0
0
2
0
0
0
0
0
0
0
0
1
0
0
0
1
2
1
1
0
0
1
1
2
1
0
0
0
1
0
0
1
0
1
0
1
1
1
0
0
0
2
0
0
1
0
1
1
1
1
0
0
0
1
0
0
1
0
0
1
0
1
0
0
0
1
0
0
0
2
1
0
0
1
0
1
0
0
1
0
1
0
1
1
0
2
0
1
0
0
1
1
1
0
0
0
1
0
0
0
0
1
3
0
0
0
0
2
0
2
0
1
0
2
0
0
0
0
0
0
1
0
0
0
2
1
1
1
1
0
0
0
0
0
0
1
0
2
1
0
1
0
2
1
0
0
0
0
1
0
0
0
1
0
0
0
0
0
0
2
0
1
0
0
0
0
0
0
1
0
0
0
1
0
0
0
1
0
0
0
0
0
1
0
0
0
0
1
0
0
0
0
0
0
0
0
0
0
0
0
0
0
0
0
0
1
1
0
2
0
0
0
0
0
0
0
0
0
0
0
1
0
0
0
0
1
1
0
0
0
1
0
0
0
0
0
0
0
0
0
0
1
0
0
0
0
2
1
0
0
0
0
0
0
0
0
0
0
0
0
0
0
0
1
0
0
0
0
1
0
1
0
0
0
0
0
1
2
0
0
1
0
1
1
0
0
0
0
0
0
0
0
0
0
1
0
0
0
0
0
0
0
0
0
0
0
0
1
0
0
0
0
0
0
0
0
0
0
0
0
1
0
0
0
0
0
1
1
0
0
0
0
0
0
0
0
0
0
1
0
0
0
0
0
0
0
0
0
0
0
0
0
0
0
0
1
0
0
1
0
0
0
0
0
0
0
0
0
0
0
0
0
0
0
0
0
0
0
0
0
0
0
0
0
0
0
0
1
0
0
0
0
0
0
0
0
0
0
0
0
0
0
0
1
1
0
0
0
0
0
0
0
1
0
1
1
0
0
0
0
0
1
1
0
0
0
0
1
0
0
0
0
0
0
0
0
0
0
0
0
0
0
0
0
0
0
0
0
1
0
0
0
1
1
0
0
1
0
0
0
0
0
0
0
0
0
0
0
0
0
0
0
1
0
0
0
2
0
0
0
0
0
0
0
0
0
0
0
1
0
2
0
0
0
0
0
0
1
0
0
1
1
0
1
0
0
0
1
0
1
0
0
0
0
0
0
0
0
0
0
0
0
0
0
0
0
0
2
1
0
1
0
0
0
0
0
0
0
0
1
0
0
0
0
0
0
0
0
1
0
0
0
0
0
0
0
1
0
0
0
0
0
2
0
0
0
0
0
0
0
1
0
0
0
0
0
0
1
0
0
0
0
0
0
0
0
0
1
0
0
0
0
0
0
0
0
1
0
0
0
0
0
1
0
0
0
0
0
0
0
2
0
0
0
0
0
1
0
0
1
1
0
0
0
0
0
0
0
0
0
0
0
0
0
0
0
0
0
1
0
1
1
0
0
0
0
0
0
1
0
0
1
1
0
3
0
0
0
0
0
0
0
0
0
0
0
0
0
0
0
0
2
0
1
0
1
0
0
0
0
2
0
0
0
0
1
0
0
0
0
0
1
0
0
0
0
1
0
0
1
1
0
0
0
0
0
1
0
0
0
0
0
0
0
0
0
0
0
0
0
1
0
1
0
0
1
0
0
0
0
0
0
0
0
0
0
0
0
0
0
1
0
0
1
0
0
0
0
0
0
0
0
0
0
0
1
0
0
0
0
0
0
0
0
0
0
0
0
0
0
0
0
1
0
0
0
0
0
0
0
0
0
0
0
0
0
0
0
0
0
0
0
0
0
0
0
0
0
0
0
0
1
0
0
0
0
0
0
0
0
0
0
0
1
0
1
0
0
0
0
0
0
0
0
0
0
0
0
0
0
0
0
0
0
0
0
0
0
0
0
0
0
0
0
0
0
0
0
0
0
0
0
0
0
0
0
0
0
0
0
0
1
0
0
0
0
0
0
0
0
0
0
0
0
0
0
0
0
0
0
0
0
0
1
0
0
0
0
0
0
0
0
0
0
0
0
0
0
0
0
0
0
0
0
0
0
0
0
0
0
0
0
0
0
0
1
0
0
0
0
0
0
0
0
0
1
0
0
0
0
0
0
0
0
0
0
0
0
0
0
0
0
0
0
0
0
0
0
0
0
0
0
0
0
0
0
0
0
0
0
0
0
0
0
0
0
0
0
0
0
0
0
0
0
0
0
0
0
0
0
0
0
0
0
0
0
0
0
0
0
0
0
0
0
0
0
0
0
0
0
0
0
0
0
0
0
0
0
0
0
0
0
0
0
0
0
0
0
0
0
0
0
0
0
0
0
0
0
0
0
0
0
0
0
0
0
0
0
0
0
0
0
0
0
0
0
0
0
0
0
0
0
0
0
0
0
0
0
0
0
0
0
0
0
0
0
0
0
0
0
0
0
0
0
0
0
0
0
0
1
0
0
0
0
0
0
0
0
0
0
0
0
1
0
0
0
0
0
0
0
0
0
0
0
0
0
0
0
0
0
0
0
0
0
0
0
0
0
0
0
0
0
0
0
0
0
0
0
0
0
0
1
0
0
0
0
0
0
0
0
0
0
0
1
0
0
0
0
0
0
0
0
0
0
0
0
0
0
0
0
0
0
0
0
0
0
0
0
0
0
0
0
0
0
0
0
0
0
0
0
0
0
0
0
0
0
0
0
0
0
0
0
0
0
0
0
0
0
0
0
0
0
0
0
0
0
0
0
0
0
0
0
0
0
0
0
0
0
0
0
0
0
0
1
0
0
0
0
0
0
0
0
0
0
0
0
0
0
0
0
0
0
0
0
0
0
0
0
0
0
0
0
0
0
0
0
0
0
0
0
0
0
0
0
0
0
0
0
0
0
0
0
0
0
0
0
0
0
0
0
0
0
0
0
0
0
0
0
0
0
0
0
0
0
0
0
0
0
1
0
0
0
0
0
0
0
0
0
0
0
0
0
0
0
0
0
0
0
0
0
0
0
0
1
0
0
0
0
0
0
0
0
0
0
0
0
0
0
0
0
2
0
1
1
1
2
1
1
0
2
1
1
0
0
1
0
1
0
2
0
1
1
2
2
3
2
3
3
1
0
1
1
0
4
0
0
1
2
2
3
2
1
0
1
1
0
1
1
0
4
0
0
6
0
0
1
2
2
0
2
0
2
1
2
1
2
0
1
1
0
1
1
1
2
1
1
0
1
2
1
3
0
0
1
1
1
5
0
2
1
1
3
0
1
1
0
2
0
1
4
1
1
1
1
2
0
2
1
0
0
0
1
2
1
3
0
2
1
2
2
1
2
0
2
2
1
6
0
