0
0
0
0
0
0
0
0
0
0
0
0
0
0
0
0
0
0
0
0
0
0
0
0
0
0
0
0
0
0
0
0
0
0
0
0
0
0
0
0
0
1
0
0
0
0
0
0
0
0
0
0
0
0
0
0
0
0
0
0
0
0
0
0
0
0
0
0
0
0
0
0
0
0
0
0
0
0
0
0
0
0
0
0
0
0
0
0
0
0
0
0
0
0
0
0
0
0
0
0
0
0
0
0
0
0
0
0
0
0
0
0
0
0
0
0
0
0
0
0
0
0
0
1
0
0
0
0
1
0
0
0
0
0
0
0
0
0
0
0
1
0
0
0
0
0
0
0
0
1
0
0
0
0
0
0
0
0
0
0
0
0
2
13
65
78
117
112
104
112
113
111
120
107
100
117
98
104
100
108
96
96
92
117
103
108
104
104
104
106
103
107
109
105
108
115
117
114
105
125
102
103
122
96
98
97
130
117
125
117
113
127
118
94
113
113
124
105
120
116
124
129
127
99
106
106
109
131
126
143
129
151
115
117
132
123
105
109
135
110
153
118
126
127
114
134
115
110
131
129
106
128
107
127
134
135
130
124
116
144
134
112
113
136
112
129
127
132
124
136
141
136
131
134
159
123
135
129
128
132
153
134
123
125
112
141
131
151
126
150
136
125
130
159
145
159
145
141
142
137
133
151
119
136
123
136
123
127
128
145
137
140
152
154
128
122
141
151
143
125
158
148
136
145
157
144
125
143
155
129
162
113
135
132
143
138
131
132
156
159
134
132
138
138
151
154
154
163
148
165
139
129
140
135
143
138
147
160
159
139
136
132
144
147
137
142
164
120
171
133
158
149
142
151
156
142
144
169
136
146
166
150
112
136
144
146
167
157
155
156
152
177
166
140
127
131
149
146
139
144
140
164
156
139
147
151
159
171
162
154
150
144
134
124
125
146
135
133
145
143
147
147
144
127
146
147
162
131
110
153
146
151
140
168
155
159
129
140
124
138
126
138
149
158
132
157
160
127
120
153
143
134
133
126
144
148
140
138
141
154
146
123
154
121
145
144
141
167
121
136
170
128
155
131
148
129
126
142
129
143
131
118
155
115
136
129
118
146
111
154
138
138
105
134
136
143
137
133
129
153
133
140
147
121
125
128
133
146
130
130
111
144
132
125
135
137
118
129
125
121
134
115
124
140
145
126
147
123
127
130
135
126
124
123
129
120
127
134
122
137
130
124
129
123
112
116
124
149
120
144
113
135
140
136
116
131
126
107
132
133
132
144
118
119
103
114
122
124
126
119
134
117
124
131
111
129
141
112
129
109
118
124
101
117
114
115
104
138
105
134
100
108
99
105
136
113
125
137
107
147
120
131
109
118
101
112
116
113
98
122
115
112
132
112
110
103
102
118
110
105
99
94
131
105
133
102
121
112
102
82
100
99
114
97
104
104
109
111
105
98
121
103
115
92
104
95
98
93
107
98
109
118
133
104
124
104
101
109
104
88
102
124
110
90
110
104
98
115
91
88
105
110
126
115
102
100
113
102
102
117
90
93
88
95
97
104
107
106
108
111
91
107
95
97
110
103
93
102
97
103
108
100
86
100
94
95
111
108
114
78
118
94
88
97
90
102
97
110
95
95
90
89
73
101
104
91
86
120
90
92
89
100
90
118
89
90
75
88
103
81
103
91
72
88
77
106
86
91
77
88
90
102
80
103
84
82
105
93
91
91
94
97
83
88
106
86
91
93
78
69
91
80
77
74
90
90
74
66
98
89
70
87
92
93
79
85
77
80
74
88
84
93
82
75
84
92
78
78
98
83
92
70
87
68
96
81
85
79
77
77
76
73
100
73
74
100
61
69
87
82
79
82
75
76
82
76
73
77
80
83
75
89
82
81
75
94
91
76
67
94
75
65
74
70
75
65
66
78
74
72
75
68
69
59
82
78
86
70
61
75
81
84
66
82
72
64
71
101
80
70
68
77
70
76
90
68
73
76
76
63
79
75
82
77
86
79
60
77
67
63
71
77
69
62
85
62
69
62
66
69
73
75
67
69
76
67
66
59
74
67
64
62
63
69
68
70
63
70
61
65
68
74
72
59
69
61
82
97
77
66
61
65
72
62
82
71
45
63
56
68
65
73
67
60
62
48
63
82
74
75
66
57
76
72
63
56
67
80
81
66
79
58
61
61
67
71
53
71
54
73
68
64
56
72
59
73
59
73
69
45
70
63
73
59
59
69
50
61
69
75
62
61
64
52
61
62
68
55
68
40
60
66
64
55
63
53
54
53
52
63
56
59
53
68
55
62
66
53
54
71
54
46
56
48
58
66
58
48
47
61
74
72
51
64
53
62
63
57
67
57
60
48
71
64
65
65
51
60
69
44
63
75
42
54
63
54
55
58
53
55
55
52
46
43
48
50
58
54
52
56
56
58
63
56
51
50
62
53
51
49
51
59
46
48
55
49
47
59
47
60
45
48
65
58
45
53
54
62
59
57
50
41
43
53
54
37
47
53
50
49
40
48
52
45
44
49
64
39
43
40
56
56
35
46
52
41
53
44
52
42
48
52
55
52
50
46
42
60
44
62
62
48
59
30
43
45
47
53
39
52
49
47
45
34
59
49
44
44
34
33
52
41
46
50
37
42
41
40
53
46
44
50
51
49
40
48
46
44
45
53
42
40
54
42
39
43
40
51
42
35
43
38
43
52
43
47
39
40
46
39
47
26
43
37
29
41
40
32
40
47
41
47
53
31
35
46
55
31
43
31
43
46
51
43
44
36
45
33
39
43
31
45
37
51
39
38
36
35
56
31
41
43
43
42
43
48
41
38
44
47
31
37
46
41
46
46
42
40
42
38
28
40
46
37
43
36
34
43
38
32
34
38
36
35
44
41
34
49
44
38
39
35
46
39
41
34
37
37
41
42
45
40
30
36
33
47
42
39
41
32
36
40
35
36
49
31
45
45
49
54
29
35
43
32
37
38
40
47
31
35
36
42
40
46
35
47
35
38
31
41
26
34
38
30
50
46
51
38
34
25
36
38
61
38
37
42
34
39
31
35
40
33
31
38
48
30
33
35
32
37
21
38
40
41
37
26
35
39
43
39
34
41
47
40
27
36
43
39
30
33
29
34
34
37
38
43
43
37
46
30
27
25
34
31
18
28
39
33
36
46
34
39
38
41
35
28
43
27
40
32
27
32
38
35
36
33
33
32
33
28
47
20
30
44
35
25
38
40
35
31
25
26
25
31
43
32
24
32
32
33
31
33
38
39
40
33
26
38
28
32
22
30
31
30
29
32
37
25
35
33
36
29
30
38
22
27
36
29
40
23
40
36
28
34
33
35
23
26
22
30
44
30
34
25
29
27
34
32
34
26
33
29
28
31
27
37
34
31
34
34
30
30
31
30
25
35
32
28
32
26
22
35
42
46
17
25
23
20
37
32
26
21
26
36
25
33
30
34
29
35
21
32
30
35
35
31
30
23
20
26
22
21
27
26
37
36
23
34
26
18
31
26
23
27
26
30
31
18
28
26
21
27
32
27
21
35
31
44
25
25
29
26
23
23
27
38
23
26
28
20
29
30
26
27
27
34
32
26
23
22
21
28
21
35
27
16
29
25
27
29
22
27
22
35
22
28
20
21
30
28
30
21
29
28
37
32
31
32
28
24
30
36
24
34
43
16
30
19
27
25
22
37
23
22
33
29
29
30
27
38
22
21
23
23
34
20
27
20
32
26
27
19
36
22
22
28
16
28
26
14
27
29
17
25
24
31
31
23
23
32
27
21
27
26
25
32
20
26
28
19
25
28
26
24
27
27
31
22
26
25
22
28
21
27
24
24
13
27
21
29
28
24
21
27
26
30
17
29
17
39
22
24
26
26
22
20
21
24
33
16
24
22
23
28
15
22
26
21
26
22
26
24
23
27
26
29
31
21
18
20
26
21
21
25
22
31
26
27
21
18
25
31
24
21
21
22
18
22
19
28
25
14
21
29
37
27
26
35
26
27
15
24
25
24
26
22
19
26
28
31
28
19
28
22
18
23
25
17
27
14
21
26
25
18
22
22
28
24
27
18
10
20
29
18
25
28
19
22
16
11
13
32
21
18
16
29
27
24
16
21
19
23
24
23
27
16
22
20
25
22
21
24
23
24
25
16
22
22
32
18
17
28
21
20
19
24
29
32
20
24
22
25
22
29
27
26
18
23
15
22
20
19
28
20
21
24
27
22
16
17
19
19
29
30
23
26
21
14
21
28
21
26
22
22
20
30
19
27
20
16
17
27
26
27
29
26
23
20
22
26
25
20
31
25
21
20
19
28
19
21
23
14
24
26
24
24
26
21
22
27
21
20
18
22
26
18
29
22
10
23
15
27
23
17
21
18
22
16
24
22
21
10
22
30
18
27
24
21
18
25
16
26
24
18
12
20
20
17
22
24
18
24
14
28
16
17
21
20
25
30
27
19
17
12
18
17
16
21
18
17
15
14
17
25
18
23
16
24
16
22
16
25
15
22
22
16
24
18
17
23
17
19
21
16
21
24
20
18
15
22
28
21
30
18
17
24
29
14
20
25
23
24
15
22
21
16
27
31
25
21
17
29
20
16
20
22
28
17
21
16
14
25
19
18
14
20
23
13
16
15
16
23
22
23
25
10
19
20
19
15
23
22
21
14
22
15
17
24
19
23
19
22
18
22
25
25
18
15
15
11
17
21
17
22
28
19
16
8
20
20
25
15
18
19
16
22
21
14
18
18
16
16
23
17
10
22
27
23
25
14
23
17
18
11
17
9
17
12
22
20
21
25
22
18
31
18
24
21
14
24
19
16
16
19
17
21
24
17
18
26
20
10
28
28
16
17
13
17
28
21
16
21
16
21
28
17
16
25
25
24
28
15
20
33
13
23
18
14
18
17
21
20
16
18
22
18
17
15
17
19
22
18
21
15
17
13
22
20
21
21
17
14
23
21
18
19
13
22
24
19
12
22
18
17
10
20
18
18
16
18
11
23
20
19
13
11
20
21
17
19
15
13
13
24
27
14
9
22
29
18
14
22
27
15
20
20
16
8
18
19
11
23
24
22
14
11
21
16
16
23
18
25
15
23
25
9
21
24
17
19
17
20
15
18
22
24
26
15
28
11
16
19
10
16
18
16
22
17
10
24
17
15
9
19
25
18
18
15
22
19
15
24
25
26
9
14
10
12
17
18
16
22
23
24
17
20
17
18
17
18
16
14
12
25
23
17
17
17
17
16
22
14
11
17
19
14
16
15
16
24
17
23
11
17
17
14
19
17
12
21
19
25
16
11
10
22
17
12
18
12
19
18
17
21
12
16
14
22
18
12
21
20
24
11
15
22
14
18
18
13
19
30
19
15
18
19
19
14
13
3
21
15
20
9
15
20
21
13
23
11
15
15
16
18
17
17
15
19
9
17
14
12
21
9
20
14
14
18
20
22
22
18
11
19
19
15
22
18
14
9
16
15
20
8
16
21
21
16
11
16
8
16
14
13
13
9
19
13
17
15
12
20
21
13
21
17
17
21
18
15
15
14
26
16
22
21
15
15
11
26
14
21
16
18
20
20
11
17
15
19
20
19
15
12
17
13
12
24
15
11
11
20
20
20
25
15
10
12
9
15
12
18
18
10
16
12
10
17
20
22
21
14
14
14
11
17
21
16
7
24
16
21
14
20
24
13
16
8
21
17
19
16
8
13
16
17
23
12
20
16
13
18
20
15
17
10
9
14
17
17
8
19
12
14
11
10
20
18
16
14
22
18
12
14
22
14
21
18
13
19
12
12
18
18
17
8
12
13
12
15
25
17
16
11
14
16
19
19
16
11
18
17
15
19
22
17
12
19
23
19
9
11
15
14
12
14
20
18
22
22
7
11
17
19
11
20
14
23
10
11
15
16
13
13
15
13
20
12
12
12
13
16
11
15
12
10
17
17
19
14
9
13
14
17
20
16
8
17
12
19
20
12
23
25
18
19
17
15
11
19
17
14
16
19
19
13
4
14
12
17
27
17
17
14
19
16
15
18
14
9
17
10
12
15
22
12
12
13
19
24
13
16
18
21
20
16
17
20
16
12
16
8
12
11
19
17
16
13
9
19
14
13
23
9
17
19
17
20
14
15
20
15
13
11
20
17
17
20
13
12
20
20
15
16
12
14
15
12
17
15
13
11
16
15
15
14
21
19
24
15
11
9
20
15
6
14
12
17
8
20
14
14
10
16
18
18
18
8
28
22
9
13
15
14
12
21
9
18
11
10
20
9
18
11
11
14
14
20
14
20
17
16
21
12
17
21
14
18
16
19
15
19
21
15
21
13
20
9
12
13
9
15
11
12
12
16
12
18
13
11
11
14
11
15
16
17
15
12
17
15
11
16
18
10
17
10
11
13
5
11
9
14
10
12
9
16
22
13
11
17
17
17
10
16
17
15
6
16
13
15
15
8
10
18
14
16
17
12
12
19
9
19
13
16
18
12
13
21
15
9
12
6
13
14
13
16
13
12
11
17
15
13
17
11
20
19
16
12
10
14
25
15
19
22
15
11
14
14
14
20
9
9
18
13
10
13
11
18
13
20
15
14
13
12
20
21
17
10
13
22
15
14
12
14
14
11
15
11
20
13
10
17
18
17
17
16
22
16
14
10
18
13
22
12
20
11
19
15
16
14
16
9
18
19
11
6
14
16
11
15
11
15
15
9
14
12
16
12
11
15
16
12
18
15
13
13
15
12
9
12
14
13
14
14
10
11
20
11
9
14
14
18
17
7
7
17
16
17
8
16
15
15
11
16
9
17
13
15
11
11
9
9
13
10
11
16
15
14
15
11
15
16
18
16
11
16
15
22
20
9
4
12
19
15
13
23
14
19
14
13
21
11
12
18
16
12
19
16
22
13
17
17
7
16
10
14
17
12
10
18
9
17
16
15
18
10
13
21
9
8
21
14
10
23
16
18
19
7
14
14
15
19
10
14
11
12
18
10
20
7
11
14
11
11
14
23
17
18
8
12
16
17
14
14
19
15
22
13
13
24
15
13
19
9
9
15
17
17
13
16
11
7
11
19
18
15
20
16
12
11
16
12
16
17
18
13
16
12
19
8
15
13
11
14
9
12
10
10
13
12
13
17
18
10
7
6
14
11
9
21
14
5
16
14
12
8
10
23
7
17
14
8
18
15
19
13
9
12
11
12
10
8
12
14
14
14
13
20
17
22
15
20
18
16
14
5
17
14
15
15
6
15
19
20
12
13
14
15
21
14
14
12
13
13
16
20
9
10
12
17
8
13
15
19
11
11
11
13
23
13
12
14
11
9
12
12
13
9
14
11
11
13
15
14
11
14
17
13
10
13
12
11
15
14
18
12
20
18
14
13
8
12
14
12
10
13
20
17
14
13
17
11
11
13
17
6
10
17
8
13
15
9
9
11
15
12
12
8
15
10
15
12
9
13
21
20
11
15
15
6
11
19
12
12
10
16
16
15
15
14
9
7
10
12
13
11
12
15
5
6
16
11
13
12
6
14
10
14
10
13
7
11
9
11
11
13
14
14
12
12
10
10
14
15
21
10
20
12
7
14
9
11
9
16
18
13
23
13
13
11
15
12
13
9
14
13
14
13
13
16
17
15
9
17
10
7
13
5
13
15
11
13
13
15
17
15
17
8
15
13
9
10
12
7
17
11
15
12
13
16
20
11
8
12
13
17
10
10
12
14
10
7
13
10
19
13
24
9
20
18
12
5
16
14
22
15
15
14
9
11
15
10
14
14
13
10
10
14
14
8
12
12
16
11
9
14
16
13
11
15
12
5
12
13
8
11
5
13
19
6
6
10
17
12
12
12
12
13
10
13
17
15
12
15
19
15
9
12
10
12
13
14
15
12
11
9
16
13
8
11
16
12
11
12
5
15
13
14
9
13
11
6
12
8
6
7
7
14
10
13
15
13
18
11
9
13
13
10
11
6
16
13
17
9
8
7
9
20
11
13
11
17
11
21
14
12
14
10
13
14
8
14
9
12
6
17
12
15
14
15
9
16
15
11
13
9
14
11
15
11
14
9
8
12
7
16
13
12
6
6
14
9
15
15
15
13
9
11
16
9
13
7
13
11
8
8
13
12
12
19
13
4
7
11
12
13
13
14
11
16
16
16
14
12
13
9
18
9
5
9
7
11
10
12
11
11
10
3
24
8
14
15
9
13
8
15
8
13
13
10
9
14
17
10
9
9
14
11
15
12
8
4
10
9
10
20
16
8
10
11
14
5
8
15
9
8
6
14
17
11
7
10
10
6
9
9
13
9
14
8
9
12
10
10
9
11
14
7
13
10
8
14
16
11
15
7
15
7
6
13
17
9
11
15
10
14
12
4
12
6
10
8
9
7
9
5
21
8
14
18
8
10
12
9
9
9
12
9
14
8
7
12
10
11
19
11
11
9
18
17
10
3
6
15
10
11
15
11
14
12
10
16
18
6
17
8
10
10
5
7
9
12
8
10
10
4
16
10
8
16
7
6
4
10
17
11
5
14
18
14
14
9
7
10
10
11
8
18
11
13
10
7
12
7
7
11
14
7
8
14
11
11
8
7
10
11
11
7
17
16
16
6
9
12
11
14
14
12
14
10
12
11
10
11
9
7
7
14
6
11
13
13
13
17
14
14
12
12
13
12
16
11
10
7
10
12
7
11
16
8
10
6
20
9
17
11
5
16
13
11
7
13
10
10
8
9
9
13
14
7
11
10
10
9
10
9
12
8
18
12
12
13
16
17
9
11
14
4
15
12
19
10
12
12
10
11
9
13
13
7
14
11
11
11
13
12
16
15
8
12
11
6
10
11
14
9
9
10
9
13
16
13
14
12
11
9
3
14
16
10
11
9
10
10
14
5
9
8
9
11
13
7
9
8
6
14
12
8
7
15
10
12
10
11
4
16
12
14
9
7
12
12
16
14
12
16
7
6
11
12
6
8
11
10
8
11
8
10
12
8
11
14
14
13
9
11
11
11
16
9
15
10
11
13
14
9
7
8
7
8
8
15
10
11
13
16
6
13
13
14
14
8
10
6
18
10
8
8
13
9
10
10
9
13
15
12
13
8
12
12
13
7
7
16
13
7
15
10
10
13
9
12
14
11
5
8
8
11
10
7
18
9
10
16
11
13
16
9
11
9
11
9
7
10
7
11
8
6
10
7
13
13
12
14
6
8
19
6
13
15
13
9
12
8
13
7
9
12
10
6
8
8
7
9
11
13
12
10
9
9
8
15
13
6
11
14
11
11
12
15
8
12
10
17
8
12
9
14
10
11
7
14
7
11
12
5
10
11
6
14
16
13
9
11
13
7
3
10
15
10
8
5
8
11
12
11
12
17
15
10
7
8
11
8
9
6
14
10
7
10
13
5
15
12
13
19
11
7
10
9
11
5
18
11
9
12
14
9
5
8
14
12
11
10
11
5
13
16
16
7
14
4
9
11
11
12
3
10
11
7
13
7
6
8
11
11
14
8
13
15
13
14
9
12
13
13
8
8
11
10
3
7
15
13
6
10
6
10
7
6
14
9
13
12
8
12
3
11
8
11
10
8
8
10
7
8
12
11
9
11
12
7
7
10
9
17
9
9
12
5
11
11
11
6
7
15
6
15
7
8
5
15
7
9
7
15
9
7
5
11
16
8
6
17
13
8
7
13
6
5
11
6
11
5
9
8
14
9
4
8
10
8
10
4
9
9
6
10
10
12
11
14
10
13
7
14
6
8
10
7
14
15
8
11
10
10
5
8
7
3
15
10
6
9
9
10
7
12
10
4
9
10
5
14
12
10
9
14
10
9
6
7
8
11
4
7
10
9
9
13
7
6
14
10
7
8
2
16
8
9
12
8
9
9
8
11
10
9
10
10
10
4
3
12
11
12
10
9
9
12
8
8
16
13
6
9
10
7
7
5
8
12
10
12
11
10
4
11
9
7
9
4
8
4
9
11
9
9
9
9
7
7
7
6
5
12
6
10
5
10
4
9
10
11
11
6
8
10
11
12
10
8
4
7
10
10
12
8
8
8
6
12
11
10
12
12
9
10
7
8
8
8
7
7
11
15
13
6
10
6
13
5
6
7
12
8
13
8
11
10
9
8
10
5
13
6
7
7
9
10
8
12
10
12
9
13
10
6
7
9
12
8
6
9
11
13
4
7
6
12
6
8
4
9
13
7
14
11
8
7
6
6
7
8
10
14
5
10
7
4
7
15
12
7
9
11
3
13
9
11
9
10
8
8
3
12
10
7
10
4
7
8
7
8
6
9
4
7
13
11
10
9
5
10
10
3
13
3
5
7
6
7
3
9
7
10
8
9
8
4
7
10
10
7
3
11
14
5
8
14
11
5
12
11
6
11
6
7
12
4
6
9
16
12
8
3
9
6
8
11
5
6
5
8
12
9
7
9
13
13
8
10
5
10
8
8
15
7
5
9
10
6
10
8
8
5
15
7
9
12
12
9
9
10
12
8
11
10
7
9
11
6
7
8
9
9
5
11
12
2
9
10
10
9
9
10
7
12
11
4
6
9
6
10
9
4
12
3
7
7
12
4
10
9
6
11
15
7
6
6
5
12
6
8
7
6
8
9
6
8
5
9
3
6
10
10
6
7
9
2
10
3
6
5
8
4
12
10
8
9
12
16
10
10
11
2
9
8
14
15
6
6
11
7
8
9
3
14
5
5
7
9
8
9
6
9
6
9
6
9
4
15
9
8
9
5
4
4
0
5
7
6
10
7
6
7
8
4
9
12
8
6
5
7
6
4
9
7
5
3
7
10
6
9
7
8
4
13
12
9
8
11
4
6
11
10
8
8
10
7
6
6
6
6
5
3
8
8
8
8
8
7
6
4
9
5
7
7
6
7
6
7
8
16
12
7
9
6
10
3
9
8
7
8
14
4
13
3
8
9
7
3
10
6
10
10
7
8
12
13
2
9
11
5
7
13
3
6
7
7
4
6
7
3
9
7
8
8
12
4
9
7
9
6
3
4
4
7
8
3
6
9
13
7
4
5
9
14
8
6
7
5
8
6
5
6
8
10
7
6
5
11
5
11
5
8
10
6
10
12
14
9
9
15
7
3
9
8
6
11
5
10
11
7
13
7
8
11
9
4
8
7
11
6
9
1
10
9
3
7
6
3
2
7
8
10
14
8
4
7
7
2
10
6
2
5
7
5
8
8
9
8
6
9
8
6
5
4
11
6
3
6
8
5
8
5
9
6
6
7
7
7
13
5
5
8
9
7
8
8
3
10
9
2
5
6
5
6
6
7
9
3
8
9
7
9
7
8
13
8
7
6
5
9
8
8
3
6
7
7
9
4
5
5
12
6
10
3
6
5
7
5
9
2
6
9
7
4
9
4
7
9
9
5
3
3
6
10
10
11
10
7
6
8
1
8
11
7
1
9
7
7
8
8
8
7
9
9
14
6
7
8
7
9
5
7
8
10
5
4
4
7
7
4
12
5
6
6
11
9
8
8
12
7
10
7
8
6
6
4
6
3
10
7
9
3
9
6
5
9
6
2
4
9
7
13
6
8
6
9
4
4
5
5
5
5
7
4
8
10
3
11
7
5
7
5
6
6
4
5
7
4
5
5
2
6
6
5
9
10
10
10
8
4
9
4
5
4
10
10
5
10
3
7
5
7
10
11
8
3
3
7
5
10
6
8
5
6
5
7
4
4
5
8
9
3
8
10
4
8
8
8
3
6
9
7
6
7
7
11
4
8
6
7
3
10
5
5
4
10
3
4
4
1
11
5
3
6
7
6
5
7
10
12
4
5
3
10
3
6
7
3
9
9
7
8
1
6
4
4
5
7
3
8
5
9
3
10
6
5
4
6
4
7
10
6
10
6
7
9
6
11
7
3
9
5
5
3
4
5
5
3
8
5
8
7
10
8
4
9
7
9
5
4
6
6
6
9
6
9
5
1
8
10
3
6
5
4
1
7
2
5
4
6
7
3
5
9
5
8
3
5
7
4
1
5
2
4
4
5
5
6
2
6
9
5
5
3
8
3
5
5
5
11
4
6
5
7
7
4
11
3
5
7
8
6
6
8
5
6
5
2
3
3
7
5
8
5
6
3
1
3
7
7
7
5
9
5
4
4
9
6
3
5
2
7
2
8
8
4
13
8
4
8
7
3
0
6
4
0
10
4
3
5
3
6
10
6
5
6
6
6
2
4
5
5
2
3
6
4
5
3
2
8
6
14
8
5
6
6
3
6
4
1
5
8
4
7
2
8
5
7
6
12
6
4
8
1
2
11
4
10
5
8
8
8
5
5
3
5
17
2
5
4
6
6
4
7
1
5
6
10
5
10
8
7
3
2
5
5
3
8
1
1
5
4
2
2
4
8
1
7
8
6
5
6
5
5
6
10
7
2
4
7
6
7
4
3
10
2
4
3
6
3
7
3
7
5
7
7
8
7
5
5
5
3
3
7
4
4
10
3
6
6
6
5
5
7
6
5
3
3
10
4
7
5
5
6
7
1
6
3
3
3
3
6
6
5
6
5
3
4
5
7
4
10
1
7
4
8
5
4
3
5
6
5
4
4
6
5
11
2
3
1
4
5
2
4
4
4
6
9
11
5
8
7
1
1
6
6
5
2
9
2
3
4
3
3
4
4
4
3
3
5
5
6
5
4
4
7
5
3
7
6
5
3
1
7
6
4
7
6
7
3
5
1
4
6
8
4
5
8
5
4
4
6
4
3
1
6
6
5
3
2
6
7
5
2
5
2
1
4
2
7
4
1
4
4
1
5
5
4
4
1
5
3
5
6
6
4
6
9
4
4
6
0
5
5
4
7
3
4
5
2
3
6
7
5
5
3
3
3
9
5
4
3
1
1
3
2
3
4
4
7
1
0
4
4
1
7
2
2
3
6
2
3
5
1
5
5
3
5
7
5
2
5
5
1
5
3
5
4
5
3
8
1
5
4
2
8
4
6
5
1
5
7
4
3
2
4
4
4
2
3
5
4
7
3
3
3
6
5
5
4
3
5
8
4
4
2
3
4
3
4
5
9
3
6
12
6
2
4
5
8
4
4
4
5
6
6
3
5
3
1
5
4
4
3
3
5
6
4
5
5
3
6
5
9
2
2
4
5
4
3
4
2
0
3
4
5
4
0
2
2
4
5
4
5
6
2
4
5
3
4
4
2
4
6
4
2
3
2
4
6
6
2
7
6
3
5
4
2
5
6
1
7
7
7
5
2
5
1
3
3
3
6
5
2
5
6
3
0
1
6
4
4
7
2
6
4
2
4
10
2
3
1
3
3
2
3
4
3
4
5
5
5
2
5
6
7
4
5
4
5
5
3
4
2
1
2
2
2
7
3
6
3
2
3
5
3
2
7
1
3
3
5
3
5
5
4
7
5
2
3
3
6
4
5
5
5
3
3
2
6
3
4
3
3
4
4
5
5
2
5
11
0
2
4
5
3
2
7
2
3
7
3
2
2
7
3
3
3
3
7
6
2
5
6
5
2
3
3
3
6
6
3
4
4
3
5
6
2
1
5
4
4
4
4
0
6
5
3
3
3
7
4
1
1
5
0
2
6
1
5
4
2
4
3
2
6
4
4
4
6
2
3
1
4
3
3
4
4
7
3
2
5
2
5
4
8
2
0
5
3
4
3
3
1
3
6
1
3
0
4
3
1
6
4
5
3
2
2
0
9
6
8
3
4
3
2
5
4
4
2
5
2
4
2
3
3
3
1
4
3
2
3
2
5
0
1
3
1
5
3
5
3
5
3
2
3
4
4
4
4
2
4
3
0
1
4
2
0
3
4
6
4
1
0
2
1
1
2
0
4
5
5
1
3
4
7
4
3
4
5
5
3
5
3
6
6
2
3
4
1
3
2
3
3
5
2
7
3
0
2
2
0
1
2
4
3
3
1
3
1
2
4
4
0
5
5
3
3
1
3
7
1
2
2
4
4
2
1
5
0
1
1
5
3
5
3
3
3
2
5
4
2
3
6
4
6
4
2
4
2
2
3
2
3
1
1
7
3
3
2
1
0
3
4
0
2
1
4
2
0
6
2
1
2
4
2
4
3
2
1
2
1
3
1
3
4
5
1
3
3
1
4
1
4
3
2
7
3
1
5
1
3
2
3
2
3
2
3
2
3
2
3
2
2
0
1
3
3
4
2
2
3
6
1
3
1
1
1
1
3
0
0
8
3
2
2
4
4
2
4
4
1
2
2
3
2
1
5
0
2
2
2
0
2
3
3
2
0
5
2
3
2
0
3
2
2
8
2
2
5
5
2
3
0
4
2
3
2
0
0
1
2
2
2
2
1
3
1
2
4
1
1
4
1
1
1
1
4
3
1
5
2
2
1
4
1
4
2
3
2
2
3
2
0
4
2
1
1
2
0
3
1
0
4
3
4
3
2
2
1
1
1
2
1
2
2
4
3
2
2
3
2
1
0
0
2
3
1
0
2
2
1
0
2
0
0
0
1
4
2
4
0
2
0
6
2
3
2
2
2
4
4
2
2
1
4
3
2
2
1
4
2
7
4
4
0
3
1
1
6
4
2
4
2
3
1
1
5
4
2
4
1
1
3
0
2
2
2
2
4
2
2
2
5
1
5
2
3
1
6
1
1
3
1
4
3
1
1
2
4
0
4
0
1
1
4
2
3
4
4
1
1
2
2
3
1
1
2
2
1
3
2
2
1
0
2
2
1
2
0
1
2
2
2
1
1
1
1
1
1
2
4
3
2
1
1
3
0
3
3
0
2
2
1
1
2
3
1
3
1
3
1
2
2
4
1
1
1
3
2
1
0
1
2
2
0
1
1
0
1
2
1
0
3
1
2
2
1
0
3
0
4
1
2
1
1
2
1
1
0
3
2
1
1
1
0
3
5
2
2
3
4
2
1
1
2
1
1
0
3
2
1
1
4
1
2
1
3
1
1
1
1
3
1
1
1
1
1
0
2
1
4
3
1
1
1
1
2
1
1
3
0
4
2
1
0
3
3
1
1
1
1
0
3
1
2
2
1
1
2
1
4
5
0
2
0
1
1
3
1
2
2
2
1
1
3
3
1
3
1
0
1
1
1
2
1
0
0
2
2
3
1
3
2
0
0
2
2
3
3
4
1
0
2
1
2
2
0
2
3
1
1
1
2
0
2
2
5
2
4
0
3
0
2
2
1
0
3
1
3
0
2
1
2
3
3
1
2
3
0
0
3
3
0
2
2
2
0
2
2
1
2
2
2
0
1
1
0
1
0
1
2
2
0
2
0
0
1
3
3
2
3
1
1
1
0
2
2
3
2
0
1
2
1
2
2
3
0
2
2
3
1
1
3
2
1
2
3
1
2
0
2
1
0
1
2
3
3
0
0
1
0
2
0
1
1
0
2
2
1
1
3
2
0
0
0
2
2
0
2
1
0
0
2
0
1
2
3
1
0
1
1
2
0
0
1
0
2
0
3
1
2
1
2
3
3
0
1
1
0
1
4
1
1
2
0
0
1
2
1
2
1
0
3
1
2
3
1
2
3
2
3
2
2
2
0
1
2
2
0
2
1
0
0
1
3
0
1
0
2
2
2
2
0
1
1
0
0
3
0
0
2
3
2
3
2
1
0
2
0
1
2
1
0
1
2
4
0
4
0
2
5
1
0
3
1
0
0
1
2
0
2
1
0
1
1
3
0
2
0
0
0
2
1
0
3
2
4
2
0
1
2
2
1
1
2
0
0
0
0
2
0
2
3
0
0
4
0
0
1
1
3
1
0
1
0
1
0
3
1
1
0
0
0
0
2
0
0
3
1
0
1
0
2
2
0
0
1
1
0
4
3
1
0
1
0
0
1
0
0
0
1
0
0
0
0
0
1
1
3
0
1
0
0
0
2
0
1
2
0
1
2
1
1
1
0
2
2
0
1
0
2
0
2
1
1
1
0
0
3
0
0
0
0
1
1
0
0
1
1
1
0
1
1
0
0
0
2
1
0
0
0
1
1
1
0
2
0
1
1
2
2
1
2
0
1
1
4
0
0
2
1
0
2
0
1
0
1
1
0
0
2
1
0
0
0
0
1
1
2
2
0
0
2
0
0
2
1
1
0
0
1
1
0
1
0
1
2
2
1
0
0
3
0
0
1
1
1
1
0
1
0
1
1
1
0
0
1
2
0
1
0
1
0
1
1
1
0
0
1
2
1
0
1
0
0
0
1
1
1
1
1
0
1
1
0
0
0
1
2
1
0
2
2
0
1
2
0
0
1
1
0
0
1
1
1
2
1
0
0
1
0
0
1
3
0
0
1
2
0
2
1
0
1
1
1
1
0
1
0
0
0
3
0
0
3
0
0
0
1
2
0
2
1
1
0
2
1
1
0
2
0
1
0
1
0
1
0
0
0
1
2
0
0
2
1
0
0
0
0
1
2
0
1
0
1
0
0
0
0
0
0
1
1
1
0
1
0
0
0
0
3
1
0
2
0
0
1
1
0
0
0
3
2
2
0
1
0
0
0
0
2
0
0
0
0
0
0
2
2
0
1
1
1
1
0
0
0
0
0
1
0
1
2
0
0
1
2
0
0
2
1
0
0
0
0
1
1
0
0
1
0
1
1
0
1
1
0
2
1
2
1
1
2
2
4
1
0
0
1
2
0
0
1
0
1
0
3
1
1
0
1
1
0
2
1
0
2
1
1
3
0
1
3
1
0
0
0
2
0
0
0
1
0
1
1
1
0
0
1
0
1
0
1
2
1
1
2
0
0
1
0
0
2
0
1
1
0
0
0
0
0
3
1
1
1
1
2
0
1
0
0
0
0
0
0
1
0
0
0
2
0
3
0
1
0
1
0
0
1
0
0
0
0
2
0
0
0
0
0
3
0
1
0
0
0
0
0
2
0
0
0
1
0
0
0
0
0
3
1
0
0
0
0
0
0
0
0
2
0
1
0
0
0
0
1
1
0
1
0
0
0
2
0
1
1
3
0
1
0
0
0
0
1
1
0
0
1
2
2
2
1
0
0
0
1
1
0
0
0
0
0
0
2
1
1
3
0
0
0
2
1
0
0
1
0
0
0
2
0
0
0
0
1
0
0
0
0
1
1
0
0
0
1
2
1
1
0
2
0
0
0
1
0
0
0
0
1
1
1
0
0
0
1
2
0
1
0
1
1
0
1
1
1
0
0
0
2
0
2
0
2
1
1
1
0
0
0
2
0
0
1
3
0
0
0
0
0
1
0
0
1
0
0
0
0
0
0
0
0
0
0
0
0
0
0
0
0
0
0
0
0
0
0
0
0
1
0
0
0
1
1
0
0
0
0
0
0
0
0
0
1
0
0
0
0
1
0
1
0
1
1
1
1
0
0
0
0
0
0
0
2
0
0
0
0
0
0
1
0
0
1
0
1
0
0
1
1
0
0
1
1
0
0
2
2
0
0
0
1
0
0
0
0
0
0
1
0
0
1
0
0
0
0
1
0
0
1
0
0
1
0
0
1
0
0
0
0
0
2
1
0
1
0
0
1
0
0
0
0
0
0
0
1
1
0
0
0
0
0
0
0
1
1
0
0
0
0
0
0
0
0
0
0
0
0
1
0
0
0
0
0
0
0
0
0
0
0
0
0
0
0
0
0
0
0
0
1
0
0
0
0
0
0
0
0
0
0
0
1
0
0
0
0
0
0
0
0
2
0
0
0
0
0
0
0
0
0
0
0
0
0
0
0
0
0
0
0
0
0
0
0
0
0
0
0
0
0
0
0
0
1
0
0
0
0
0
0
0
0
1
0
0
0
0
0
2
1
0
0
0
0
0
0
1
0
0
0
0
0
0
0
0
1
0
0
0
0
0
0
0
0
0
0
0
0
0
1
0
0
0
0
0
0
1
0
0
0
0
1
0
0
1
2
0
0
0
1
1
0
0
0
0
0
0
0
1
0
0
0
0
0
0
0
0
0
0
0
0
0
0
0
0
0
0
0
0
0
0
0
0
2
0
0
0
0
0
0
0
1
0
0
0
0
0
0
0
0
0
1
2
0
0
0
0
0
0
0
0
0
0
0
0
1
0
0
1
0
0
0
0
0
0
0
0
0
0
0
1
0
0
0
0
0
2
0
0
0
0
0
0
0
0
0
0
0
0
0
0
0
0
0
0
0
0
0
0
0
0
0
0
0
0
1
0
0
0
0
0
0
0
0
0
0
0
0
1
0
2
0
0
0
0
0
0
0
0
0
0
0
0
0
1
0
0
0
1
0
0
0
0
3
2
3
0
0
0
3
1
3
6
2
1
1
2
2
2
0
2
1
2
2
1
1
2
2
2
2
1
2
2
1
4
3
4
0
1
1
1
2
3
1
0
1
3
1
0
2
1
5
2
1
1
2
3
0
3
3
5
2
1
0
1
4
2
1
4
3
2
3
2
4
2
3
1
2
3
3
1
4
1
3
4
2
3
3
0
0
2
1
2
0
1
2
3
1
0
1
0
1
0
2
1
6
3
3
3
1
1
1
2
3
0
4
1
2
2
0
2
1
1
3
2
2
1
1
2
0
