0
0
0
0
0
0
0
0
1
0
0
0
0
0
0
0
0
0
0
1
0
0
0
0
0
0
0
0
0
0
0
0
1
0
0
0
0
0
0
0
0
0
0
0
0
0
0
0
0
0
0
0
0
0
0
0
0
0
0
0
0
0
0
0
0
0
0
0
0
0
0
0
0
0
0
0
0
0
0
0
0
0
0
0
0
0
0
0
0
0
0
0
0
0
0
0
0
0
0
0
0
0
0
0
0
0
1
0
0
0
1
0
0
0
0
0
0
0
0
0
0
0
1
0
0
0
1
0
0
1
0
0
0
0
1
0
0
0
1
0
0
0
0
0
1
0
0
0
0
0
0
0
0
0
1
1
0
0
0
0
0
1
10
43
149
218
300
339
332
300
332
316
295
289
294
287
287
242
289
279
264
218
221
285
243
234
212
223
216
200
192
195
215
174
206
186
171
162
162
179
186
160
177
147
146
154
145
146
128
138
158
145
152
135
143
139
136
122
162
134
127
137
121
122
121
122
128
120
136
98
132
114
131
132
132
117
117
120
132
125
109
156
142
132
131
132
124
119
115
141
141
127
135
126
99
118
112
134
119
130
125
121
165
143
120
100
108
134
129
101
121
117
117
133
127
137
123
120
111
136
113
112
123
141
131
119
111
120
126
130
141
133
130
132
141
135
126
121
117
132
117
117
127
139
133
133
135
146
127
103
128
121
126
126
127
147
123
140
127
131
142
131
132
140
131
138
105
102
139
125
109
129
128
128
103
155
99
127
124
115
141
144
125
128
130
124
114
130
129
114
128
122
124
123
119
157
148
118
118
112
135
136
117
138
132
127
130
111
134
141
112
118
130
141
133
111
91
122
129
131
127
125
135
123
133
123
126
140
131
129
121
118
132
122
133
151
141
133
124
129
133
141
129
128
125
125
144
139
135
127
130
147
112
122
143
123
114
145
140
126
124
133
122
143
136
137
113
120
142
137
141
113
123
128
143
122
129
147
123
131
143
143
130
140
131
150
121
150
141
117
137
140
134
99
109
118
128
129
143
117
140
120
134
140
122
141
131
132
122
123
123
125
123
115
111
132
141
121
121
123
113
155
136
116
115
116
133
132
114
122
106
112
124
143
121
142
125
139
121
144
133
138
125
110
147
134
122
141
119
129
148
113
132
123
143
124
142
136
131
136
126
135
134
144
120
125
114
121
125
117
131
139
119
144
134
128
114
130
121
114
124
116
119
116
127
139
116
120
136
116
124
118
124
137
144
136
118
123
154
119
125
136
149
132
128
133
122
129
121
133
140
118
133
117
123
131
147
142
116
144
136
144
114
113
125
126
122
124
110
122
120
121
116
120
118
120
118
124
139
125
124
136
136
111
139
125
131
121
116
120
138
122
130
143
140
140
144
133
126
155
131
139
146
147
123
129
130
122
139
146
136
144
126
144
145
136
119
156
136
129
143
137
119
140
131
126
122
136
147
140
140
137
133
136
124
111
134
127
139
125
148
128
132
107
142
130
138
124
137
123
131
137
130
133
112
136
118
164
154
126
148
123
124
130
127
151
117
144
137
125
148
117
124
141
123
121
143
133
130
125
122
120
142
148
144
136
121
127
140
140
134
134
139
144
126
134
129
151
122
134
123
128
143
140
122
140
138
127
146
137
130
143
127
136
120
117
136
133
133
114
140
142
138
135
132
136
137
148
133
154
115
124
143
131
136
101
133
132
152
140
120
115
129
142
112
163
146
135
133
137
124
141
128
123
135
118
128
127
146
134
147
132
136
165
119
131
131
117
147
138
150
133
126
149
130
130
130
140
118
150
130
149
150
141
144
141
160
122
160
134
143
162
144
137
151
120
149
126
117
131
147
122
141
152
152
136
125
152
127
169
141
133
134
135
134
161
141
155
129
135
148
150
139
133
138
158
140
149
145
132
147
147
161
151
146
129
135
137
150
137
140
162
160
146
122
130
141
124
134
132
174
136
126
135
130
158
175
151
149
151
148
144
120
140
128
138
141
151
134
143
137
126
133
140
133
139
153
139
144
139
154
146
137
134
148
139
131
151
150
150
137
117
119
146
150
138
141
163
130
134
166
163
155
140
152
144
159
158
151
148
149
148
160
148
150
147
158
152
143
128
163
158
123
169
151
158
153
158
159
146
135
163
167
136
164
175
192
164
157
166
156
149
182
153
182
162
164
155
170
182
153
170
175
156
168
159
171
169
155
184
165
180
189
186
189
177
172
171
178
169
180
170
188
172
135
200
200
183
184
176
203
177
174
176
207
215
208
194
197
190
191
194
191
186
194
195
179
160
198
194
162
156
175
192
184
221
181
176
204
197
164
194
194
205
190
196
187
187
203
202
196
194
193
186
173
204
188
197
197
165
176
228
193
184
189
192
168
169
180
185
180
193
171
176
196
205
190
203
191
200
192
208
191
202
192
188
198
183
177
199
196
178
174
184
181
175
177
179
173
172
167
179
203
184
175
202
198
173
166
199
154
185
202
157
188
194
170
174
177
177
175
182
172
166
187
161
192
171
196
204
158
173
185
156
160
173
165
175
148
165
189
186
174
182
183
164
157
149
191
175
167
154
183
161
144
175
172
172
186
160
150
170
176
157
169
176
147
180
166
156
149
173
172
164
143
186
166
138
167
153
167
176
161
177
155
197
173
146
173
136
149
136
158
167
158
126
169
151
158
153
123
170
163
150
150
155
169
146
132
145
164
143
137
168
168
148
140
163
144
165
138
162
165
130
159
161
152
150
176
143
167
144
153
163
164
128
153
169
149
127
139
148
151
146
164
136
157
155
167
139
164
134
148
192
135
143
147
146
128
162
147
157
132
127
138
142
163
157
145
138
126
147
130
136
149
151
131
136
147
170
153
153
148
140
131
148
118
132
134
137
148
126
133
128
149
130
138
141
131
140
163
132
152
179
129
154
142
149
147
137
151
139
135
137
121
154
137
139
146
141
149
137
134
131
156
137
124
137
152
146
125
155
132
121
139
129
135
139
119
133
146
112
126
121
120
135
128
124
143
138
138
137
121
131
138
133
123
119
141
123
128
131
138
119
134
124
129
109
144
134
135
137
116
128
118
131
139
140
139
120
128
131
112
132
130
142
127
121
126
138
133
142
140
149
132
119
116
134
143
117
131
133
119
126
129
132
118
153
141
136
145
121
121
128
113
104
111
132
124
127
150
125
123
114
130
133
152
132
136
114
141
166
121
125
142
126
139
120
114
138
140
142
121
116
110
125
128
132
110
121
126
154
124
117
149
118
105
111
119
114
132
123
122
136
129
126
121
114
135
123
127
118
147
109
123
120
122
142
123
125
123
115
122
108
124
126
142
130
112
136
120
110
113
110
121
121
126
111
138
114
128
116
135
129
124
138
130
128
115
127
117
135
137
129
120
124
121
129
121
118
126
133
141
130
125
122
118
114
126
116
126
130
127
114
164
115
124
111
101
120
140
116
123
105
125
117
119
103
140
125
128
129
113
115
111
133
117
132
122
124
125
138
117
118
129
105
113
125
114
103
107
114
143
127
134
111
114
110
104
112
120
120
124
110
118
133
126
115
103
129
116
126
122
113
121
98
122
129
128
126
127
106
114
128
126
95
106
137
134
115
113
115
113
113
127
130
125
115
108
117
111
111
131
115
92
134
108
106
111
124
107
130
98
125
132
132
104
118
100
92
115
126
110
111
125
121
104
122
115
115
102
126
121
122
116
105
106
99
111
117
112
113
123
109
119
124
113
125
110
97
114
129
114
114
115
129
126
124
105
133
118
114
102
98
115
126
128
129
130
111
118
117
127
137
114
98
107
125
116
117
140
106
114
107
128
124
107
100
120
117
112
105
105
126
134
126
115
131
131
111
111
110
112
94
100
130
123
132
106
117
108
103
106
112
123
129
118
103
119
115
110
99
106
89
134
121
124
128
117
107
101
99
113
115
101
122
102
105
105
99
103
125
101
102
110
114
111
120
108
113
99
117
90
89
107
130
107
133
130
101
107
113
96
98
113
97
117
104
116
110
129
109
110
114
113
107
114
126
110
99
107
122
109
151
129
115
110
113
116
109
121
90
113
109
125
114
105
111
131
106
118
112
107
127
117
110
106
107
110
99
107
100
114
117
106
107
118
119
111
115
105
105
100
101
118
113
130
118
102
111
119
109
102
106
134
96
103
100
109
105
113
118
104
96
140
112
108
129
126
102
112
108
104
115
102
101
128
108
111
118
136
113
123
108
99
116
108
119
116
102
134
100
93
108
93
123
104
128
111
107
100
113
104
114
117
103
100
111
113
104
79
100
116
95
114
105
103
97
113
112
101
95
110
122
98
100
117
104
104
117
90
118
111
113
119
110
129
99
115
102
119
113
134
124
109
112
103
107
103
114
111
122
109
77
122
96
108
105
103
90
116
111
123
124
101
109
118
101
118
109
110
112
103
123
97
106
113
101
113
134
94
102
107
118
105
106
116
103
130
126
128
110
131
95
116
112
118
114
99
106
104
108
105
101
94
112
108
104
114
116
93
99
107
127
112
100
104
106
111
123
113
123
98
104
123
94
120
114
100
98
100
102
107
115
98
100
107
108
100
128
105
110
113
113
112
114
128
123
109
100
123
102
104
102
82
126
111
105
96
111
95
105
113
106
111
123
121
106
113
109
109
112
104
96
103
125
111
115
124
118
122
114
126
123
100
128
89
102
103
112
106
116
109
100
102
107
106
133
108
110
120
125
119
113
124
117
91
112
119
84
103
117
103
103
110
99
98
105
108
116
109
114
111
118
119
96
127
94
90
98
109
92
94
80
132
126
103
110
130
102
121
114
100
95
115
108
113
117
104
112
109
111
101
104
98
90
108
119
121
119
113
109
117
119
114
94
105
116
105
96
127
100
97
114
139
107
128
115
100
116
98
116
106
103
117
101
88
110
126
95
98
105
129
110
98
119
120
116
99
100
105
112
104
108
116
107
116
142
116
111
107
114
95
123
108
127
114
128
99
106
116
95
99
101
115
98
109
107
104
101
105
116
105
125
111
131
117
109
97
101
93
110
136
122
102
103
115
106
133
118
106
108
116
115
111
101
115
114
96
123
123
120
96
94
112
121
118
118
114
102
111
112
119
112
117
102
110
109
108
99
111
94
91
113
100
117
114
101
95
112
124
98
108
96
113
94
111
101
105
117
105
105
94
107
111
111
118
110
103
116
118
104
98
121
116
120
103
110
120
90
117
106
105
139
118
107
102
101
109
107
113
100
95
134
103
111
101
124
108
119
94
87
95
117
100
99
125
114
77
97
117
120
115
115
95
107
104
115
100
107
102
100
116
105
111
126
106
112
108
100
118
106
110
124
114
113
93
109
102
101
106
98
104
89
111
103
106
94
104
104
116
106
98
101
94
89
100
118
96
86
99
101
94
105
107
104
89
77
106
85
90
103
101
93
101
87
93
95
107
95
86
104
96
109
102
96
110
95
101
99
73
82
110
95
92
87
72
99
106
83
92
86
82
81
85
98
86
77
86
91
86
96
86
91
87
91
109
85
89
108
87
105
88
86
91
85
88
75
97
72
80
93
89
82
81
89
74
89
84
71
83
101
63
95
70
63
66
65
78
71
81
80
76
59
85
76
72
73
105
84
74
84
80
91
70
80
66
61
70
89
88
78
73
50
80
83
67
83
71
66
68
74
46
67
69
75
60
69
70
68
72
79
61
62
72
67
59
77
67
68
60
65
59
77
69
51
62
62
67
55
66
57
64
75
66
58
55
75
60
64
60
54
56
61
47
49
56
72
64
51
39
49
48
56
29
50
59
46
55
42
33
49
45
47
46
52
48
39
54
50
49
51
47
49
51
43
54
49
47
43
58
49
58
44
43
60
62
37
38
52
53
43
37
35
52
46
58
43
47
40
45
43
56
48
38
31
40
42
44
38
33
44
42
32
52
42
35
46
43
40
45
32
43
30
32
42
49
34
46
41
43
35
37
35
36
37
45
36
37
29
30
35
35
26
35
39
33
39
32
33
29
24
41
27
29
34
36
26
26
33
41
29
36
30
33
38
34
31
32
43
29
31
35
39
35
38
36
37
28
34
39
36
32
24
31
30
36
43
33
33
38
39
26
38
33
29
30
28
39
38
22
26
28
30
36
34
28
23
26
22
36
23
37
36
38
37
24
28
22
32
25
25
33
25
25
34
31
36
21
34
23
24
28
23
34
26
33
31
38
30
38
30
26
35
38
28
26
27
29
26
38
29
33
31
24
34
31
29
15
20
26
28
21
28
23
25
21
30
33
30
19
25
32
27
33
40
28
24
15
25
22
37
25
16
15
29
37
28
20
18
29
20
25
31
20
29
28
28
25
18
25
33
24
25
17
29
20
28
19
24
16
21
19
29
30
24
26
23
25
23
22
25
24
25
24
23
21
24
27
25
26
20
35
22
19
30
26
24
29
24
30
18
20
24
27
23
28
22
28
19
23
29
20
25
30
32
25
23
30
19
16
18
28
31
22
22
20
22
27
21
28
34
29
22
20
26
23
23
20
15
25
23
23
29
27
23
28
28
25
22
31
20
19
18
16
10
24
24
30
19
19
17
26
30
23
28
26
28
19
23
17
18
22
22
25
25
33
21
24
24
25
23
22
34
16
25
21
18
18
26
19
22
19
32
13
20
26
34
26
26
29
22
16
29
26
26
18
24
22
21
20
16
29
31
19
19
22
22
21
24
19
30
22
25
28
23
20
18
28
18
29
23
19
20
23
24
18
23
29
21
18
27
22
29
21
28
15
25
20
27
18
24
24
22
23
23
20
30
22
25
19
25
11
28
26
26
30
24
19
16
24
28
28
33
28
22
28
20
23
23
27
28
19
18
21
20
27
20
23
28
29
23
31
25
23
17
18
30
22
33
30
26
29
21
30
40
25
30
30
26
29
29
32
27
26
24
25
16
24
29
27
22
30
26
22
29
28
30
30
25
32
34
38
28
31
24
31
25
30
26
32
24
22
45
29
27
41
29
17
31
35
31
31
30
34
30
36
28
36
40
30
34
34
31
38
40
26
33
41
26
33
38
36
30
29
45
33
36
36
30
38
31
31
34
45
33
30
36
31
23
39
28
32
41
48
42
46
41
45
44
34
35
42
42
48
39
38
46
45
39
50
45
43
42
50
43
43
43
56
39
53
51
44
50
40
46
52
55
44
35
55
48
53
50
42
50
49
59
61
38
51
49
50
58
51
55
52
54
50
61
54
57
63
63
67
58
76
69
49
66
55
63
57
68
67
53
69
60
73
57
66
69
65
74
65
65
67
62
75
78
72
75
73
73
64
85
69
85
90
74
89
86
78
74
101
86
87
81
95
87
112
93
85
98
89
93
112
100
94
115
124
101
95
104
107
92
105
116
106
111
118
97
135
91
104
106
106
118
113
119
122
118
102
101
131
139
116
143
138
141
121
130
115
122
141
145
137
154
152
143
152
130
134
127
153
142
138
148
147
165
163
159
164
172
194
167
175
171
171
170
182
160
162
190
216
175
180
183
182
220
178
209
203
202
187
198
202
201
234
214
214
249
210
200
223
202
220
243
219
214
242
256
246
259
267
252
243
248
255
250
254
265
276
287
266
266
279
289
306
284
278
279
291
283
318
293
311
321
327
297
322
282
299
317
311
307
359
344
349
329
330
309
349
353
332
378
338
358
382
368
364
357
369
368
377
349
392
403
364
369
369
394
419
412
430
419
419
371
411
411
420
420
456
458
427
440
455
410
449
468
480
444
455
490
452
462
486
467
490
496
482
501
479
499
501
488
519
525
536
464
478
548
513
542
543
532
496
526
482
555
487
543
538
553
558
541
575
569
566
550
533
547
537
577
558
526
578
541
583
585
577
573
561
589
577
604
538
595
588
569
578
581
603
587
583
598
561
610
554
651
619
626
594
648
636
635
613
626
580
601
642
647
591
600
633
627
626
600
595
615
574
615
573
635
637
667
547
679
622
596
590
616
602
597
618
578
595
612
632
578
591
613
623
605
620
588
571
619
600
624
619
613
553
612
586
607
606
546
623
578
573
579
601
589
584
620
601
584
567
551
557
544
581
541
530
600
564
597
576
573
527
545
572
530
546
523
558
552
521
530
531
538
504
488
531
489
456
496
502
500
504
455
513
485
453
487
436
481
448
468
420
423
466
432
462
455
462
431
446
435
424
406
441
431
352
405
402
368
369
405
400
367
374
365
368
357
353
338
326
386
363
347
399
320
308
332
304
312
321
319
281
268
293
274
297
284
302
273
260
306
257
311
271
276
295
255
279
270
243
247
255
262
247
234
214
265
240
207
236
209
193
208
192
188
206
219
207
190
186
183
191
160
175
197
186
169
184
187
140
147
161
138
163
158
153
151
138
162
144
124
122
131
132
138
140
111
108
126
140
121
111
113
130
106
105
100
97
103
92
87
100
98
90
86
90
81
87
80
75
88
68
80
69
67
81
72
63
76
65
76
67
58
60
50
62
39
58
64
60
46
48
52
47
48
43
47
35
38
57
50
37
35
36
29
45
40
31
28
40
40
32
37
20
34
29
29
26
34
30
34
24
24
24
18
20
25
17
27
20
29
31
28
20
21
15
17
23
25
20
21
22
19
19
18
13
15
15
16
24
13
14
13
18
17
15
6
13
12
13
9
14
11
7
15
12
8
8
10
10
8
7
16
7
11
10
6
11
8
8
12
6
8
9
6
4
15
12
3
6
10
6
6
10
8
4
5
5
6
7
6
9
12
8
7
8
5
6
8
5
4
6
6
7
6
5
11
4
7
4
4
11
8
4
3
3
8
2
7
3
7
5
7
6
4
4
5
7
7
9
5
6
4
3
4
4
2
6
3
3
3
5
12
2
4
2
4
3
2
5
1
8
5
3
7
5
1
6
2
4
4
1
4
7
5
4
3
3
7
4
3
10
6
5
5
4
3
7
4
2
5
6
4
3
7
5
6
2
4
9
3
4
4
2
2
3
3
8
2
3
7
5
1
4
3
3
3
7
6
2
7
4
4
2
2
1
7
1
2
6
7
4
5
4
10
4
2
3
8
4
1
5
1
1
7
1
3
3
1
6
3
3
5
4
4
3
5
4
6
6
4
5
3
6
2
2
5
5
3
4
3
4
3
3
6
2
2
2
2
3
3
0
4
6
0
5
5
2
2
7
5
5
5
0
3
3
4
3
6
4
2
2
7
3
3
8
1
2
4
5
2
5
7
5
3
1
6
5
3
2
3
1
3
1
3
6
4
1
6
6
3
2
4
7
2
6
2
6
4
6
2
4
4
2
3
2
7
3
3
2
5
3
2
6
3
1
2
2
3
0
4
6
7
10
1
3
2
3
0
4
3
3
2
3
1
3
1
4
2
0
1
2
3
3
4
4
5
4
2
4
2
3
3
3
4
2
4
9
6
7
3
5
2
2
0
2
4
3
2
4
2
2
2
5
5
3
1
4
4
4
1
2
3
1
2
3
3
4
5
3
0
3
3
6
4
7
2
3
3
3
4
1
2
1
3
5
1
3
2
4
0
3
0
2
1
3
2
4
0
2
3
3
5
3
7
7
11
6
1
2
2
4
2
4
2
4
4
2
2
2
1
2
3
0
4
4
3
4
4
4
1
4
1
4
3
2
2
2
8
7
2
5
5
2
2
1
1
9
6
4
3
4
1
3
3
4
2
1
0
5
4
4
2
4
4
2
3
5
1
3
7
3
1
2
3
3
5
3
4
3
1
3
2
3
2
1
3
3
4
3
1
3
2
2
3
4
0
1
5
2
3
3
2
3
3
0
6
4
7
5
1
2
3
5
4
3
3
2
2
5
4
4
3
5
2
3
6
4
2
1
2
4
0
1
1
4
0
2
1
3
2
6
7
1
4
2
3
0
2
1
3
3
2
1
3
5
2
3
2
2
5
4
1
5
1
3
4
1
0
1
3
2
2
3
2
2
2
4
7
2
3
3
2
4
2
4
3
4
6
2
3
4
1
0
2
4
4
4
2
3
5
3
2
4
2
5
2
1
2
7
0
0
5
1
2
1
4
1
2
2
4
2
3
4
5
3
4
1
4
1
3
1
3
2
2
3
6
1
7
1
4
3
0
0
3
4
2
0
4
3
1
2
2
4
0
1
2
2
3
0
3
1
3
2
2
5
3
4
2
2
5
3
4
6
4
0
3
1
2
3
0
2
3
1
5
1
2
6
3
1
2
1
6
3
4
5
3
1
1
2
3
3
3
3
6
3
3
3
0
1
2
5
4
2
2
4
2
1
0
4
3
6
3
1
0
1
3
2
4
2
3
3
5
5
3
1
5
2
3
4
2
2
1
2
3
1
1
2
3
1
3
1
2
2
2
3
1
2
5
5
3
1
5
2
3
3
4
2
6
2
0
4
2
1
2
0
2
2
5
0
0
2
5
1
0
1
3
0
2
2
1
1
3
2
1
4
2
1
3
2
1
3
5
1
0
3
4
4
7
5
1
4
2
2
4
4
0
8
2
2
3
1
1
1
3
2
3
8
3
3
1
2
1
3
2
1
2
0
4
2
2
1
3
2
4
3
1
3
3
2
2
3
3
3
1
0
3
3
4
2
1
2
1
4
2
3
2
2
2
2
3
1
2
3
6
2
3
3
2
1
1
2
1
1
2
8
3
2
1
5
4
1
4
0
2
0
2
2
4
3
0
2
0
0
4
1
2
4
1
4
0
1
0
1
7
3
3
1
3
2
0
4
5
4
0
3
3
0
1
3
3
0
4
1
4
4
1
1
4
3
1
3
1
2
3
0
2
4
2
3
2
2
2
1
2
3
0
1
5
3
7
4
1
0
0
2
1
2
3
2
3
3
2
4
2
2
3
4
1
3
0
3
2
2
1
3
3
3
4
1
1
2
2
3
4
3
4
1
3
3
1
0
1
0
1
2
5
4
2
2
3
4
1
4
2
2
3
2
3
2
3
1
2
0
3
3
3
1
4
1
2
3
0
1
1
2
0
2
3
1
3
2
3
5
3
2
0
4
2
5
0
4
3
3
2
3
2
0
5
3
1
1
3
2
2
1
2
1
1
1
1
3
4
0
2
1
4
2
1
4
2
1
5
1
1
5
2
1
1
3
3
0
1
1
2
2
4
2
0
0
0
2
1
2
2
1
3
3
3
3
2
2
1
5
3
0
2
2
4
1
1
0
1
4
2
1
0
1
1
5
1
1
1
0
1
5
1
1
1
2
0
1
1
2
3
3
0
2
4
0
0
4
1
7
1
4
4
3
2
4
3
5
2
3
0
2
0
3
2
0
4
3
3
2
0
5
3
3
1
1
0
0
4
1
3
1
2
2
1
2
4
1
1
1
2
3
1
3
2
4
0
4
1
3
2
5
3
2
2
0
2
1
3
3
3
4
2
1
2
0
3
4
1
3
1
3
2
1
0
4
2
0
3
1
3
3
2
4
3
4
2
2
1
3
4
2
2
3
1
1
1
0
0
1
1
3
1
3
3
1
2
3
0
1
1
5
0
3
2
1
3
0
2
3
0
3
1
1
2
1
2
3
3
0
2
1
3
2
3
0
2
0
1
3
1
1
3
2
2
2
1
0
3
2
3
2
1
0
2
1
1
5
0
1
2
2
2
2
2
0
2
3
2
0
2
4
2
1
3
2
1
2
1
4
2
1
2
1
1
1
1
1
4
3
3
1
3
0
5
4
0
2
2
6
2
1
1
1
1
3
2
1
1
1
0
1
1
1
0
1
3
4
1
2
4
4
3
3
4
3
1
4
1
1
2
0
0
1
1
1
1
0
3
2
2
1
2
4
2
0
2
1
2
1
2
1
0
1
1
1
1
1
3
3
0
3
1
2
0
2
4
3
2
4
1
1
1
4
1
0
1
1
1
0
1
3
1
2
5
1
4
3
1
3
3
1
2
2
1
3
0
1
3
1
3
0
1
1
1
0
2
2
1
1
3
2
2
2
1
0
1
1
0
3
3
0
0
2
5
1
3
0
2
1
2
1
0
3
3
1
1
1
0
0
1
1
2
0
3
1
0
2
1
0
1
0
0
4
2
0
2
3
1
1
0
2
4
1
3
2
2
1
1
2
0
0
1
2
2
2
2
0
1
1
1
1
2
0
0
2
1
2
0
1
3
0
2
3
1
0
2
0
2
1
1
0
1
0
0
5
2
1
1
2
1
1
1
0
3
3
4
2
2
0
7
0
0
1
4
1
0
2
0
1
0
1
3
0
3
1
2
5
2
3
4
1
2
5
2
2
2
4
1
1
0
1
1
3
1
0
0
2
0
3
1
0
2
2
0
2
0
1
3
3
2
0
0
1
3
1
0
1
0
1
1
3
5
1
2
0
2
0
1
0
0
1
3
1
3
0
1
2
4
3
0
0
0
0
1
1
1
0
2
2
1
4
1
2
2
1
1
1
2
1
2
0
3
1
2
0
2
0
1
2
1
0
0
4
1
0
1
2
1
1
5
3
0
2
0
1
2
1
2
2
2
0
1
1
1
0
2
1
5
1
0
1
3
3
1
1
3
0
0
1
2
2
3
0
2
3
1
0
1
3
3
3
2
0
2
2
3
2
0
2
1
1
1
0
0
2
0
0
1
0
0
1
0
1
1
0
2
0
0
0
0
2
1
2
4
1
3
1
0
3
1
1
1
0
2
1
1
2
0
2
2
1
0
0
1
1
3
1
2
1
0
2
1
1
2
1
0
1
1
1
1
1
0
1
2
1
0
2
3
0
1
3
1
0
2
2
2
2
1
0
1
1
2
2
1
0
2
0
0
0
2
0
0
3
0
0
1
0
3
1
1
1
0
1
2
1
3
1
2
1
1
2
2
2
1
1
1
2
0
1
1
1
0
0
1
1
2
1
0
3
1
3
3
2
2
1
2
4
1
3
0
2
2
2
2
3
2
0
0
2
0
0
0
0
0
1
1
0
2
2
2
1
0
1
2
1
5
2
0
1
1
1
0
0
1
1
0
1
3
1
2
3
2
1
0
1
1
2
0
4
1
1
0
1
1
1
0
1
2
1
2
1
0
0
1
0
3
1
0
1
2
1
1
1
0
3
1
1
1
0
0
1
2
2
4
2
1
2
1
2
0
0
1
3
0
2
3
3
1
0
2
2
2
1
2
1
0
2
1
1
2
1
1
2
3
1
1
2
3
0
2
2
1
2
0
0
1
1
0
1
1
0
2
2
2
1
2
3
2
0
2
0
0
0
0
0
2
0
0
1
1
1
2
0
1
2
4
3
1
1
2
1
2
3
0
1
0
0
0
1
0
0
0
1
0
0
3
0
0
2
0
3
0
0
0
1
1
0
2
0
0
1
1
2
1
0
2
4
0
1
0
1
1
0
0
3
1
1
0
0
0
0
3
0
1
2
1
3
2
2
2
1
1
2
1
1
1
0
1
1
1
0
1
2
0
4
0
2
1
1
1
3
3
1
0
1
0
1
1
2
2
1
0
1
6
1
0
0
3
0
0
0
1
1
1
0
2
0
1
2
0
1
3
1
0
2
0
0
0
0
1
2
1
1
1
0
0
4
0
2
1
1
1
0
0
0
2
0
1
0
1
0
1
1
1
0
0
1
0
0
1
1
0
1
1
1
3
1
1
0
2
0
0
1
1
1
1
0
1
1
1
1
2
1
2
0
0
0
1
2
0
2
0
2
0
1
1
1
2
1
2
1
0
2
1
1
0
0
0
1
1
0
3
2
1
2
0
0
1
0
2
1
1
1
4
0
1
0
2
0
0
0
0
0
1
0
2
2
1
3
1
1
0
1
1
1
2
3
0
1
1
0
1
2
2
0
1
0
4
1
1
3
1
1
0
1
0
1
1
0
1
1
0
0
0
2
1
1
1
0
1
0
0
0
0
2
1
1
1
2
0
0
0
1
1
1
3
1
0
0
0
1
1
1
2
0
2
0
0
1
2
0
0
2
0
1
2
1
1
2
1
0
0
1
1
2
0
0
0
1
2
0
0
3
3
1
1
1
0
1
0
0
1
0
0
0
0
0
1
1
0
0
3
0
0
2
2
1
0
1
2
0
0
2
0
0
0
0
0
2
1
2
0
1
1
1
0
3
0
1
3
0
1
0
2
0
2
0
1
1
1
0
1
1
2
0
0
2
0
1
1
0
0
0
0
1
0
0
2
3
1
0
1
3
1
0
1
0
0
1
0
0
1
0
0
0
1
0
0
1
2
0
1
2
2
1
0
2
1
2
1
0
0
1
1
1
1
1
1
0
1
0
0
1
0
0
0
1
1
1
0
0
1
2
1
1
0
2
1
0
1
2
1
1
1
0
0
0
0
0
0
2
2
0
2
1
1
1
0
0
1
0
0
2
2
0
0
2
1
2
1
2
0
0
0
0
0
0
0
1
1
0
1
0
0
1
0
1
2
0
2
0
0
3
1
0
1
2
2
0
0
0
0
1
0
0
1
1
0
2
2
0
2
0
1
1
1
1
2
1
1
1
2
0
0
0
0
1
0
1
0
2
0
1
1
2
1
2
1
3
0
2
0
2
0
0
0
1
1
1
3
2
0
0
1
2
0
0
1
1
2
1
0
0
1
1
1
0
1
4
2
0
0
0
3
2
1
0
0
2
0
0
0
2
2
0
0
1
2
2
0
1
2
0
1
1
0
2
1
3
0
2
0
0
3
0
1
1
0
3
0
0
1
0
1
0
1
1
1
1
2
2
5
0
1
1
1
2
1
2
2
1
1
0
0
3
0
1
0
0
0
0
0
2
0
0
0
1
0
1
1
0
2
2
0
0
0
2
1
2
0
0
1
0
0
0
1
1
0
0
2
0
0
2
0
2
0
0
0
4
1
2
1
1
0
2
0
0
2
1
0
2
0
0
0
1
0
0
3
1
2
2
3
1
0
2
2
0
3
0
1
2
0
0
3
0
1
1
2
0
1
0
0
1
1
0
0
0
0
1
1
1
0
1
0
3
0
0
0
0
1
1
1
1
0
1
0
0
0
1
2
0
1
0
0
2
0
1
0
1
1
2
1
1
2
2
0
1
3
0
2
0
3
1
1
0
1
3
0
0
2
1
0
1
0
1
0
1
0
1
0
1
0
1
0
1
1
2
1
1
1
1
1
0
1
0
1
0
1
0
0
3
0
1
2
1
0
1
2
1
2
0
0
0
0
0
0
1
0
2
0
1
0
1
1
0
1
1
2
1
1
1
0
1
1
2
0
1
0
3
1
1
0
1
1
2
0
1
1
1
2
0
0
1
0
1
0
1
0
0
1
0
3
1
0
0
0
2
0
0
0
1
3
1
3
0
3
0
1
0
0
1
3
1
0
3
1
1
0
2
1
1
4
0
2
1
2
0
0
0
2
2
1
1
4
1
0
1
0
4
0
0
5
0
1
1
2
2
3
0
2
0
0
1
1
3
0
1
1
2
1
0
2
1
1
2
2
0
1
2
1
0
0
1
1
2
1
2
2
1
2
5
1
0
1
0
0
0
2
3
2
0
1
0
3
2
3
4
0
2
4
0
0
0
1
2
0
0
2
1
0
3
1
1
0
3
2
1
1
4
0
1
0
0
4
2
0
2
2
0
1
3
4
0
1
1
1
0
0
0
1
3
1
2
2
1
1
1
1
2
0
0
3
1
0
2
1
0
3
1
1
1
2
1
1
1
1
1
0
1
2
0
0
1
2
3
1
1
1
3
2
0
0
5
1
2
1
2
3
2
0
3
0
1
0
1
3
0
3
1
0
1
0
3
1
1
1
1
0
1
1
1
1
1
1
0
0
2
1
0
1
1
1
2
1
1
1
3
1
2
1
0
2
0
1
0
1
1
0
0
3
1
0
0
0
1
1
0
1
3
1
2
1
2
1
1
4
0
1
2
0
0
2
1
0
0
0
1
1
0
0
1
0
0
1
1
2
2
2
0
0
2
0
0
1
2
1
0
2
0
1
1
1
1
0
1
0
0
0
0
1
1
0
1
0
1
1
2
1
1
2
1
0
0
2
0
0
1
2
0
0
0
0
1
0
0
2
1
0
1
0
1
1
3
0
3
0
0
0
1
0
1
1
0
0
2
1
0
0
1
2
0
0
0
0
0
0
1
1
0
2
0
0
1
0
0
0
0
0
2
0
1
1
0
1
0
0
1
1
0
0
0
1
0
1
0
0
1
0
0
1
0
0
0
0
0
0
0
0
0
0
0
0
0
0
0
2
0
1
0
1
0
1
0
0
1
0
0
0
1
1
2
0
0
1
0
0
0
1
0
1
0
1
0
0
0
1
0
1
0
0
0
0
1
0
0
0
2
0
0
0
0
0
0
1
0
1
0
0
0
0
0
0
1
0
0
0
0
1
0
0
0
1
0
0
0
1
0
2
0
0
0
1
0
0
0
1
0
0
0
0
0
0
0
0
0
0
2
1
0
0
1
0
0
0
1
0
0
0
0
1
0
0
0
1
0
0
0
0
0
0
0
0
1
1
0
0
0
0
0
0
0
0
1
0
0
0
0
0
0
1
0
0
0
0
0
0
0
0
0
0
0
0
0
0
0
0
0
0
0
0
0
1
0
2
0
0
2
0
0
2
0
0
0
0
1
0
0
1
0
0
0
0
0
1
0
0
1
0
2
0
1
0
0
0
0
0
0
0
2
1
0
0
0
0
0
0
0
0
0
0
0
0
0
1
0
0
0
1
1
1
1
0
1
1
0
0
0
2
1
1
0
1
0
0
0
0
0
1
0
0
1
0
2
3
0
1
0
0
1
0
0
0
0
1
0
0
0
0
1
0
0
0
0
0
2
1
0
1
0
0
0
0
1
0
0
1
0
0
0
1
0
0
0
0
0
1
3
0
0
1
0
1
0
0
1
1
0
1
0
1
0
0
0
0
0
0
0
0
0
0
1
2
1
0
0
0
2
1
2
0
0
0
0
1
0
0
0
0
0
2
2
1
0
0
0
0
0
1
0
0
0
0
1
2
0
1
0
0
0
0
0
0
0
0
1
0
0
0
0
2
0
1
1
0
0
0
1
0
1
0
0
1
1
0
0
0
1
0
0
0
0
2
1
0
1
0
0
1
0
0
0
0
1
1
0
0
0
0
1
0
0
0
0
2
1
0
1
0
0
1
1
1
0
0
0
0
1
0
0
0
0
0
1
0
1
1
0
0
0
1
0
0
0
0
0
0
0
0
0
0
0
0
0
1
0
1
0
1
0
1
1
0
0
0
1
0
0
0
0
0
1
0
0
0
0
1
1
0
0
0
0
0
1
0
0
0
1
0
0
2
0
0
0
0
1
1
0
1
0
1
0
2
1
1
0
0
1
0
1
1
0
0
0
0
0
0
0
0
0
0
1
0
0
0
0
0
1
0
0
0
0
1
0
2
0
2
0
0
0
0
0
0
0
0
0
3
0
0
0
0
0
1
1
1
0
0
0
0
0
0
0
0
0
1
0
0
0
1
0
0
0
0
0
0
1
0
0
1
0
0
0
0
0
0
0
0
0
0
0
1
1
0
0
1
0
0
0
0
0
0
1
0
0
0
0
0
0
0
0
0
0
0
1
0
0
1
0
0
0
0
0
0
0
0
0
0
0
1
0
0
0
0
0
0
0
0
1
0
0
0
0
0
1
0
0
1
0
0
0
0
0
0
0
0
0
1
1
1
0
0
0
0
0
0
1
0
0
0
0
0
0
0
1
0
0
2
0
1
0
0
0
0
0
0
0
0
0
0
0
0
0
0
0
0
0
0
0
0
0
0
1
0
0
0
0
0
0
0
1
0
0
0
0
0
0
0
0
0
0
0
1
0
0
0
0
0
0
0
0
0
0
0
0
0
0
0
0
0
1
0
0
0
0
0
0
0
0
0
0
0
0
0
0
0
0
0
0
0
0
0
0
0
0
0
0
0
0
0
1
0
0
0
0
0
0
0
0
0
0
0
0
0
0
0
0
0
0
0
0
0
0
0
0
0
0
0
0
0
0
1
0
0
0
0
0
0
0
0
0
0
0
0
0
0
0
0
0
0
0
0
0
0
0
0
0
0
0
0
0
0
0
0
0
0
0
0
0
0
0
0
0
0
1
0
0
0
0
0
0
0
0
0
0
0
0
0
0
0
0
0
0
0
0
0
0
0
0
0
0
0
0
0
0
0
0
0
0
0
0
0
0
0
0
0
0
0
0
0
0
0
0
0
0
0
0
0
0
0
0
0
3
3
2
4
4
2
4
4
0
4
4
1
6
2
3
0
3
2
4
3
2
2
3
2
2
4
4
5
2
1
1
4
2
4
3
2
4
4
4
2
3
4
1
3
2
4
1
7
2
1
6
3
2
2
4
4
2
2
4
4
1
4
2
1
4
2
2
3
2
1
3
2
2
4
2
2
6
2
2
3
6
2
1
4
1
2
3
3
2
2
5
4
1
4
2
3
4
4
4
2
5
1
2
3
5
3
0
4
2
1
1
2
5
2
2
4
1
1
3
3
2
3
3
5
3
3
3
2
